Start Time:  17-03-2025 11:31:17          Time Completed:  17-03-2025 12:21:31      Elapsed Time:  00:50:13
Sample ID:     

Experiment:    C:\IDEASVSM\LS_QC\Experiments\MvsH_1\MvsH_1.exp
Data File:     C:\IDEASVSM\LS_QC\Patron_SP3.txt
Plot File:     C:\IDEASVSM\LS_QC\Patron_SP3.oc2
VSM Exp File:  C:\IDEASVSM\LS_QC\Experiments\MvsH_1\MvsH_1.stp
VSM Data File: C:\IDEASVSM\LS_QC\Patron_SP3.dat

***DATA***

Field(G)	 Moment(emu)	
 18693.9 	 0.132335 	
 18000 	 0.1333 	
 17000 	 0.131474 	
 16000 	 0.131588 	
 15000 	 0.130004 	
 14001.4 	 0.131947 	
 12999.5 	 0.13026 	
 12002 	 0.135347 	
 11002.3 	 0.133732 	
 9999.99 	 0.13395 	
 9000.02 	 0.134095 	
 8000 	 0.134154 	
 7000 	 0.131986 	
 5999.98 	 0.131892 	
 4999.99 	 0.131319 	
 4000 	 0.129914 	
 3000.3 	 0.127635 	
 1999.99 	 0.124542 	
 1000.01 	 0.114382 	
 950.003 	 0.11266 	
 899.991 	 0.110782 	
 850.004 	 0.108199 	
 799.991 	 0.110049 	
 749.993 	 0.110839 	
 700.007 	 0.109593 	
 649.994 	 0.107645 	
 599.99 	 0.105722 	
 549.996 	 0.103245 	
 499.994 	 0.104194 	
 449.995 	 0.101355 	
 399.999 	 0.0958782 	
 350.024 	 0.0922184 	
 299.997 	 0.0874178 	
 249.994 	 0.081771 	
 199.984 	 0.0745331 	
 190.007 	 0.0718925 	
 179.989 	 0.0706729 	
 170.006 	 0.0689305 	
 159.993 	 0.0671346 	
 149.995 	 0.0651985 	
 140 	 0.0631846 	
 130.011 	 0.0609421 	
 120 	 0.0588005 	
 109.998 	 0.0566639 	
 99.9993 	 0.0543166 	
 89.9995 	 0.0519845 	
 79.9971 	 0.0493119 	
 69.9904 	 0.046934 	
 59.9897 	 0.0444368 	
 49.9984 	 0.0418272 	
 39.9919 	 0.0391657 	
 30.0007 	 0.0364013 	
 19.9874 	 0.0335517 	
 18.0056 	 0.0326857 	
 16.0028 	 0.0318419 	
 13.9938 	 0.0310305 	
 11.9952 	 0.0301907 	
 9.99392 	 0.0293672 	
 7.99393 	 0.0285982 	
 5.99848 	 0.0278203 	
 4.00454 	 0.0270397 	
 1.9979 	 0.0262676 	
-0.0010658 	 0.0255148 	
-1.99915 	 0.0247797 	
-4.00154 	 0.0240386 	
-5.99957 	 0.023293 	
-7.99617 	 0.0225806 	
-10.0067 	 0.0218574 	
-12.0063 	 0.0211265 	
-14.0051 	 0.0203912 	
-16.0029 	 0.0196731 	
-17.9914 	 0.0180833 	
-20.0017 	 0.0174862 	
-29.9978 	 0.0145536 	
-40.0039 	 0.0112905 	
-49.9974 	 0.00781508 	
-59.9902 	 0.00383892 	
-69.9979 	-0.000121733 	
-80.0001 	-0.00442686 	
-90.009 	-0.00867078 	
-99.9983 	-0.0126259 	
-110.004 	-0.016762 	
-120.005 	-0.0210544 	
-130.014 	-0.0252871 	
-140.005 	-0.0294062 	
-150.005 	-0.0335641 	
-160.004 	-0.0375689 	
-169.999 	-0.0414953 	
-180.005 	-0.0453399 	
-190.007 	-0.0488835 	
-199.998 	-0.0524157 	
-250.002 	-0.0678925 	
-299.996 	-0.0793484 	
-350.004 	-0.0884502 	
-400.002 	-0.0957877 	
-449.992 	-0.102045 	
-499.999 	-0.107099 	
-549.99 	-0.111161 	
-600.01 	-0.114834 	
-649.992 	-0.118001 	
-699.997 	-0.120638 	
-749.997 	-0.122997 	
-800.005 	-0.124987 	
-850.004 	-0.126755 	
-900.01 	-0.128358 	
-950.002 	-0.129771 	
-1000.01 	-0.130923 	
-2000.01 	-0.141647 	
-3000.01 	-0.144799 	
-4000.04 	-0.146591 	
-5000.01 	-0.147325 	
-5999.99 	-0.147637 	
-7000.02 	-0.147764 	
-7999.98 	-0.148126 	
-9000 	-0.147992 	
-9999.99 	-0.148244 	
-11000 	-0.148441 	
-12000 	-0.148433 	
-13000 	-0.148671 	
-14000 	-0.148773 	
-15000 	-0.148721 	
-16000 	-0.148796 	
-17000 	-0.148765 	
-18000 	-0.148755 	
-18720 	-0.148768 	
-18000 	-0.14891 	
-17000 	-0.148878 	
-16000 	-0.148565 	
-15000 	-0.148574 	
-14000 	-0.148529 	
-13000 	-0.148524 	
-12000 	-0.148396 	
-11000 	-0.148077 	
-10000 	-0.148062 	
-8999.99 	-0.147791 	
-7999.99 	-0.147621 	
-6999.98 	-0.147245 	
-6000 	-0.147063 	
-4999.98 	-0.146745 	
-4000 	-0.145976 	
-2999.82 	-0.144259 	
-1999.99 	-0.141687 	
-999.989 	-0.131555 	
-949.988 	-0.13033 	
-899.993 	-0.129177 	
-850.003 	-0.127784 	
-800.002 	-0.126224 	
-749.993 	-0.124034 	
-699.999 	-0.122056 	
-649.997 	-0.120187 	
-600.003 	-0.117868 	
-550.001 	-0.114943 	
-499.998 	-0.111767 	
-449.996 	-0.108381 	
-399.996 	-0.104223 	
-349.967 	-0.0990868 	
-299.998 	-0.0938865 	
-250.002 	-0.087655 	
-200.003 	-0.0799628 	
-189.991 	-0.0781018 	
-179.989 	-0.0761128 	
-170.003 	-0.0742128 	
-160.001 	-0.0721233 	
-150.005 	-0.0700168 	
-140.006 	-0.0678442 	
-129.992 	-0.0657001 	
-120.009 	-0.0634413 	
-110.001 	-0.0610252 	
-99.9942 	-0.0584895 	
-90.0017 	-0.0560043 	
-79.9967 	-0.0533928 	
-69.9938 	-0.050557 	
-59.9877 	-0.0479541 	
-49.9989 	-0.0451857 	
-40.0022 	-0.0423732 	
-30.0032 	-0.0395334 	
-20.0024 	-0.0365886 	
-18.0085 	-0.0356254 	
-16.0013 	-0.0347576 	
-13.9988 	-0.0339027 	
-12.0046 	-0.0330809 	
-10.0023 	-0.0322494 	
-7.99267 	-0.0314495 	
-5.99786 	-0.0306502 	
-3.99001 	-0.0298309 	
-1.99713 	-0.0290363 	
 0.0000980578 	-0.0281968 	
 1.99304 	-0.0273649 	
 3.99261 	-0.0265212 	
 5.99607 	-0.0257196 	
 7.997 	-0.0249139 	
 10.0042 	-0.0241195 	
 12.0028 	-0.023309 	
 14.0041 	-0.0225076 	
 16.0006 	-0.0217253 	
 17.999 	-0.0203096 	
 20.0058 	-0.0196654 	
 30.0049 	-0.0157243 	
 40.0029 	-0.0126164 	
 50.0069 	-0.00903861 	
 59.9932 	-0.00524928 	
 69.9975 	-0.00103414 	
 79.9999 	 0.00285508 	
 89.9909 	 0.0074895 	
 100.011 	 0.0114432 	
 110.004 	 0.0157188 	
 119.991 	 0.0200331 	
 130.005 	 0.0243511 	
 139.994 	 0.0286767 	
 150.001 	 0.032847 	
 159.99 	 0.0369088 	
 170.012 	 0.0409105 	
 179.998 	 0.0447047 	
 190.01 	 0.048432 	
 200.004 	 0.052024 	
 249.997 	 0.0678555 	
 299.998 	 0.0795285 	
 350.007 	 0.0889681 	
 400.003 	 0.0965521 	
 450.008 	 0.102816 	
 499.998 	 0.107898 	
 550.001 	 0.112147 	
 600.004 	 0.11585 	
 650.004 	 0.119004 	
 700.004 	 0.121742 	
 750.009 	 0.123911 	
 800.01 	 0.126139 	
 850.002 	 0.127922 	
 900.009 	 0.12942 	
 950.011 	 0.130941 	
 999.998 	 0.132165 	
 2000 	 0.143461 	
 3000.01 	 0.146705 	
 4000.02 	 0.148033 	
 5000.03 	 0.149129 	
 6000 	 0.149385 	
 7000.02 	 0.149261 	
 8000 	 0.149544 	
 9000 	 0.149863 	
 9999.99 	 0.149946 	
 11000 	 0.149978 	
 12000 	 0.15015 	
 13000 	 0.150272 	
 14000 	 0.150165 	
 15000 	 0.15023 	
 16000 	 0.150285 	
 17000 	 0.150267 	
 18000 	 0.150322 	
 18692.7 	 0.15015 	

	
	
