# Temperatura_=_20.0
# Concentracion g/m^3_=_18000.0
# C_Vs_to_Am_M_A/Vsm_=_116720831517.84952
# pendiente_HvsI_1/m_=_3716.3
# ordenada_HvsI_A/m_=_1297.0
# frecuencia_Hz_=_108098.19158985562
# Promedio de 23 ciclos

Tiempo_(s)	Campo_(V.s)	Magnetizacion_(V.s)	Campo_(kA/m)	Magnetizacion_(A/m)
0.000000e+00	-7.023248e-09	-7.613703e-09	-5.692764e+01	-8.849395e+02
1.000000e-08	-7.023422e-09	-7.612987e-09	-5.692905e+01	-8.849041e+02
2.000000e-08	-7.023426e-09	-7.615928e-09	-5.692909e+01	-8.848553e+02
3.000000e-08	-7.023223e-09	-7.619026e-09	-5.692744e+01	-8.847940e+02
4.000000e-08	-7.022752e-09	-7.620586e-09	-5.692363e+01	-8.847207e+02
5.000000e-08	-7.021911e-09	-7.622424e-09	-5.691681e+01	-8.846362e+02
6.000000e-08	-7.020624e-09	-7.620822e-09	-5.690637e+01	-8.845411e+02
7.000000e-08	-7.018861e-09	-7.608879e-09	-5.689209e+01	-8.844358e+02
8.000000e-08	-7.016562e-09	-7.600929e-09	-5.687345e+01	-8.843210e+02
9.000000e-08	-7.013738e-09	-7.623280e-09	-5.685056e+01	-8.841972e+02
1.000000e-07	-7.010459e-09	-7.654361e-09	-5.682399e+01	-8.840648e+02
1.100000e-07	-7.006817e-09	-7.637247e-09	-5.679446e+01	-8.839241e+02
1.200000e-07	-7.002940e-09	-7.582115e-09	-5.676304e+01	-8.837755e+02
1.300000e-07	-6.998899e-09	-7.584116e-09	-5.673028e+01	-8.836194e+02
1.400000e-07	-6.994667e-09	-7.632674e-09	-5.669598e+01	-8.834558e+02
1.500000e-07	-6.990165e-09	-7.589954e-09	-5.665949e+01	-8.832851e+02
1.600000e-07	-6.985329e-09	-7.583433e-09	-5.662029e+01	-8.831072e+02
1.700000e-07	-6.980164e-09	-7.708057e-09	-5.657843e+01	-8.829223e+02
1.800000e-07	-6.974664e-09	-7.667920e-09	-5.653385e+01	-8.827303e+02
1.900000e-07	-6.968843e-09	-7.576352e-09	-5.648666e+01	-8.825312e+02
2.000000e-07	-6.962734e-09	-7.692154e-09	-5.643714e+01	-8.823249e+02
2.100000e-07	-6.956277e-09	-7.692636e-09	-5.638481e+01	-8.821111e+02
2.200000e-07	-6.949453e-09	-7.573963e-09	-5.632949e+01	-8.818897e+02
2.300000e-07	-6.942314e-09	-7.644500e-09	-5.627163e+01	-8.816603e+02
2.400000e-07	-6.934877e-09	-7.668379e-09	-5.621135e+01	-8.814228e+02
2.500000e-07	-6.927178e-09	-7.565384e-09	-5.614894e+01	-8.811767e+02
2.600000e-07	-6.919282e-09	-7.618626e-09	-5.608494e+01	-8.809215e+02
2.700000e-07	-6.911219e-09	-7.650336e-09	-5.601958e+01	-8.806570e+02
2.800000e-07	-6.902913e-09	-7.555332e-09	-5.595226e+01	-8.803826e+02
2.900000e-07	-6.894318e-09	-7.579923e-09	-5.588259e+01	-8.800979e+02
3.000000e-07	-6.885394e-09	-7.601398e-09	-5.581026e+01	-8.798023e+02
3.100000e-07	-6.876006e-09	-7.549305e-09	-5.573416e+01	-8.794953e+02
3.200000e-07	-6.866071e-09	-7.581593e-09	-5.565364e+01	-8.791765e+02
3.300000e-07	-6.855643e-09	-7.603880e-09	-5.556911e+01	-8.788453e+02
3.400000e-07	-6.844801e-09	-7.575016e-09	-5.548123e+01	-8.785011e+02
3.500000e-07	-6.833576e-09	-7.594216e-09	-5.539024e+01	-8.781436e+02
3.600000e-07	-6.822015e-09	-7.592734e-09	-5.529653e+01	-8.777721e+02
3.700000e-07	-6.810160e-09	-7.551715e-09	-5.520045e+01	-8.773861e+02
3.800000e-07	-6.797997e-09	-7.566689e-09	-5.510185e+01	-8.769853e+02
3.900000e-07	-6.785516e-09	-7.567443e-09	-5.500069e+01	-8.765691e+02
4.000000e-07	-6.772686e-09	-7.543081e-09	-5.489670e+01	-8.761373e+02
4.100000e-07	-6.759485e-09	-7.554520e-09	-5.478969e+01	-8.756893e+02
4.200000e-07	-6.745928e-09	-7.558319e-09	-5.467981e+01	-8.752250e+02
4.300000e-07	-6.732030e-09	-7.545975e-09	-5.456715e+01	-8.747439e+02
4.400000e-07	-6.717760e-09	-7.543066e-09	-5.445149e+01	-8.742459e+02
4.500000e-07	-6.703063e-09	-7.540812e-09	-5.433236e+01	-8.737307e+02
4.600000e-07	-6.687883e-09	-7.523724e-09	-5.420932e+01	-8.731983e+02
4.700000e-07	-6.672174e-09	-7.522586e-09	-5.408199e+01	-8.726485e+02
4.800000e-07	-6.656017e-09	-7.527298e-09	-5.395102e+01	-8.720813e+02
4.900000e-07	-6.639452e-09	-7.515242e-09	-5.381675e+01	-8.714967e+02
5.000000e-07	-6.622508e-09	-7.510776e-09	-5.367941e+01	-8.708948e+02
5.100000e-07	-6.605308e-09	-7.507376e-09	-5.354000e+01	-8.702757e+02
5.200000e-07	-6.587881e-09	-7.501481e-09	-5.339875e+01	-8.696396e+02
5.300000e-07	-6.570202e-09	-7.498305e-09	-5.325544e+01	-8.689866e+02
5.400000e-07	-6.552273e-09	-7.494434e-09	-5.311012e+01	-8.683172e+02
5.500000e-07	-6.534076e-09	-7.487161e-09	-5.296262e+01	-8.676315e+02
5.600000e-07	-6.515571e-09	-7.482879e-09	-5.281263e+01	-8.669300e+02
5.700000e-07	-6.496758e-09	-7.477926e-09	-5.266014e+01	-8.662131e+02
5.800000e-07	-6.477644e-09	-7.465521e-09	-5.250521e+01	-8.654812e+02
5.900000e-07	-6.458258e-09	-7.456795e-09	-5.234807e+01	-8.647347e+02
6.000000e-07	-6.438656e-09	-7.447156e-09	-5.218918e+01	-8.639743e+02
6.100000e-07	-6.418861e-09	-7.439480e-09	-5.202873e+01	-8.632003e+02
6.200000e-07	-6.398903e-09	-7.434379e-09	-5.186696e+01	-8.624135e+02
6.300000e-07	-6.378792e-09	-7.427854e-09	-5.170395e+01	-8.616142e+02
6.400000e-07	-6.358504e-09	-7.419866e-09	-5.153950e+01	-8.608031e+02
6.500000e-07	-6.337988e-09	-7.411944e-09	-5.137321e+01	-8.599808e+02
6.600000e-07	-6.317197e-09	-7.405390e-09	-5.120468e+01	-8.591478e+02
6.700000e-07	-6.296125e-09	-7.392378e-09	-5.103389e+01	-8.583047e+02
6.800000e-07	-6.274765e-09	-7.380938e-09	-5.086075e+01	-8.574520e+02
6.900000e-07	-6.253128e-09	-7.370949e-09	-5.068537e+01	-8.565903e+02
7.000000e-07	-6.231223e-09	-7.363846e-09	-5.050782e+01	-8.557201e+02
7.100000e-07	-6.209035e-09	-7.360535e-09	-5.032797e+01	-8.548418e+02
7.200000e-07	-6.186577e-09	-7.355618e-09	-5.014593e+01	-8.539559e+02
7.300000e-07	-6.163831e-09	-7.350425e-09	-4.996156e+01	-8.530628e+02
7.400000e-07	-6.140779e-09	-7.342606e-09	-4.977471e+01	-8.521628e+02
7.500000e-07	-6.117445e-09	-7.335223e-09	-4.958558e+01	-8.512563e+02
7.600000e-07	-6.093882e-09	-7.325427e-09	-4.939458e+01	-8.503435e+02
7.700000e-07	-6.070127e-09	-7.312643e-09	-4.920203e+01	-8.494247e+02
7.800000e-07	-6.046166e-09	-7.298444e-09	-4.900781e+01	-8.484999e+02
7.900000e-07	-6.021978e-09	-7.288357e-09	-4.881176e+01	-8.475693e+02
8.000000e-07	-5.997522e-09	-7.285385e-09	-4.861352e+01	-8.466329e+02
8.100000e-07	-5.972731e-09	-7.282040e-09	-4.841258e+01	-8.456907e+02
8.200000e-07	-5.947534e-09	-7.276979e-09	-4.820834e+01	-8.447426e+02
8.300000e-07	-5.921903e-09	-7.269250e-09	-4.800059e+01	-8.437883e+02
8.400000e-07	-5.895821e-09	-7.260978e-09	-4.778918e+01	-8.428278e+02
8.500000e-07	-5.869290e-09	-7.250631e-09	-4.757413e+01	-8.418607e+02
8.600000e-07	-5.842383e-09	-7.237152e-09	-4.735603e+01	-8.408867e+02
8.700000e-07	-5.815166e-09	-7.222989e-09	-4.713542e+01	-8.399054e+02
8.800000e-07	-5.787673e-09	-7.210677e-09	-4.691258e+01	-8.389163e+02
8.900000e-07	-5.759938e-09	-7.202890e-09	-4.668777e+01	-8.379189e+02
9.000000e-07	-5.732011e-09	-7.196782e-09	-4.646141e+01	-8.369127e+02
9.100000e-07	-5.703916e-09	-7.190447e-09	-4.623368e+01	-8.358970e+02
9.200000e-07	-5.675627e-09	-7.182450e-09	-4.600438e+01	-8.348712e+02
9.300000e-07	-5.647115e-09	-7.175187e-09	-4.577327e+01	-8.338346e+02
9.400000e-07	-5.618382e-09	-7.167040e-09	-4.554037e+01	-8.327866e+02
9.500000e-07	-5.589434e-09	-7.155823e-09	-4.530573e+01	-8.317263e+02
9.600000e-07	-5.560248e-09	-7.144814e-09	-4.506916e+01	-8.306530e+02
9.700000e-07	-5.530828e-09	-7.135219e-09	-4.483070e+01	-8.295659e+02
9.800000e-07	-5.501183e-09	-7.128477e-09	-4.459041e+01	-8.284643e+02
9.900000e-07	-5.471320e-09	-7.122462e-09	-4.434835e+01	-8.273473e+02
1.000000e-06	-5.441227e-09	-7.114190e-09	-4.410443e+01	-8.262142e+02
1.010000e-06	-5.410904e-09	-7.102686e-09	-4.385864e+01	-8.250641e+02
1.020000e-06	-5.380388e-09	-7.091039e-09	-4.361129e+01	-8.238964e+02
1.030000e-06	-5.349652e-09	-7.080816e-09	-4.336216e+01	-8.227103e+02
1.040000e-06	-5.318690e-09	-7.069494e-09	-4.311119e+01	-8.215049e+02
1.050000e-06	-5.287524e-09	-7.056093e-09	-4.285857e+01	-8.202798e+02
1.060000e-06	-5.256149e-09	-7.040545e-09	-4.260426e+01	-8.190342e+02
1.070000e-06	-5.224575e-09	-7.027345e-09	-4.234833e+01	-8.177675e+02
1.080000e-06	-5.192795e-09	-7.016167e-09	-4.209073e+01	-8.164791e+02
1.090000e-06	-5.160800e-09	-7.004709e-09	-4.183140e+01	-8.151687e+02
1.100000e-06	-5.128612e-09	-6.993320e-09	-4.157049e+01	-8.138355e+02
1.110000e-06	-5.096216e-09	-6.983011e-09	-4.130790e+01	-8.124794e+02
1.120000e-06	-5.063566e-09	-6.974153e-09	-4.104325e+01	-8.111000e+02
1.130000e-06	-5.030610e-09	-6.963727e-09	-4.077612e+01	-8.096969e+02
1.140000e-06	-4.997315e-09	-6.950713e-09	-4.050626e+01	-8.082700e+02
1.150000e-06	-4.963672e-09	-6.935433e-09	-4.023355e+01	-8.068191e+02
1.160000e-06	-4.929659e-09	-6.921021e-09	-3.995786e+01	-8.053442e+02
1.170000e-06	-4.895286e-09	-6.907736e-09	-3.967924e+01	-8.038452e+02
1.180000e-06	-4.860579e-09	-6.895170e-09	-3.939793e+01	-8.023222e+02
1.190000e-06	-4.825586e-09	-6.882666e-09	-3.911429e+01	-8.007752e+02
1.200000e-06	-4.790324e-09	-6.868684e-09	-3.882847e+01	-7.992046e+02
1.210000e-06	-4.754824e-09	-6.855325e-09	-3.854072e+01	-7.976103e+02
1.220000e-06	-4.719140e-09	-6.840951e-09	-3.825148e+01	-7.959929e+02
1.230000e-06	-4.683269e-09	-6.824159e-09	-3.796072e+01	-7.943526e+02
1.240000e-06	-4.647227e-09	-6.806572e-09	-3.766858e+01	-7.926897e+02
1.250000e-06	-4.611042e-09	-6.790703e-09	-3.737528e+01	-7.910047e+02
1.260000e-06	-4.574705e-09	-6.776392e-09	-3.708074e+01	-7.892980e+02
1.270000e-06	-4.538207e-09	-6.761660e-09	-3.678490e+01	-7.875702e+02
1.280000e-06	-4.501546e-09	-6.744658e-09	-3.648775e+01	-7.858216e+02
1.290000e-06	-4.464695e-09	-6.725027e-09	-3.618905e+01	-7.840529e+02
1.300000e-06	-4.427664e-09	-6.706355e-09	-3.588889e+01	-7.822646e+02
1.310000e-06	-4.390475e-09	-6.689384e-09	-3.558745e+01	-7.804571e+02
1.320000e-06	-4.353098e-09	-6.672455e-09	-3.528449e+01	-7.786311e+02
1.330000e-06	-4.315509e-09	-6.655538e-09	-3.497981e+01	-7.767870e+02
1.340000e-06	-4.277723e-09	-6.639411e-09	-3.467353e+01	-7.749253e+02
1.350000e-06	-4.239741e-09	-6.624097e-09	-3.436566e+01	-7.730464e+02
1.360000e-06	-4.201570e-09	-6.606929e-09	-3.405626e+01	-7.711508e+02
1.370000e-06	-4.163223e-09	-6.586161e-09	-3.374544e+01	-7.692390e+02
1.380000e-06	-4.124701e-09	-6.565408e-09	-3.343319e+01	-7.673111e+02
1.390000e-06	-4.086003e-09	-6.548090e-09	-3.311952e+01	-7.653674e+02
1.400000e-06	-4.047129e-09	-6.532510e-09	-3.280443e+01	-7.634083e+02
1.410000e-06	-4.008092e-09	-6.515337e-09	-3.248801e+01	-7.614338e+02
1.420000e-06	-3.968906e-09	-6.496847e-09	-3.217038e+01	-7.594440e+02
1.430000e-06	-3.929563e-09	-6.480597e-09	-3.185148e+01	-7.574388e+02
1.440000e-06	-3.890055e-09	-6.467093e-09	-3.153125e+01	-7.554183e+02
1.450000e-06	-3.850410e-09	-6.451978e-09	-3.120990e+01	-7.533821e+02
1.460000e-06	-3.810628e-09	-6.432657e-09	-3.088744e+01	-7.513300e+02
1.470000e-06	-3.770689e-09	-6.411262e-09	-3.056371e+01	-7.492617e+02
1.480000e-06	-3.730583e-09	-6.391547e-09	-3.023862e+01	-7.471765e+02
1.490000e-06	-3.690319e-09	-6.374690e-09	-2.991226e+01	-7.450741e+02
1.500000e-06	-3.649880e-09	-6.358117e-09	-2.958448e+01	-7.429537e+02
1.510000e-06	-3.609245e-09	-6.338577e-09	-2.925511e+01	-7.408145e+02
1.520000e-06	-3.568399e-09	-6.318415e-09	-2.892403e+01	-7.386556e+02
1.530000e-06	-3.527337e-09	-6.301645e-09	-2.859120e+01	-7.364762e+02
1.540000e-06	-3.486092e-09	-6.285424e-09	-2.825688e+01	-7.342750e+02
1.550000e-06	-3.444650e-09	-6.265544e-09	-2.792097e+01	-7.320511e+02
1.560000e-06	-3.402978e-09	-6.241883e-09	-2.758320e+01	-7.298031e+02
1.570000e-06	-3.361079e-09	-6.218197e-09	-2.724358e+01	-7.275298e+02
1.580000e-06	-3.318976e-09	-6.196636e-09	-2.690231e+01	-7.252296e+02
1.590000e-06	-3.276666e-09	-6.175419e-09	-2.655937e+01	-7.229013e+02
1.600000e-06	-3.234135e-09	-6.154726e-09	-2.621463e+01	-7.205432e+02
1.610000e-06	-3.191405e-09	-6.133982e-09	-2.586828e+01	-7.181537e+02
1.620000e-06	-3.148509e-09	-6.114693e-09	-2.552058e+01	-7.157313e+02
1.630000e-06	-3.105462e-09	-6.097303e-09	-2.517166e+01	-7.132743e+02
1.640000e-06	-3.062265e-09	-6.077118e-09	-2.482152e+01	-7.107809e+02
1.650000e-06	-3.018937e-09	-6.052480e-09	-2.447032e+01	-7.082495e+02
1.660000e-06	-2.975482e-09	-6.028730e-09	-2.411809e+01	-7.056783e+02
1.670000e-06	-2.931904e-09	-6.009828e-09	-2.376486e+01	-7.030655e+02
1.680000e-06	-2.888198e-09	-5.989478e-09	-2.341060e+01	-7.004095e+02
1.690000e-06	-2.844367e-09	-5.963675e-09	-2.305532e+01	-6.977085e+02
1.700000e-06	-2.800451e-09	-5.935675e-09	-2.269936e+01	-6.949609e+02
1.710000e-06	-2.756442e-09	-5.911076e-09	-2.234264e+01	-6.921649e+02
1.720000e-06	-2.712316e-09	-5.889851e-09	-2.198497e+01	-6.893190e+02
1.730000e-06	-2.668100e-09	-5.867189e-09	-2.162657e+01	-6.864216e+02
1.740000e-06	-2.623811e-09	-5.840691e-09	-2.126758e+01	-6.834713e+02
1.750000e-06	-2.579411e-09	-5.811514e-09	-2.090769e+01	-6.804665e+02
1.760000e-06	-2.534871e-09	-5.783368e-09	-2.054667e+01	-6.774060e+02
1.770000e-06	-2.490233e-09	-5.756431e-09	-2.018485e+01	-6.742884e+02
1.780000e-06	-2.445521e-09	-5.728144e-09	-1.982244e+01	-6.711127e+02
1.790000e-06	-2.400711e-09	-5.697304e-09	-1.945922e+01	-6.678778e+02
1.800000e-06	-2.355797e-09	-5.667169e-09	-1.909516e+01	-6.645826e+02
1.810000e-06	-2.310779e-09	-5.640166e-09	-1.873027e+01	-6.612263e+02
1.820000e-06	-2.265667e-09	-5.611935e-09	-1.836461e+01	-6.578082e+02
1.830000e-06	-2.220453e-09	-5.579270e-09	-1.799813e+01	-6.543276e+02
1.840000e-06	-2.175111e-09	-5.543084e-09	-1.763060e+01	-6.507840e+02
1.850000e-06	-2.129650e-09	-5.507904e-09	-1.726211e+01	-6.471770e+02
1.860000e-06	-2.084076e-09	-5.475947e-09	-1.689270e+01	-6.435062e+02
1.870000e-06	-2.038406e-09	-5.444185e-09	-1.652252e+01	-6.397715e+02
1.880000e-06	-1.992641e-09	-5.408185e-09	-1.615157e+01	-6.359728e+02
1.890000e-06	-1.946786e-09	-5.369878e-09	-1.577989e+01	-6.321101e+02
1.900000e-06	-1.900853e-09	-5.335273e-09	-1.540758e+01	-6.281835e+02
1.910000e-06	-1.854808e-09	-5.302098e-09	-1.503435e+01	-6.241933e+02
1.920000e-06	-1.808662e-09	-5.266804e-09	-1.466031e+01	-6.201398e+02
1.930000e-06	-1.762468e-09	-5.230077e-09	-1.428588e+01	-6.160233e+02
1.940000e-06	-1.716196e-09	-5.194322e-09	-1.391082e+01	-6.118443e+02
1.950000e-06	-1.669810e-09	-5.160069e-09	-1.353483e+01	-6.076033e+02
1.960000e-06	-1.623335e-09	-5.124091e-09	-1.315812e+01	-6.033009e+02
1.970000e-06	-1.576816e-09	-5.085579e-09	-1.278105e+01	-5.989378e+02
1.980000e-06	-1.530277e-09	-5.044843e-09	-1.240383e+01	-5.945145e+02
1.990000e-06	-1.483695e-09	-5.004068e-09	-1.202626e+01	-5.900318e+02
2.000000e-06	-1.437050e-09	-4.964388e-09	-1.164817e+01	-5.854903e+02
2.010000e-06	-1.390347e-09	-4.923246e-09	-1.126962e+01	-5.808908e+02
2.020000e-06	-1.343592e-09	-4.878948e-09	-1.089064e+01	-5.762338e+02
2.030000e-06	-1.296797e-09	-4.833473e-09	-1.051134e+01	-5.715200e+02
2.040000e-06	-1.249979e-09	-4.792003e-09	-1.013185e+01	-5.667499e+02
2.050000e-06	-1.203116e-09	-4.752902e-09	-9.751996e+00	-5.619242e+02
2.060000e-06	-1.156194e-09	-4.712043e-09	-9.371663e+00	-5.570432e+02
2.070000e-06	-1.109221e-09	-4.668648e-09	-8.990918e+00	-5.521074e+02
2.080000e-06	-1.062204e-09	-4.624875e-09	-8.609817e+00	-5.471169e+02
2.090000e-06	-1.015148e-09	-4.582579e-09	-8.228401e+00	-5.420721e+02
2.100000e-06	-9.680675e-10	-4.539809e-09	-7.846786e+00	-5.369729e+02
2.110000e-06	-9.209451e-10	-4.494398e-09	-7.464830e+00	-5.318192e+02
2.120000e-06	-8.737796e-10	-4.446664e-09	-7.082525e+00	-5.266108e+02
2.130000e-06	-8.265838e-10	-4.400011e-09	-6.699975e+00	-5.213474e+02
2.140000e-06	-7.793457e-10	-4.355132e-09	-6.317081e+00	-5.160285e+02
2.150000e-06	-7.320613e-10	-4.310507e-09	-5.933812e+00	-5.106533e+02
2.160000e-06	-6.847404e-10	-4.264837e-09	-5.550248e+00	-5.052209e+02
2.170000e-06	-6.373698e-10	-4.218916e-09	-5.166280e+00	-4.997304e+02
2.180000e-06	-5.899477e-10	-4.174164e-09	-4.781896e+00	-4.941805e+02
2.190000e-06	-5.425008e-10	-4.127812e-09	-4.397309e+00	-4.885698e+02
2.200000e-06	-4.950358e-10	-4.078430e-09	-4.012576e+00	-4.828967e+02
2.210000e-06	-4.475567e-10	-4.026502e-09	-3.627728e+00	-4.771595e+02
2.220000e-06	-4.000582e-10	-3.974931e-09	-3.242724e+00	-4.713562e+02
2.230000e-06	-3.525242e-10	-3.925591e-09	-2.857433e+00	-4.654846e+02
2.240000e-06	-3.049576e-10	-3.876204e-09	-2.471876e+00	-4.595424e+02
2.250000e-06	-2.573829e-10	-3.823973e-09	-2.086254e+00	-4.535272e+02
2.260000e-06	-2.098142e-10	-3.769153e-09	-1.700680e+00	-4.474363e+02
2.270000e-06	-1.622660e-10	-3.715208e-09	-1.315272e+00	-4.412670e+02
2.280000e-06	-1.147278e-10	-3.661211e-09	-9.299464e-01	-4.350162e+02
2.290000e-06	-6.718570e-11	-3.607043e-09	-5.445882e-01	-4.286809e+02
2.300000e-06	-1.962419e-11	-3.552426e-09	-1.590729e-01	-4.222580e+02
2.310000e-06	2.794126e-11	-3.496010e-09	2.264738e-01	-4.157440e+02
2.320000e-06	7.548000e-11	-3.439602e-09	6.118041e-01	-4.091357e+02
2.330000e-06	1.230079e-10	-3.381637e-09	9.970470e-01	-4.024296e+02
2.340000e-06	1.705080e-10	-3.322416e-09	1.382065e+00	-3.956222e+02
2.350000e-06	2.179833e-10	-3.263307e-09	1.766882e+00	-3.887099e+02
2.360000e-06	2.654542e-10	-3.204421e-09	2.151663e+00	-3.816893e+02
2.370000e-06	3.128996e-10	-3.144551e-09	2.536237e+00	-3.745566e+02
2.380000e-06	3.603189e-10	-3.082916e-09	2.920600e+00	-3.673085e+02
2.390000e-06	4.077162e-10	-3.019401e-09	3.304785e+00	-3.599414e+02
2.400000e-06	4.550934e-10	-2.954821e-09	3.688807e+00	-3.524519e+02
2.410000e-06	5.024621e-10	-2.890483e-09	4.072760e+00	-3.448367e+02
2.420000e-06	5.498178e-10	-2.823354e-09	4.456608e+00	-3.370926e+02
2.430000e-06	5.971418e-10	-2.755198e-09	4.840198e+00	-3.292165e+02
2.440000e-06	6.444352e-10	-2.687026e-09	5.223541e+00	-3.212056e+02
2.450000e-06	6.917121e-10	-2.618606e-09	5.606749e+00	-3.130570e+02
2.460000e-06	7.389807e-10	-2.549508e-09	5.989889e+00	-3.047684e+02
2.470000e-06	7.862382e-10	-2.474939e-09	6.372940e+00	-2.963373e+02
2.480000e-06	8.334762e-10	-2.396024e-09	6.755832e+00	-2.877618e+02
2.490000e-06	8.806973e-10	-2.316796e-09	7.138588e+00	-2.790400e+02
2.500000e-06	9.278917e-10	-2.240361e-09	7.521127e+00	-2.701705e+02
2.510000e-06	9.750254e-10	-2.166326e-09	7.903174e+00	-2.611520e+02
2.520000e-06	1.022121e-09	-2.092106e-09	8.284915e+00	-2.519836e+02
2.530000e-06	1.069197e-09	-2.014941e-09	8.666488e+00	-2.426649e+02
2.540000e-06	1.116247e-09	-1.933257e-09	9.047858e+00	-2.331957e+02
2.550000e-06	1.163239e-09	-1.849694e-09	9.428761e+00	-2.235760e+02
2.560000e-06	1.210168e-09	-1.763612e-09	9.809146e+00	-2.138064e+02
2.570000e-06	1.257061e-09	-1.674970e-09	1.018924e+01	-2.038879e+02
2.580000e-06	1.303907e-09	-1.585731e-09	1.056896e+01	-1.938218e+02
2.590000e-06	1.350703e-09	-1.497190e-09	1.094827e+01	-1.836097e+02
2.600000e-06	1.397452e-09	-1.410352e-09	1.132719e+01	-1.732537e+02
2.610000e-06	1.444120e-09	-1.322899e-09	1.170547e+01	-1.627565e+02
2.620000e-06	1.490693e-09	-1.233185e-09	1.208297e+01	-1.521208e+02
2.630000e-06	1.537199e-09	-1.141292e-09	1.245993e+01	-1.413500e+02
2.640000e-06	1.583637e-09	-1.046863e-09	1.283634e+01	-1.304478e+02
2.650000e-06	1.630000e-09	-9.508762e-10	1.321214e+01	-1.194182e+02
2.660000e-06	1.676276e-09	-8.549753e-10	1.358724e+01	-1.082659e+02
2.670000e-06	1.722458e-09	-7.586017e-10	1.396156e+01	-9.699557e+01
2.680000e-06	1.768544e-09	-6.610670e-10	1.433512e+01	-8.561249e+01
2.690000e-06	1.814549e-09	-5.623609e-10	1.470802e+01	-7.412224e+01
2.700000e-06	1.860480e-09	-4.622816e-10	1.508032e+01	-6.253071e+01
2.710000e-06	1.906302e-09	-3.615113e-10	1.545173e+01	-5.084413e+01
2.720000e-06	1.952016e-09	-2.594230e-10	1.582228e+01	-3.906903e+01
2.730000e-06	1.997650e-09	-1.557003e-10	1.619217e+01	-2.721223e+01
2.740000e-06	2.043192e-09	-5.151594e-11	1.656131e+01	-1.528078e+01
2.750000e-06	2.088639e-09	5.272425e-11	1.692969e+01	-3.282009e+00
2.760000e-06	2.133996e-09	1.582201e-10	1.729733e+01	8.776566e+00
2.770000e-06	2.179232e-09	2.655800e-10	1.766400e+01	2.088723e+01
2.780000e-06	2.224360e-09	3.728046e-10	1.802978e+01	3.304209e+01
2.790000e-06	2.269396e-09	4.787883e-10	1.839483e+01	4.523313e+01
2.800000e-06	2.314368e-09	5.828500e-10	1.875936e+01	5.745221e+01
2.810000e-06	2.359274e-09	6.874173e-10	1.912334e+01	6.969112e+01
2.820000e-06	2.404060e-09	7.923656e-10	1.948636e+01	8.194158e+01
2.830000e-06	2.448746e-09	8.959946e-10	1.984857e+01	9.419527e+01
2.840000e-06	2.493371e-09	1.000805e-09	2.021028e+01	1.064439e+02
2.850000e-06	2.537930e-09	1.106595e-09	2.057146e+01	1.186792e+02
2.860000e-06	2.582394e-09	1.211640e-09	2.093187e+01	1.308928e+02
2.870000e-06	2.626757e-09	1.314636e-09	2.129146e+01	1.430768e+02
2.880000e-06	2.671029e-09	1.417794e-09	2.165030e+01	1.552230e+02
2.890000e-06	2.715239e-09	1.521351e-09	2.200866e+01	1.673235e+02
2.900000e-06	2.759381e-09	1.623777e-09	2.236646e+01	1.793706e+02
2.910000e-06	2.803419e-09	1.725631e-09	2.272341e+01	1.913567e+02
2.920000e-06	2.847347e-09	1.826271e-09	2.307947e+01	2.032744e+02
2.930000e-06	2.891157e-09	1.925975e-09	2.343458e+01	2.151167e+02
2.940000e-06	2.934851e-09	2.024472e-09	2.378875e+01	2.268767e+02
2.950000e-06	2.978402e-09	2.123311e-09	2.414176e+01	2.385477e+02
2.960000e-06	3.021818e-09	2.223597e-09	2.449366e+01	2.501235e+02
2.970000e-06	3.065118e-09	2.323607e-09	2.484464e+01	2.615980e+02
2.980000e-06	3.108277e-09	2.420704e-09	2.519447e+01	2.729656e+02
2.990000e-06	3.151239e-09	2.513943e-09	2.554270e+01	2.842209e+02
3.000000e-06	3.193991e-09	2.605183e-09	2.588923e+01	2.953588e+02
3.010000e-06	3.236508e-09	2.694452e-09	2.623386e+01	3.063748e+02
3.020000e-06	3.278791e-09	2.782964e-09	2.657659e+01	3.172645e+02
3.030000e-06	3.320870e-09	2.871227e-09	2.691766e+01	3.280241e+02
3.040000e-06	3.362728e-09	2.958773e-09	2.725694e+01	3.386499e+02
3.050000e-06	3.404343e-09	3.046282e-09	2.759425e+01	3.491387e+02
3.060000e-06	3.445693e-09	3.132521e-09	2.792942e+01	3.594879e+02
3.070000e-06	3.486799e-09	3.216460e-09	2.826260e+01	3.696949e+02
3.080000e-06	3.527715e-09	3.298469e-09	2.859425e+01	3.797577e+02
3.090000e-06	3.568465e-09	3.380632e-09	2.892456e+01	3.896746e+02
3.100000e-06	3.609027e-09	3.461422e-09	2.925334e+01	3.994442e+02
3.110000e-06	3.649427e-09	3.539293e-09	2.958080e+01	4.090657e+02
3.120000e-06	3.689711e-09	3.615766e-09	2.990733e+01	4.185383e+02
3.130000e-06	3.729856e-09	3.692315e-09	3.023273e+01	4.278618e+02
3.140000e-06	3.769856e-09	3.769931e-09	3.055695e+01	4.370361e+02
3.150000e-06	3.809730e-09	3.847553e-09	3.088016e+01	4.460617e+02
3.160000e-06	3.849474e-09	3.924564e-09	3.120231e+01	4.549390e+02
3.170000e-06	3.889096e-09	3.999591e-09	3.152347e+01	4.636690e+02
3.180000e-06	3.928578e-09	4.073551e-09	3.184349e+01	4.722528e+02
3.190000e-06	3.967901e-09	4.148081e-09	3.216223e+01	4.806918e+02
3.200000e-06	4.007053e-09	4.222507e-09	3.247958e+01	4.889876e+02
3.210000e-06	4.046046e-09	4.294294e-09	3.279564e+01	4.971421e+02
3.220000e-06	4.084892e-09	4.363028e-09	3.311051e+01	5.051571e+02
3.230000e-06	4.123572e-09	4.432566e-09	3.342404e+01	5.130349e+02
3.240000e-06	4.162063e-09	4.502302e-09	3.373603e+01	5.207778e+02
3.250000e-06	4.200348e-09	4.570421e-09	3.404635e+01	5.283881e+02
3.260000e-06	4.238430e-09	4.636326e-09	3.435503e+01	5.358685e+02
3.270000e-06	4.276301e-09	4.700608e-09	3.466199e+01	5.432214e+02
3.280000e-06	4.314004e-09	4.764072e-09	3.496760e+01	5.504496e+02
3.290000e-06	4.351522e-09	4.826585e-09	3.527171e+01	5.575559e+02
3.300000e-06	4.388831e-09	4.887912e-09	3.557412e+01	5.645429e+02
3.310000e-06	4.425946e-09	4.947803e-09	3.587496e+01	5.714134e+02
3.320000e-06	4.462838e-09	5.006406e-09	3.617399e+01	5.781702e+02
3.330000e-06	4.499513e-09	5.063824e-09	3.647126e+01	5.848160e+02
3.340000e-06	4.536013e-09	5.121555e-09	3.676712e+01	5.913535e+02
3.350000e-06	4.572367e-09	5.176390e-09	3.706179e+01	5.977853e+02
3.360000e-06	4.608572e-09	5.227268e-09	3.735525e+01	6.041140e+02
3.370000e-06	4.644634e-09	5.276580e-09	3.764756e+01	6.103420e+02
3.380000e-06	4.680541e-09	5.328002e-09	3.793860e+01	6.164719e+02
3.390000e-06	4.716281e-09	5.384372e-09	3.822830e+01	6.225058e+02
3.400000e-06	4.751844e-09	5.441251e-09	3.851657e+01	6.284461e+02
3.410000e-06	4.787189e-09	5.494116e-09	3.880306e+01	6.342946e+02
3.420000e-06	4.822304e-09	5.542017e-09	3.908768e+01	6.400535e+02
3.430000e-06	4.857188e-09	5.588401e-09	3.937044e+01	6.457245e+02
3.440000e-06	4.891772e-09	5.635721e-09	3.965077e+01	6.513093e+02
3.450000e-06	4.925979e-09	5.682964e-09	3.992803e+01	6.568094e+02
3.460000e-06	4.959797e-09	5.728265e-09	4.020214e+01	6.622264e+02
3.470000e-06	4.993254e-09	5.772505e-09	4.047334e+01	6.675615e+02
3.480000e-06	5.026375e-09	5.817570e-09	4.074180e+01	6.728158e+02
3.490000e-06	5.059213e-09	5.861627e-09	4.100797e+01	6.779903e+02
3.500000e-06	5.091827e-09	5.903126e-09	4.127233e+01	6.830860e+02
3.510000e-06	5.124228e-09	5.940301e-09	4.153495e+01	6.881037e+02
3.520000e-06	5.156433e-09	5.977366e-09	4.179599e+01	6.930439e+02
3.530000e-06	5.188470e-09	6.017498e-09	4.205567e+01	6.979072e+02
3.540000e-06	5.220353e-09	6.056096e-09	4.231411e+01	7.026941e+02
3.550000e-06	5.252081e-09	6.091959e-09	4.257129e+01	7.074048e+02
3.560000e-06	5.283622e-09	6.125335e-09	4.282694e+01	7.120397e+02
3.570000e-06	5.314935e-09	6.159864e-09	4.308075e+01	7.165989e+02
3.580000e-06	5.346001e-09	6.195926e-09	4.333256e+01	7.210825e+02
3.590000e-06	5.376804e-09	6.231645e-09	4.358223e+01	7.254905e+02
3.600000e-06	5.407357e-09	6.266835e-09	4.382989e+01	7.298229e+02
3.610000e-06	5.437676e-09	6.299863e-09	4.407564e+01	7.340796e+02
3.620000e-06	5.467769e-09	6.331515e-09	4.431956e+01	7.382606e+02
3.630000e-06	5.497659e-09	6.362127e-09	4.456184e+01	7.423657e+02
3.640000e-06	5.527318e-09	6.393001e-09	4.480224e+01	7.463947e+02
3.650000e-06	5.556702e-09	6.423084e-09	4.504042e+01	7.503477e+02
3.660000e-06	5.585822e-09	6.453268e-09	4.527645e+01	7.542244e+02
3.670000e-06	5.614698e-09	6.483683e-09	4.551051e+01	7.580247e+02
3.680000e-06	5.643340e-09	6.512840e-09	4.574267e+01	7.617486e+02
3.690000e-06	5.671774e-09	6.541533e-09	4.597314e+01	7.653960e+02
3.700000e-06	5.700024e-09	6.569587e-09	4.620212e+01	7.689670e+02
3.710000e-06	5.728097e-09	6.598441e-09	4.642968e+01	7.724615e+02
3.720000e-06	5.756012e-09	6.627916e-09	4.665595e+01	7.758797e+02
3.730000e-06	5.783761e-09	6.657133e-09	4.688087e+01	7.792218e+02
3.740000e-06	5.811310e-09	6.685846e-09	4.710417e+01	7.824880e+02
3.750000e-06	5.838603e-09	6.712984e-09	4.732539e+01	7.856787e+02
3.760000e-06	5.865553e-09	6.738048e-09	4.754384e+01	7.887941e+02
3.770000e-06	5.892060e-09	6.760338e-09	4.775870e+01	7.918349e+02
3.780000e-06	5.918098e-09	6.782626e-09	4.796974e+01	7.948015e+02
3.790000e-06	5.943713e-09	6.807236e-09	4.817737e+01	7.976947e+02
3.800000e-06	5.968913e-09	6.833502e-09	4.838163e+01	8.005150e+02
3.810000e-06	5.993718e-09	6.858851e-09	4.858269e+01	8.032635e+02
3.820000e-06	6.018214e-09	6.882290e-09	4.878125e+01	8.059409e+02
3.830000e-06	6.042476e-09	6.905288e-09	4.897790e+01	8.085482e+02
3.840000e-06	6.066535e-09	6.927666e-09	4.917292e+01	8.110865e+02
3.850000e-06	6.090380e-09	6.949393e-09	4.936620e+01	8.135570e+02
3.860000e-06	6.114003e-09	6.970414e-09	4.955768e+01	8.159608e+02
3.870000e-06	6.137393e-09	6.991884e-09	4.974727e+01	8.182992e+02
3.880000e-06	6.160494e-09	7.011671e-09	4.993451e+01	8.205736e+02
3.890000e-06	6.183308e-09	7.031214e-09	5.011943e+01	8.227854e+02
3.900000e-06	6.205832e-09	7.050556e-09	5.030200e+01	8.249360e+02
3.910000e-06	6.228073e-09	7.067614e-09	5.048228e+01	8.270269e+02
3.920000e-06	6.250075e-09	7.085486e-09	5.066062e+01	8.290596e+02
3.930000e-06	6.271828e-09	7.105117e-09	5.083694e+01	8.310358e+02
3.940000e-06	6.293309e-09	7.126508e-09	5.101106e+01	8.329570e+02
3.950000e-06	6.314498e-09	7.146859e-09	5.118280e+01	8.348249e+02
3.960000e-06	6.335376e-09	7.163788e-09	5.135204e+01	8.366410e+02
3.970000e-06	6.355960e-09	7.177345e-09	5.151888e+01	8.384069e+02
3.980000e-06	6.376302e-09	7.189059e-09	5.168376e+01	8.401243e+02
3.990000e-06	6.396463e-09	7.202432e-09	5.184718e+01	8.417948e+02
4.000000e-06	6.416469e-09	7.216644e-09	5.200934e+01	8.434199e+02
4.010000e-06	6.436312e-09	7.232345e-09	5.217018e+01	8.450013e+02
4.020000e-06	6.455946e-09	7.248904e-09	5.232933e+01	8.465404e+02
4.030000e-06	6.475310e-09	7.262693e-09	5.248629e+01	8.480387e+02
4.040000e-06	6.494362e-09	7.273960e-09	5.264072e+01	8.494976e+02
4.050000e-06	6.513074e-09	7.283404e-09	5.279239e+01	8.509185e+02
4.060000e-06	6.531413e-09	7.292491e-09	5.294103e+01	8.523028e+02
4.070000e-06	6.549401e-09	7.302562e-09	5.308684e+01	8.536517e+02
4.080000e-06	6.567133e-09	7.315081e-09	5.323056e+01	8.549663e+02
4.090000e-06	6.584639e-09	7.328334e-09	5.337246e+01	8.562479e+02
4.100000e-06	6.601945e-09	7.340896e-09	5.351274e+01	8.574974e+02
4.110000e-06	6.619048e-09	7.353209e-09	5.365137e+01	8.587159e+02
4.120000e-06	6.635880e-09	7.363946e-09	5.378780e+01	8.599042e+02
4.130000e-06	6.652408e-09	7.371601e-09	5.392177e+01	8.610632e+02
4.140000e-06	6.668575e-09	7.376999e-09	5.405281e+01	8.621937e+02
4.150000e-06	6.684309e-09	7.384449e-09	5.418034e+01	8.632962e+02
4.160000e-06	6.699592e-09	7.394903e-09	5.430423e+01	8.643714e+02
4.170000e-06	6.714450e-09	7.406081e-09	5.442466e+01	8.654198e+02
4.180000e-06	6.728935e-09	7.412921e-09	5.454207e+01	8.664419e+02
4.190000e-06	6.743083e-09	7.416084e-09	5.465675e+01	8.674381e+02
4.200000e-06	6.756935e-09	7.419613e-09	5.476903e+01	8.684086e+02
4.210000e-06	6.770481e-09	7.426088e-09	5.487883e+01	8.693537e+02
4.220000e-06	6.783678e-09	7.433915e-09	5.498579e+01	8.702735e+02
4.230000e-06	6.796543e-09	7.439136e-09	5.509007e+01	8.711684e+02
4.240000e-06	6.809088e-09	7.445403e-09	5.519176e+01	8.720382e+02
4.250000e-06	6.821332e-09	7.452371e-09	5.529100e+01	8.728831e+02
4.260000e-06	6.833329e-09	7.458129e-09	5.538824e+01	8.737030e+02
4.270000e-06	6.845043e-09	7.461048e-09	5.548319e+01	8.744980e+02
4.280000e-06	6.856416e-09	7.462894e-09	5.557538e+01	8.752680e+02
4.290000e-06	6.867406e-09	7.467221e-09	5.566446e+01	8.760128e+02
4.300000e-06	6.877908e-09	7.473664e-09	5.574958e+01	8.767324e+02
4.310000e-06	6.887896e-09	7.481356e-09	5.583055e+01	8.774267e+02
4.320000e-06	6.897357e-09	7.485351e-09	5.590723e+01	8.780956e+02
4.330000e-06	6.906319e-09	7.486588e-09	5.597987e+01	8.787389e+02
4.340000e-06	6.914891e-09	7.488976e-09	5.604935e+01	8.793566e+02
4.350000e-06	6.923163e-09	7.494141e-09	5.611640e+01	8.799485e+02
4.360000e-06	6.931231e-09	7.499645e-09	5.618180e+01	8.805146e+02
4.370000e-06	6.939101e-09	7.502192e-09	5.624559e+01	8.810548e+02
4.380000e-06	6.946736e-09	7.505165e-09	5.630747e+01	8.815691e+02
4.390000e-06	6.954078e-09	7.511151e-09	5.636699e+01	8.820575e+02
4.400000e-06	6.961090e-09	7.519760e-09	5.642382e+01	8.825200e+02
4.410000e-06	6.967780e-09	7.525693e-09	5.647805e+01	8.829568e+02
4.420000e-06	6.974171e-09	7.526575e-09	5.652985e+01	8.833679e+02
4.430000e-06	6.980242e-09	7.525777e-09	5.657906e+01	8.837534e+02
4.440000e-06	6.985980e-09	7.527195e-09	5.662557e+01	8.841137e+02
4.450000e-06	6.991413e-09	7.529905e-09	5.666961e+01	8.844488e+02
4.460000e-06	6.996534e-09	7.531816e-09	5.671111e+01	8.847592e+02
4.470000e-06	7.001337e-09	7.534496e-09	5.675005e+01	8.850451e+02
4.480000e-06	7.005848e-09	7.538759e-09	5.678661e+01	8.853070e+02
4.490000e-06	7.010128e-09	7.546258e-09	5.682131e+01	8.855452e+02
4.500000e-06	7.014222e-09	7.552964e-09	5.685449e+01	8.857603e+02
4.510000e-06	7.018149e-09	7.555861e-09	5.688632e+01	8.859527e+02
4.520000e-06	7.021879e-09	7.555826e-09	5.691656e+01	8.861231e+02
4.530000e-06	7.025322e-09	7.554709e-09	5.694446e+01	8.862719e+02
4.540000e-06	7.028404e-09	7.554133e-09	5.696944e+01	8.863999e+02
4.550000e-06	7.031083e-09	7.553669e-09	5.699115e+01	8.865077e+02
4.560000e-06	7.033266e-09	7.555915e-09	5.700885e+01	8.865959e+02
4.570000e-06	7.034893e-09	7.560156e-09	5.702204e+01	8.866653e+02
4.580000e-06	7.036019e-09	7.567613e-09	5.703117e+01	8.867167e+02
4.590000e-06	7.036731e-09	7.575752e-09	5.703694e+01	8.867506e+02
4.600000e-06	7.037125e-09	7.579711e-09	5.704013e+01	8.867679e+02
4.610000e-06	7.037278e-09	7.580865e-09	5.704137e+01	8.867693e+02
4.620000e-06	7.037241e-09	7.578874e-09	5.704108e+01	8.867557e+02
4.630000e-06	7.037009e-09	7.577664e-09	5.703920e+01	8.867276e+02
4.640000e-06	7.036514e-09	7.575611e-09	5.703518e+01	8.866858e+02
4.650000e-06	7.035716e-09	7.573661e-09	5.702871e+01	8.866311e+02
4.660000e-06	7.034582e-09	7.576015e-09	5.701952e+01	8.865642e+02
4.670000e-06	7.033119e-09	7.579516e-09	5.700766e+01	8.864856e+02
4.680000e-06	7.031351e-09	7.584627e-09	5.699333e+01	8.863961e+02
4.690000e-06	7.029312e-09	7.598108e-09	5.697681e+01	8.862962e+02
4.700000e-06	7.027038e-09	7.599123e-09	5.695837e+01	8.861864e+02
4.710000e-06	7.024476e-09	7.551886e-09	5.693761e+01	8.860674e+02
4.720000e-06	7.021548e-09	7.513864e-09	5.691387e+01	8.859395e+02
4.730000e-06	7.018232e-09	7.556451e-09	5.688700e+01	8.858032e+02
4.740000e-06	7.014595e-09	7.611298e-09	5.685751e+01	8.856589e+02
4.750000e-06	7.010716e-09	7.568844e-09	5.682607e+01	8.855068e+02
4.760000e-06	7.006671e-09	7.527630e-09	5.679328e+01	8.853472e+02
4.770000e-06	7.002454e-09	7.588919e-09	5.675910e+01	8.851803e+02
4.780000e-06	6.997974e-09	7.546647e-09	5.672279e+01	8.850062e+02
4.790000e-06	6.993199e-09	7.474408e-09	5.668408e+01	8.848251e+02
4.800000e-06	6.988040e-09	7.612645e-09	5.664226e+01	8.846369e+02
4.810000e-06	6.982327e-09	7.662706e-09	5.659596e+01	8.844416e+02
4.820000e-06	6.976035e-09	7.533815e-09	5.654496e+01	8.842392e+02
4.830000e-06	6.969239e-09	7.595957e-09	5.648987e+01	8.840294e+02
4.840000e-06	6.961996e-09	7.699084e-09	5.643117e+01	8.838121e+02
4.850000e-06	6.954438e-09	7.583415e-09	5.636991e+01	8.835870e+02
4.860000e-06	6.946658e-09	7.578881e-09	5.630684e+01	8.833539e+02
4.870000e-06	6.938647e-09	7.667409e-09	5.624191e+01	8.831123e+02
4.880000e-06	6.930404e-09	7.562008e-09	5.617510e+01	8.828620e+02
4.890000e-06	6.921939e-09	7.552040e-09	5.610648e+01	8.826025e+02
4.900000e-06	6.913215e-09	7.623845e-09	5.603577e+01	8.823334e+02
4.910000e-06	6.904159e-09	7.536552e-09	5.596236e+01	8.820542e+02
4.920000e-06	6.894795e-09	7.540447e-09	5.588646e+01	8.817644e+02
4.930000e-06	6.885157e-09	7.562067e-09	5.580834e+01	8.814635e+02
4.940000e-06	6.875242e-09	7.461363e-09	5.572797e+01	8.811510e+02
4.950000e-06	6.865079e-09	7.484557e-09	5.564560e+01	8.808264e+02
4.960000e-06	6.854608e-09	7.518173e-09	5.556072e+01	8.804891e+02
4.970000e-06	6.843774e-09	7.456725e-09	5.547291e+01	8.801386e+02
4.980000e-06	6.832637e-09	7.503013e-09	5.538263e+01	8.797745e+02
4.990000e-06	6.821197e-09	7.518482e-09	5.528990e+01	8.793962e+02
5.000000e-06	6.809463e-09	7.452369e-09	5.519480e+01	8.790032e+02
5.010000e-06	6.797443e-09	7.472358e-09	5.509737e+01	8.785952e+02
5.020000e-06	6.785083e-09	7.457589e-09	5.499718e+01	8.781716e+02
5.030000e-06	6.772354e-09	7.420892e-09	5.489401e+01	8.777322e+02
5.040000e-06	6.759160e-09	7.438812e-09	5.478706e+01	8.772764e+02
5.050000e-06	6.745400e-09	7.436016e-09	5.467553e+01	8.768041e+02
5.060000e-06	6.731071e-09	7.437398e-09	5.455938e+01	8.763150e+02
5.070000e-06	6.716221e-09	7.440977e-09	5.443902e+01	8.758089e+02
5.080000e-06	6.700952e-09	7.435216e-09	5.431526e+01	8.752855e+02
5.090000e-06	6.685351e-09	7.427285e-09	5.418879e+01	8.747448e+02
5.100000e-06	6.669486e-09	7.413211e-09	5.406020e+01	8.741867e+02
5.110000e-06	6.653408e-09	7.415780e-09	5.392988e+01	8.736112e+02
5.120000e-06	6.637090e-09	7.413921e-09	5.379761e+01	8.730183e+02
5.130000e-06	6.620519e-09	7.405925e-09	5.366329e+01	8.724082e+02
5.140000e-06	6.603656e-09	7.407577e-09	5.352661e+01	8.717809e+02
5.150000e-06	6.586471e-09	7.395389e-09	5.338732e+01	8.711367e+02
5.160000e-06	6.568950e-09	7.387100e-09	5.324530e+01	8.704759e+02
5.170000e-06	6.551138e-09	7.384483e-09	5.310092e+01	8.697986e+02
5.180000e-06	6.533081e-09	7.374999e-09	5.295456e+01	8.691053e+02
5.190000e-06	6.514745e-09	7.382478e-09	5.280593e+01	8.683964e+02
5.200000e-06	6.496125e-09	7.380181e-09	5.265501e+01	8.676722e+02
5.210000e-06	6.477221e-09	7.370543e-09	5.250178e+01	8.669333e+02
5.220000e-06	6.458027e-09	7.366964e-09	5.234620e+01	8.661801e+02
5.230000e-06	6.438585e-09	7.354667e-09	5.218861e+01	8.654131e+02
5.240000e-06	6.418937e-09	7.349358e-09	5.202935e+01	8.646329e+02
5.250000e-06	6.399105e-09	7.344449e-09	5.186860e+01	8.638400e+02
5.260000e-06	6.379108e-09	7.344705e-09	5.170651e+01	8.630350e+02
5.270000e-06	6.358939e-09	7.347249e-09	5.154303e+01	8.622185e+02
5.280000e-06	6.338558e-09	7.345523e-09	5.137783e+01	8.613910e+02
5.290000e-06	6.317913e-09	7.343787e-09	5.121049e+01	8.605530e+02
5.300000e-06	6.296906e-09	7.328655e-09	5.104022e+01	8.597053e+02
5.310000e-06	6.275481e-09	7.312703e-09	5.086655e+01	8.588482e+02
5.320000e-06	6.253614e-09	7.300910e-09	5.068931e+01	8.579823e+02
5.330000e-06	6.231263e-09	7.296697e-09	5.050814e+01	8.571082e+02
5.340000e-06	6.208450e-09	7.299930e-09	5.032323e+01	8.562262e+02
5.350000e-06	6.185273e-09	7.300424e-09	5.013537e+01	8.553368e+02
5.360000e-06	6.161807e-09	7.298948e-09	4.994516e+01	8.544403e+02
5.370000e-06	6.138088e-09	7.291695e-09	4.975290e+01	8.535372e+02
5.380000e-06	6.114154e-09	7.280015e-09	4.955891e+01	8.526277e+02
5.390000e-06	6.090012e-09	7.263276e-09	4.936322e+01	8.517119e+02
5.400000e-06	6.065631e-09	7.245473e-09	4.916559e+01	8.507902e+02
5.410000e-06	6.040987e-09	7.232262e-09	4.896584e+01	8.498627e+02
5.420000e-06	6.016069e-09	7.228803e-09	4.876387e+01	8.489293e+02
5.430000e-06	5.990895e-09	7.232600e-09	4.855981e+01	8.479902e+02
5.440000e-06	5.965443e-09	7.233174e-09	4.835352e+01	8.470451e+02
5.450000e-06	5.939693e-09	7.228414e-09	4.814479e+01	8.460941e+02
5.460000e-06	5.913653e-09	7.216241e-09	4.793372e+01	8.451370e+02
5.470000e-06	5.887330e-09	7.201179e-09	4.772036e+01	8.441734e+02
5.480000e-06	5.860731e-09	7.186591e-09	4.750476e+01	8.432031e+02
5.490000e-06	5.833839e-09	7.169609e-09	4.728678e+01	8.422257e+02
5.500000e-06	5.806673e-09	7.154272e-09	4.706659e+01	8.412407e+02
5.510000e-06	5.779278e-09	7.148196e-09	4.684454e+01	8.402478e+02
5.520000e-06	5.751680e-09	7.149507e-09	4.662084e+01	8.392463e+02
5.530000e-06	5.723903e-09	7.148093e-09	4.639568e+01	8.382357e+02
5.540000e-06	5.695956e-09	7.137775e-09	4.616916e+01	8.372153e+02
5.550000e-06	5.667836e-09	7.120617e-09	4.594123e+01	8.361846e+02
5.560000e-06	5.639507e-09	7.104653e-09	4.571160e+01	8.351427e+02
5.570000e-06	5.610947e-09	7.094341e-09	4.548011e+01	8.340890e+02
5.580000e-06	5.582149e-09	7.085964e-09	4.524668e+01	8.330227e+02
5.590000e-06	5.553058e-09	7.074967e-09	4.501088e+01	8.319430e+02
5.600000e-06	5.523611e-09	7.064294e-09	4.477219e+01	8.308492e+02
5.610000e-06	5.493804e-09	7.057179e-09	4.453059e+01	8.297405e+02
5.620000e-06	5.463654e-09	7.050581e-09	4.428621e+01	8.286160e+02
5.630000e-06	5.433159e-09	7.039491e-09	4.403903e+01	8.274750e+02
5.640000e-06	5.402301e-09	7.024000e-09	4.378891e+01	8.263167e+02
5.650000e-06	5.371117e-09	7.010404e-09	4.353615e+01	8.251404e+02
5.660000e-06	5.339670e-09	7.000155e-09	4.328125e+01	8.239454e+02
5.670000e-06	5.307970e-09	6.990448e-09	4.302430e+01	8.227308e+02
5.680000e-06	5.276047e-09	6.976603e-09	4.276555e+01	8.214961e+02
5.690000e-06	5.243949e-09	6.960452e-09	4.250537e+01	8.202407e+02
5.700000e-06	5.211659e-09	6.949888e-09	4.224364e+01	8.189639e+02
5.710000e-06	5.179149e-09	6.943707e-09	4.198013e+01	8.176651e+02
5.720000e-06	5.146415e-09	6.937215e-09	4.171480e+01	8.163441e+02
5.730000e-06	5.113452e-09	6.925649e-09	4.144762e+01	8.150002e+02
5.740000e-06	5.080261e-09	6.912122e-09	4.117858e+01	8.136331e+02
5.750000e-06	5.046818e-09	6.900268e-09	4.090751e+01	8.122426e+02
5.760000e-06	5.013140e-09	6.887027e-09	4.063453e+01	8.108283e+02
5.770000e-06	4.979229e-09	6.871768e-09	4.035966e+01	8.093901e+02
5.780000e-06	4.945087e-09	6.856030e-09	4.008291e+01	8.079279e+02
5.790000e-06	4.910722e-09	6.845656e-09	3.980436e+01	8.064417e+02
5.800000e-06	4.876105e-09	6.838753e-09	3.952377e+01	8.049313e+02
5.810000e-06	4.841246e-09	6.829680e-09	3.924122e+01	8.033970e+02
5.820000e-06	4.806179e-09	6.817530e-09	3.895698e+01	8.018389e+02
5.830000e-06	4.770921e-09	6.803853e-09	3.867119e+01	8.002571e+02
5.840000e-06	4.735473e-09	6.792164e-09	3.838386e+01	7.986519e+02
5.850000e-06	4.699837e-09	6.782116e-09	3.809501e+01	7.970236e+02
5.860000e-06	4.664041e-09	6.771577e-09	3.780487e+01	7.953726e+02
5.870000e-06	4.628099e-09	6.759569e-09	3.751353e+01	7.936992e+02
5.880000e-06	4.591994e-09	6.748004e-09	3.722088e+01	7.920039e+02
5.890000e-06	4.555740e-09	6.737744e-09	3.692702e+01	7.902872e+02
5.900000e-06	4.519339e-09	6.726769e-09	3.663196e+01	7.885495e+02
5.910000e-06	4.482750e-09	6.714352e-09	3.633539e+01	7.867914e+02
5.920000e-06	4.445948e-09	6.700993e-09	3.603709e+01	7.850134e+02
5.930000e-06	4.408924e-09	6.688283e-09	3.573698e+01	7.832160e+02
5.940000e-06	4.371635e-09	6.677301e-09	3.543474e+01	7.813997e+02
5.950000e-06	4.334061e-09	6.665797e-09	3.513018e+01	7.795650e+02
5.960000e-06	4.296215e-09	6.651615e-09	3.482341e+01	7.777126e+02
5.970000e-06	4.258089e-09	6.636457e-09	3.451439e+01	7.758427e+02
5.980000e-06	4.219691e-09	6.620476e-09	3.420315e+01	7.739559e+02
5.990000e-06	4.181053e-09	6.605751e-09	3.388996e+01	7.720526e+02
6.000000e-06	4.142164e-09	6.591739e-09	3.357475e+01	7.701331e+02
6.010000e-06	4.103034e-09	6.576199e-09	3.325757e+01	7.681978e+02
6.020000e-06	4.063670e-09	6.562362e-09	3.293850e+01	7.662468e+02
6.030000e-06	4.024109e-09	6.550112e-09	3.261784e+01	7.642804e+02
6.040000e-06	3.984402e-09	6.538208e-09	3.229599e+01	7.622987e+02
6.050000e-06	3.944527e-09	6.521806e-09	3.197278e+01	7.603017e+02
6.060000e-06	3.904492e-09	6.501418e-09	3.164827e+01	7.582893e+02
6.070000e-06	3.864315e-09	6.480891e-09	3.132261e+01	7.562614e+02
6.080000e-06	3.823997e-09	6.461343e-09	3.099581e+01	7.542178e+02
6.090000e-06	3.783524e-09	6.443469e-09	3.066775e+01	7.521581e+02
6.100000e-06	3.742885e-09	6.423322e-09	3.033835e+01	7.500819e+02
6.110000e-06	3.702078e-09	6.404258e-09	3.000758e+01	7.479887e+02
6.120000e-06	3.661103e-09	6.388948e-09	2.967545e+01	7.458779e+02
6.130000e-06	3.619971e-09	6.375955e-09	2.934206e+01	7.437488e+02
6.140000e-06	3.578694e-09	6.361480e-09	2.900748e+01	7.416004e+02
6.150000e-06	3.537262e-09	6.340172e-09	2.867165e+01	7.394320e+02
6.160000e-06	3.495678e-09	6.315970e-09	2.833459e+01	7.372426e+02
6.170000e-06	3.453950e-09	6.292118e-09	2.799636e+01	7.350309e+02
6.180000e-06	3.412054e-09	6.271022e-09	2.765676e+01	7.327958e+02
6.190000e-06	3.369991e-09	6.250468e-09	2.731581e+01	7.305361e+02
6.200000e-06	3.327775e-09	6.229164e-09	2.697363e+01	7.282503e+02
6.210000e-06	3.285408e-09	6.209360e-09	2.663022e+01	7.259372e+02
6.220000e-06	3.242898e-09	6.190695e-09	2.628565e+01	7.235951e+02
6.230000e-06	3.200251e-09	6.173974e-09	2.593998e+01	7.212225e+02
6.240000e-06	3.157468e-09	6.154103e-09	2.559319e+01	7.188178e+02
6.250000e-06	3.114575e-09	6.130164e-09	2.524552e+01	7.163793e+02
6.260000e-06	3.071575e-09	6.103458e-09	2.489698e+01	7.139055e+02
6.270000e-06	3.028438e-09	6.078831e-09	2.454733e+01	7.113945e+02
6.280000e-06	2.985192e-09	6.057758e-09	2.419679e+01	7.088446e+02
6.290000e-06	2.941877e-09	6.036081e-09	2.384570e+01	7.062541e+02
6.300000e-06	2.898484e-09	6.012252e-09	2.349397e+01	7.036213e+02
6.310000e-06	2.855010e-09	5.987010e-09	2.314158e+01	7.009444e+02
6.320000e-06	2.811463e-09	5.964406e-09	2.278861e+01	6.982217e+02
6.330000e-06	2.767806e-09	5.940326e-09	2.243474e+01	6.954516e+02
6.340000e-06	2.724018e-09	5.914484e-09	2.207982e+01	6.926324e+02
6.350000e-06	2.680145e-09	5.887267e-09	2.172420e+01	6.897626e+02
6.360000e-06	2.636184e-09	5.860420e-09	2.136787e+01	6.868405e+02
6.370000e-06	2.592131e-09	5.837207e-09	2.101079e+01	6.838648e+02
6.380000e-06	2.548006e-09	5.813256e-09	2.065313e+01	6.808341e+02
6.390000e-06	2.503790e-09	5.789251e-09	2.029473e+01	6.777470e+02
6.400000e-06	2.459465e-09	5.765572e-09	1.993545e+01	6.746023e+02
6.410000e-06	2.415047e-09	5.744700e-09	1.957542e+01	6.713990e+02
6.420000e-06	2.370549e-09	5.723088e-09	1.921474e+01	6.681359e+02
6.430000e-06	2.325930e-09	5.697637e-09	1.885307e+01	6.648121e+02
6.440000e-06	2.281190e-09	5.669912e-09	1.849042e+01	6.614270e+02
6.450000e-06	2.236360e-09	5.637708e-09	1.812705e+01	6.579796e+02
6.460000e-06	2.191458e-09	5.607888e-09	1.776310e+01	6.544695e+02
6.470000e-06	2.146484e-09	5.578359e-09	1.739855e+01	6.508962e+02
6.480000e-06	2.101415e-09	5.550147e-09	1.703324e+01	6.472593e+02
6.490000e-06	2.056241e-09	5.526083e-09	1.666708e+01	6.435586e+02
6.500000e-06	2.010972e-09	5.503597e-09	1.630015e+01	6.397939e+02
6.510000e-06	1.965617e-09	5.480256e-09	1.593252e+01	6.359651e+02
6.520000e-06	1.920160e-09	5.451075e-09	1.556406e+01	6.320725e+02
6.530000e-06	1.874623e-09	5.418385e-09	1.519495e+01	6.281160e+02
6.540000e-06	1.829042e-09	5.381625e-09	1.482549e+01	6.240960e+02
6.550000e-06	1.783396e-09	5.344225e-09	1.445551e+01	6.200129e+02
6.560000e-06	1.737662e-09	5.310497e-09	1.408480e+01	6.158670e+02
6.570000e-06	1.691836e-09	5.277814e-09	1.371336e+01	6.116589e+02
6.580000e-06	1.645946e-09	5.245243e-09	1.334139e+01	6.073891e+02
6.590000e-06	1.599986e-09	5.212483e-09	1.296886e+01	6.030581e+02
6.600000e-06	1.553971e-09	5.179373e-09	1.259588e+01	5.986667e+02
6.610000e-06	1.507920e-09	5.143846e-09	1.222261e+01	5.942155e+02
6.620000e-06	1.461815e-09	5.104250e-09	1.184890e+01	5.897051e+02
6.630000e-06	1.415667e-09	5.063840e-09	1.147484e+01	5.851363e+02
6.640000e-06	1.369472e-09	5.025037e-09	1.110040e+01	5.805098e+02
6.650000e-06	1.323232e-09	4.989121e-09	1.072560e+01	5.758260e+02
6.660000e-06	1.276938e-09	4.953923e-09	1.035036e+01	5.710858e+02
6.670000e-06	1.230564e-09	4.916826e-09	9.974470e+00	5.662896e+02
6.680000e-06	1.184142e-09	4.877701e-09	9.598185e+00	5.614379e+02
6.690000e-06	1.137700e-09	4.838111e-09	9.221747e+00	5.565312e+02
6.700000e-06	1.091204e-09	4.797685e-09	8.844868e+00	5.515697e+02
6.710000e-06	1.044646e-09	4.754389e-09	8.467489e+00	5.465538e+02
6.720000e-06	9.980312e-10	4.708803e-09	8.089647e+00	5.414834e+02
6.730000e-06	9.513720e-10	4.661262e-09	7.711446e+00	5.363587e+02
6.740000e-06	9.046778e-10	4.614953e-09	7.332961e+00	5.311795e+02
6.750000e-06	8.579422e-10	4.569609e-09	6.954140e+00	5.259454e+02
6.760000e-06	8.111719e-10	4.524474e-09	6.575039e+00	5.206560e+02
6.770000e-06	7.643569e-10	4.478246e-09	6.195575e+00	5.153108e+02
6.780000e-06	7.174886e-10	4.430927e-09	5.815679e+00	5.099089e+02
6.790000e-06	6.705851e-10	4.383816e-09	5.435498e+00	5.044495e+02
6.800000e-06	6.236479e-10	4.333802e-09	5.055044e+00	4.989313e+02
6.810000e-06	5.766699e-10	4.280751e-09	4.674259e+00	4.933531e+02
6.820000e-06	5.296615e-10	4.223385e-09	4.293228e+00	4.877134e+02
6.830000e-06	4.826257e-10	4.166629e-09	3.911974e+00	4.820105e+02
6.840000e-06	4.355499e-10	4.115149e-09	3.530398e+00	4.762426e+02
6.850000e-06	3.884438e-10	4.067050e-09	3.148575e+00	4.704075e+02
6.860000e-06	3.413299e-10	4.019537e-09	2.766689e+00	4.645032e+02
6.870000e-06	2.942077e-10	3.969223e-09	2.384737e+00	4.585271e+02
6.880000e-06	2.471197e-10	3.916570e-09	2.003060e+00	4.524768e+02
6.890000e-06	2.000412e-10	3.860016e-09	1.621462e+00	4.463495e+02
6.900000e-06	1.529402e-10	3.799307e-09	1.239680e+00	4.401424e+02
6.910000e-06	1.058629e-10	3.736822e-09	8.580902e-01	4.338524e+02
6.920000e-06	5.878617e-11	3.676534e-09	4.765047e-01	4.274764e+02
6.930000e-06	1.170388e-11	3.621717e-09	9.487385e-02	4.210113e+02
6.940000e-06	-3.537309e-11	3.570844e-09	-2.867129e-01	4.144535e+02
6.950000e-06	-8.243548e-11	3.518369e-09	-6.681813e-01	4.077999e+02
6.960000e-06	-1.294653e-10	3.460453e-09	-1.049385e+00	4.010467e+02
6.970000e-06	-1.764831e-10	3.398710e-09	-1.430492e+00	3.941906e+02
6.980000e-06	-2.234671e-10	3.334386e-09	-1.811326e+00	3.872280e+02
6.990000e-06	-2.704333e-10	3.269935e-09	-2.192016e+00	3.801553e+02
7.000000e-06	-3.174084e-10	3.205734e-09	-2.572777e+00	3.729690e+02
7.010000e-06	-3.643625e-10	3.141589e-09	-2.953368e+00	3.656655e+02
7.020000e-06	-4.112960e-10	3.079011e-09	-3.333793e+00	3.582415e+02
7.030000e-06	-4.582159e-10	3.016944e-09	-3.714108e+00	3.506935e+02
7.040000e-06	-5.050923e-10	2.953638e-09	-4.094070e+00	3.430183e+02
7.050000e-06	-5.519479e-10	2.886982e-09	-4.473862e+00	3.352128e+02
7.060000e-06	-5.988121e-10	2.818833e-09	-4.853724e+00	3.272739e+02
7.070000e-06	-6.456588e-10	2.751376e-09	-5.233445e+00	3.191988e+02
7.080000e-06	-6.924657e-10	2.684489e-09	-5.612843e+00	3.109849e+02
7.090000e-06	-7.392433e-10	2.616965e-09	-5.992004e+00	3.026298e+02
7.100000e-06	-7.859777e-10	2.546558e-09	-6.370815e+00	2.941313e+02
7.110000e-06	-8.326763e-10	2.474636e-09	-6.749336e+00	2.854874e+02
7.120000e-06	-8.793700e-10	2.402850e-09	-7.127817e+00	2.766966e+02
7.130000e-06	-9.260129e-10	2.330362e-09	-7.505886e+00	2.677574e+02
7.140000e-06	-9.726207e-10	2.256210e-09	-7.883671e+00	2.586688e+02
7.150000e-06	-1.019232e-09	2.182188e-09	-8.261482e+00	2.494301e+02
7.160000e-06	-1.065830e-09	2.109863e-09	-8.639189e+00	2.400409e+02
7.170000e-06	-1.112390e-09	2.037819e-09	-9.016590e+00	2.305011e+02
7.180000e-06	-1.158887e-09	1.960039e-09	-9.393474e+00	2.208111e+02
7.190000e-06	-1.205340e-09	1.874542e-09	-9.770006e+00	2.109717e+02
7.200000e-06	-1.251748e-09	1.787857e-09	-1.014617e+01	2.009838e+02
7.210000e-06	-1.298079e-09	1.702679e-09	-1.052171e+01	1.908491e+02
7.220000e-06	-1.344354e-09	1.619078e-09	-1.089680e+01	1.805693e+02
7.230000e-06	-1.390561e-09	1.534025e-09	-1.127133e+01	1.701469e+02
7.240000e-06	-1.436709e-09	1.446306e-09	-1.164540e+01	1.595844e+02
7.250000e-06	-1.482799e-09	1.359146e-09	-1.201898e+01	1.488850e+02
7.260000e-06	-1.528791e-09	1.272268e-09	-1.239177e+01	1.380522e+02
7.270000e-06	-1.574709e-09	1.181691e-09	-1.276396e+01	1.270899e+02
7.280000e-06	-1.620574e-09	1.082500e-09	-1.313573e+01	1.160023e+02
7.290000e-06	-1.666361e-09	9.793381e-10	-1.350686e+01	1.047941e+02
7.300000e-06	-1.712064e-09	8.790094e-10	-1.387731e+01	9.347034e+01
7.310000e-06	-1.757694e-09	7.828694e-10	-1.424717e+01	8.203640e+01
7.320000e-06	-1.803216e-09	6.875558e-10	-1.461616e+01	7.049801e+01
7.330000e-06	-1.848636e-09	5.878630e-10	-1.498431e+01	5.886122e+01
7.340000e-06	-1.893964e-09	4.862254e-10	-1.535173e+01	4.713242e+01
7.350000e-06	-1.939223e-09	3.863325e-10	-1.571858e+01	3.531825e+01
7.360000e-06	-1.984408e-09	2.863959e-10	-1.608483e+01	2.342566e+01
7.370000e-06	-2.029496e-09	1.813532e-10	-1.645029e+01	1.146183e+01
7.380000e-06	-2.074505e-09	7.124323e-11	-1.681512e+01	-5.658301e-01
7.390000e-06	-2.119431e-09	-3.815086e-11	-1.717927e+01	-1.264969e+01
7.400000e-06	-2.164276e-09	-1.451676e-10	-1.754276e+01	-2.478196e+01
7.410000e-06	-2.209054e-09	-2.519783e-10	-1.790571e+01	-3.695469e+01
7.420000e-06	-2.253770e-09	-3.617195e-10	-1.826817e+01	-4.915980e+01
7.430000e-06	-2.298398e-09	-4.740127e-10	-1.862990e+01	-6.138912e+01
7.440000e-06	-2.342944e-09	-5.828123e-10	-1.899097e+01	-7.363438e+01
7.450000e-06	-2.387422e-09	-6.863671e-10	-1.935150e+01	-8.588729e+01
7.460000e-06	-2.431834e-09	-7.911898e-10	-1.971148e+01	-9.813956e+01
7.470000e-06	-2.476172e-09	-9.023831e-10	-2.007087e+01	-1.103829e+02
7.480000e-06	-2.520399e-09	-1.015432e-09	-2.042936e+01	-1.226090e+02
7.490000e-06	-2.564533e-09	-1.125813e-09	-2.078709e+01	-1.348096e+02
7.500000e-06	-2.608596e-09	-1.233968e-09	-2.114425e+01	-1.469768e+02
7.510000e-06	-2.652579e-09	-1.342819e-09	-2.150076e+01	-1.591025e+02
7.520000e-06	-2.696471e-09	-1.453380e-09	-2.185653e+01	-1.711788e+02
7.530000e-06	-2.740265e-09	-1.559970e-09	-2.221150e+01	-1.831982e+02
7.540000e-06	-2.783969e-09	-1.659930e-09	-2.256575e+01	-1.951531e+02
7.550000e-06	-2.827577e-09	-1.758122e-09	-2.291922e+01	-2.070364e+02
7.560000e-06	-2.871086e-09	-1.859436e-09	-2.327189e+01	-2.188409e+02
7.570000e-06	-2.914477e-09	-1.963827e-09	-2.362360e+01	-2.305599e+02
7.580000e-06	-2.957741e-09	-2.068121e-09	-2.397428e+01	-2.421871e+02
7.590000e-06	-3.000896e-09	-2.169427e-09	-2.432408e+01	-2.537161e+02
7.600000e-06	-3.043923e-09	-2.268265e-09	-2.467284e+01	-2.651412e+02
7.610000e-06	-3.086820e-09	-2.366487e-09	-2.502055e+01	-2.764568e+02
7.620000e-06	-3.129590e-09	-2.462027e-09	-2.536722e+01	-2.876577e+02
7.630000e-06	-3.172226e-09	-2.552230e-09	-2.571281e+01	-2.987390e+02
7.640000e-06	-3.214691e-09	-2.638965e-09	-2.605702e+01	-3.096964e+02
7.650000e-06	-3.256991e-09	-2.728349e-09	-2.639988e+01	-3.205256e+02
7.660000e-06	-3.299168e-09	-2.822133e-09	-2.674176e+01	-3.312229e+02
7.670000e-06	-3.341183e-09	-2.917626e-09	-2.708231e+01	-3.417850e+02
7.680000e-06	-3.382996e-09	-3.009811e-09	-2.742123e+01	-3.522088e+02
7.690000e-06	-3.424628e-09	-3.093567e-09	-2.775869e+01	-3.624917e+02
7.700000e-06	-3.466097e-09	-3.176305e-09	-2.809481e+01	-3.726314e+02
7.710000e-06	-3.507408e-09	-3.262348e-09	-2.842967e+01	-3.826261e+02
7.720000e-06	-3.548574e-09	-3.348274e-09	-2.876334e+01	-3.924742e+02
7.730000e-06	-3.589604e-09	-3.429072e-09	-2.909591e+01	-4.021747e+02
7.740000e-06	-3.630499e-09	-3.502495e-09	-2.942739e+01	-4.117266e+02
7.750000e-06	-3.671260e-09	-3.575783e-09	-2.975779e+01	-4.211294e+02
7.760000e-06	-3.711888e-09	-3.649308e-09	-3.008710e+01	-4.303831e+02
7.770000e-06	-3.752375e-09	-3.722387e-09	-3.041526e+01	-4.394878e+02
7.780000e-06	-3.792721e-09	-3.796976e-09	-3.074230e+01	-4.484440e+02
7.790000e-06	-3.832940e-09	-3.873772e-09	-3.106830e+01	-4.572523e+02
7.800000e-06	-3.873051e-09	-3.953263e-09	-3.139342e+01	-4.659138e+02
7.810000e-06	-3.913034e-09	-4.030228e-09	-3.171751e+01	-4.744297e+02
7.820000e-06	-3.952889e-09	-4.101409e-09	-3.204056e+01	-4.828016e+02
7.830000e-06	-3.992634e-09	-4.163710e-09	-3.236272e+01	-4.910311e+02
7.840000e-06	-4.032253e-09	-4.218673e-09	-3.268386e+01	-4.991202e+02
7.850000e-06	-4.071695e-09	-4.275775e-09	-3.300356e+01	-5.070709e+02
7.860000e-06	-4.110929e-09	-4.340119e-09	-3.332157e+01	-5.148853e+02
7.870000e-06	-4.149948e-09	-4.412578e-09	-3.363784e+01	-5.225660e+02
7.880000e-06	-4.188719e-09	-4.488320e-09	-3.395210e+01	-5.301153e+02
7.890000e-06	-4.227195e-09	-4.562263e-09	-3.426397e+01	-5.375358e+02
7.900000e-06	-4.265353e-09	-4.632098e-09	-3.457326e+01	-5.448302e+02
7.910000e-06	-4.303185e-09	-4.695487e-09	-3.487991e+01	-5.520012e+02
7.920000e-06	-4.340686e-09	-4.750120e-09	-3.518388e+01	-5.590514e+02
7.930000e-06	-4.377898e-09	-4.798710e-09	-3.548550e+01	-5.659837e+02
7.940000e-06	-4.414826e-09	-4.850555e-09	-3.578483e+01	-5.728008e+02
7.950000e-06	-4.451507e-09	-4.911129e-09	-3.608215e+01	-5.795055e+02
7.960000e-06	-4.487994e-09	-4.979643e-09	-3.637790e+01	-5.861004e+02
7.970000e-06	-4.524300e-09	-5.048018e-09	-3.667218e+01	-5.925882e+02
7.980000e-06	-4.560434e-09	-5.110544e-09	-3.696507e+01	-5.989716e+02
7.990000e-06	-4.596390e-09	-5.165419e-09	-3.725651e+01	-6.052531e+02
8.000000e-06	-4.632195e-09	-5.215296e-09	-3.754673e+01	-6.114351e+02
8.010000e-06	-4.667851e-09	-5.264339e-09	-3.783575e+01	-6.175199e+02
8.020000e-06	-4.703338e-09	-5.312938e-09	-3.812339e+01	-6.235099e+02
8.030000e-06	-4.738622e-09	-5.364088e-09	-3.840940e+01	-6.294071e+02
8.040000e-06	-4.773699e-09	-5.418287e-09	-3.869371e+01	-6.352136e+02
8.050000e-06	-4.808575e-09	-5.475446e-09	-3.897641e+01	-6.409313e+02
8.060000e-06	-4.843238e-09	-5.530977e-09	-3.925737e+01	-6.465619e+02
8.070000e-06	-4.877691e-09	-5.581776e-09	-3.953663e+01	-6.521070e+02
8.080000e-06	-4.911940e-09	-5.629446e-09	-3.981424e+01	-6.575682e+02
8.090000e-06	-4.945969e-09	-5.676016e-09	-4.009006e+01	-6.629468e+02
8.100000e-06	-4.979781e-09	-5.723635e-09	-4.036413e+01	-6.682441e+02
8.110000e-06	-5.013362e-09	-5.768989e-09	-4.063633e+01	-6.734611e+02
8.120000e-06	-5.046693e-09	-5.812424e-09	-4.090650e+01	-6.785987e+02
8.130000e-06	-5.079784e-09	-5.856870e-09	-4.117472e+01	-6.836579e+02
8.140000e-06	-5.112634e-09	-5.904162e-09	-4.144098e+01	-6.886394e+02
8.150000e-06	-5.145283e-09	-5.951065e-09	-4.170562e+01	-6.935436e+02
8.160000e-06	-5.177744e-09	-5.994575e-09	-4.196874e+01	-6.983712e+02
8.170000e-06	-5.210001e-09	-6.036788e-09	-4.223020e+01	-7.031226e+02
8.180000e-06	-5.242093e-09	-6.079277e-09	-4.249033e+01	-7.077979e+02
8.190000e-06	-5.274033e-09	-6.122154e-09	-4.274922e+01	-7.123974e+02
8.200000e-06	-5.305778e-09	-6.162954e-09	-4.300653e+01	-7.169213e+02
8.210000e-06	-5.337290e-09	-6.201316e-09	-4.326196e+01	-7.213696e+02
8.220000e-06	-5.368540e-09	-6.239074e-09	-4.351526e+01	-7.257423e+02
8.230000e-06	-5.399467e-09	-6.277768e-09	-4.376594e+01	-7.300394e+02
8.240000e-06	-5.430046e-09	-6.316374e-09	-4.401380e+01	-7.342607e+02
8.250000e-06	-5.460249e-09	-6.352068e-09	-4.425861e+01	-7.384063e+02
8.260000e-06	-5.490040e-09	-6.386092e-09	-4.450009e+01	-7.424759e+02
8.270000e-06	-5.519414e-09	-6.421105e-09	-4.473818e+01	-7.464694e+02
8.280000e-06	-5.548413e-09	-6.456596e-09	-4.497323e+01	-7.503868e+02
8.290000e-06	-5.577120e-09	-6.491665e-09	-4.520592e+01	-7.542278e+02
8.300000e-06	-5.605573e-09	-6.523625e-09	-4.543655e+01	-7.579925e+02
8.310000e-06	-5.633794e-09	-6.552716e-09	-4.566530e+01	-7.616806e+02
8.320000e-06	-5.661828e-09	-6.582417e-09	-4.589253e+01	-7.652923e+02
8.330000e-06	-5.689699e-09	-6.613526e-09	-4.611844e+01	-7.688276e+02
8.340000e-06	-5.717392e-09	-6.644153e-09	-4.634291e+01	-7.722865e+02
8.350000e-06	-5.744886e-09	-6.672260e-09	-4.656576e+01	-7.756691e+02
8.360000e-06	-5.772136e-09	-6.700335e-09	-4.678664e+01	-7.789757e+02
8.370000e-06	-5.799114e-09	-6.729260e-09	-4.700531e+01	-7.822066e+02
8.380000e-06	-5.825818e-09	-6.757766e-09	-4.722177e+01	-7.853621e+02
8.390000e-06	-5.852234e-09	-6.783913e-09	-4.743589e+01	-7.884426e+02
8.400000e-06	-5.878392e-09	-6.807604e-09	-4.764791e+01	-7.914487e+02
8.410000e-06	-5.904303e-09	-6.832940e-09	-4.785794e+01	-7.943809e+02
8.420000e-06	-5.929950e-09	-6.860091e-09	-4.806582e+01	-7.972400e+02
8.430000e-06	-5.955339e-09	-6.886536e-09	-4.827161e+01	-8.000267e+02
8.440000e-06	-5.980458e-09	-6.909754e-09	-4.847521e+01	-8.027419e+02
8.450000e-06	-6.005305e-09	-6.930114e-09	-4.867661e+01	-8.053865e+02
8.460000e-06	-6.029891e-09	-6.951890e-09	-4.887590e+01	-8.079615e+02
8.470000e-06	-6.054236e-09	-6.975121e-09	-4.907323e+01	-8.104680e+02
8.480000e-06	-6.078395e-09	-6.996616e-09	-4.926906e+01	-8.129072e+02
8.490000e-06	-6.102400e-09	-7.013647e-09	-4.946363e+01	-8.152804e+02
8.500000e-06	-6.126242e-09	-7.029023e-09	-4.965688e+01	-8.175888e+02
8.510000e-06	-6.149887e-09	-7.047376e-09	-4.984854e+01	-8.198338e+02
8.520000e-06	-6.173262e-09	-7.066666e-09	-5.003801e+01	-8.220169e+02
8.530000e-06	-6.196318e-09	-7.084527e-09	-5.022489e+01	-8.241395e+02
8.540000e-06	-6.219000e-09	-7.099842e-09	-5.040874e+01	-8.262032e+02
8.550000e-06	-6.241215e-09	-7.114706e-09	-5.058881e+01	-8.282094e+02
8.560000e-06	-6.262938e-09	-7.131159e-09	-5.076489e+01	-8.301598e+02
8.570000e-06	-6.284192e-09	-7.148526e-09	-5.093716e+01	-8.320560e+02
8.580000e-06	-6.305051e-09	-7.164678e-09	-5.110623e+01	-8.338995e+02
8.590000e-06	-6.325592e-09	-7.181154e-09	-5.127273e+01	-8.356921e+02
8.600000e-06	-6.345874e-09	-7.200840e-09	-5.143713e+01	-8.374352e+02
8.610000e-06	-6.365961e-09	-7.221879e-09	-5.159994e+01	-8.391306e+02
8.620000e-06	-6.385871e-09	-7.241792e-09	-5.176133e+01	-8.407798e+02
8.630000e-06	-6.405575e-09	-7.255763e-09	-5.192104e+01	-8.423844e+02
8.640000e-06	-6.425056e-09	-7.265151e-09	-5.207895e+01	-8.439460e+02
8.650000e-06	-6.444263e-09	-7.273719e-09	-5.223463e+01	-8.454659e+02
8.660000e-06	-6.463159e-09	-7.284416e-09	-5.238779e+01	-8.469457e+02
8.670000e-06	-6.481763e-09	-7.299638e-09	-5.253859e+01	-8.483868e+02
8.680000e-06	-6.500071e-09	-7.317606e-09	-5.268698e+01	-8.497906e+02
8.690000e-06	-6.518112e-09	-7.336757e-09	-5.283322e+01	-8.511583e+02
8.700000e-06	-6.535902e-09	-7.355171e-09	-5.297742e+01	-8.524911e+02
8.710000e-06	-6.553398e-09	-7.370664e-09	-5.311923e+01	-8.537903e+02
8.720000e-06	-6.570589e-09	-7.380444e-09	-5.325858e+01	-8.550568e+02
8.730000e-06	-6.587509e-09	-7.386878e-09	-5.339572e+01	-8.562918e+02
8.740000e-06	-6.604147e-09	-7.393268e-09	-5.353059e+01	-8.574962e+02
8.750000e-06	-6.620506e-09	-7.403494e-09	-5.366319e+01	-8.586708e+02
8.760000e-06	-6.636653e-09	-7.418123e-09	-5.379407e+01	-8.598164e+02
8.770000e-06	-6.652616e-09	-7.431697e-09	-5.392346e+01	-8.609338e+02
8.780000e-06	-6.668345e-09	-7.443487e-09	-5.405095e+01	-8.620236e+02
8.790000e-06	-6.683788e-09	-7.454301e-09	-5.417612e+01	-8.630863e+02
8.800000e-06	-6.698849e-09	-7.464755e-09	-5.429820e+01	-8.641224e+02
8.810000e-06	-6.713426e-09	-7.473637e-09	-5.441636e+01	-8.651324e+02
8.820000e-06	-6.727464e-09	-7.480804e-09	-5.453014e+01	-8.661166e+02
8.830000e-06	-6.740987e-09	-7.487556e-09	-5.463975e+01	-8.670752e+02
8.840000e-06	-6.754068e-09	-7.495464e-09	-5.474579e+01	-8.680085e+02
8.850000e-06	-6.766777e-09	-7.505561e-09	-5.484880e+01	-8.689167e+02
8.860000e-06	-6.779180e-09	-7.514828e-09	-5.494933e+01	-8.697999e+02
8.870000e-06	-6.791309e-09	-7.523405e-09	-5.504765e+01	-8.706581e+02
8.880000e-06	-6.803157e-09	-7.530638e-09	-5.514368e+01	-8.714914e+02
8.890000e-06	-6.814714e-09	-7.538899e-09	-5.523736e+01	-8.722997e+02
8.900000e-06	-6.825951e-09	-7.549420e-09	-5.532844e+01	-8.730830e+02
8.910000e-06	-6.836838e-09	-7.557768e-09	-5.541668e+01	-8.738412e+02
8.920000e-06	-6.847411e-09	-7.565256e-09	-5.550238e+01	-8.745743e+02
8.930000e-06	-6.857706e-09	-7.568182e-09	-5.558583e+01	-8.752821e+02
8.940000e-06	-6.867711e-09	-7.568641e-09	-5.566693e+01	-8.759645e+02
8.950000e-06	-6.877413e-09	-7.569321e-09	-5.574557e+01	-8.766214e+02
8.960000e-06	-6.886794e-09	-7.571927e-09	-5.582160e+01	-8.772528e+02
8.970000e-06	-6.895814e-09	-7.578360e-09	-5.589472e+01	-8.778584e+02
8.980000e-06	-6.904489e-09	-7.584793e-09	-5.596503e+01	-8.784382e+02
8.990000e-06	-6.912899e-09	-7.592753e-09	-5.603320e+01	-8.789922e+02
9.000000e-06	-6.921105e-09	-7.598494e-09	-5.609972e+01	-8.795204e+02
9.010000e-06	-6.929127e-09	-7.602965e-09	-5.616474e+01	-8.800226e+02
9.020000e-06	-6.936963e-09	-7.603769e-09	-5.622826e+01	-8.804989e+02
9.030000e-06	-6.944555e-09	-7.599619e-09	-5.628980e+01	-8.809494e+02
9.040000e-06	-6.951822e-09	-7.596289e-09	-5.634869e+01	-8.813741e+02
9.050000e-06	-6.958689e-09	-7.596222e-09	-5.640436e+01	-8.817732e+02
9.060000e-06	-6.965047e-09	-7.602906e-09	-5.645589e+01	-8.821469e+02
9.070000e-06	-6.970884e-09	-7.609519e-09	-5.650320e+01	-8.824954e+02
9.080000e-06	-6.976251e-09	-7.615155e-09	-5.654671e+01	-8.828190e+02
9.090000e-06	-6.981182e-09	-7.620007e-09	-5.658667e+01	-8.831179e+02
9.100000e-06	-6.985742e-09	-7.623164e-09	-5.662363e+01	-8.833926e+02
9.110000e-06	-6.990018e-09	-7.626658e-09	-5.665830e+01	-8.836434e+02
9.120000e-06	-6.994104e-09	-7.628023e-09	-5.669142e+01	-8.838708e+02
9.130000e-06	-6.998045e-09	-7.628090e-09	-5.672336e+01	-8.840753e+02
9.140000e-06	-7.001777e-09	-7.625460e-09	-5.675361e+01	-8.842574e+02
9.150000e-06	-7.005233e-09	-7.624110e-09	-5.678162e+01	-8.844177e+02
9.160000e-06	-7.008377e-09	-7.623546e-09	-5.680711e+01	-8.845568e+02
9.170000e-06	-7.011176e-09	-7.623383e-09	-5.682980e+01	-8.846753e+02
9.180000e-06	-7.013691e-09	-7.624694e-09	-5.685018e+01	-8.847739e+02
9.190000e-06	-7.015947e-09	-7.626929e-09	-5.686847e+01	-8.848534e+02
9.200000e-06	-7.017945e-09	-7.631829e-09	-5.688466e+01	-8.849143e+02
9.210000e-06	-7.019686e-09	-7.633941e-09	-5.689878e+01	-8.849575e+02
9.220000e-06	-7.020999e-09	-7.633207e-09	-5.690942e+01	-8.849837e+02
9.230000e-06	-7.021893e-09	-7.628398e-09	-5.691666e+01	-8.849936e+02
9.240000e-06	-7.022548e-09	-7.621984e-09	-5.692197e+01	-8.849880e+02
9.250000e-06	-7.022969e-09	-7.617755e-09	-5.692538e+01	-8.849676e+02
