# Temperatura_=_20.0
# Concentracion g/m^3_=_18000.0
# C_Vs_to_Am_M_A/Vsm_=_116720831517.84952
# pendiente_HvsI_1/m_=_3716.3
# ordenada_HvsI_A/m_=_1297.0
# frecuencia_Hz_=_108223.02551542134
# Promedio de 25 ciclos

Tiempo_(s)	Campo_(V.s)	Magnetizacion_(V.s)	Campo_(kA/m)	Magnetizacion_(A/m)
0.000000e+00	-6.920620e-09	-7.515563e-09	-5.692491e+01	-8.630565e+02
1.000000e-08	-6.920820e-09	-7.521858e-09	-5.692656e+01	-8.631051e+02
2.000000e-08	-6.920845e-09	-7.525872e-09	-5.692677e+01	-8.631040e+02
3.000000e-08	-6.920666e-09	-7.525386e-09	-5.692529e+01	-8.630522e+02
4.000000e-08	-6.920202e-09	-7.521599e-09	-5.692147e+01	-8.629486e+02
5.000000e-08	-6.919399e-09	-7.519849e-09	-5.691487e+01	-8.627924e+02
6.000000e-08	-6.918198e-09	-7.520621e-09	-5.690499e+01	-8.625829e+02
7.000000e-08	-6.916524e-09	-7.520613e-09	-5.689122e+01	-8.623195e+02
8.000000e-08	-6.914343e-09	-7.509186e-09	-5.687328e+01	-8.620020e+02
9.000000e-08	-6.911645e-09	-7.490363e-09	-5.685109e+01	-8.616302e+02
1.000000e-07	-6.908453e-09	-7.501881e-09	-5.682484e+01	-8.612041e+02
1.100000e-07	-6.904870e-09	-7.550632e-09	-5.679536e+01	-8.607240e+02
1.200000e-07	-6.901047e-09	-7.581650e-09	-5.676391e+01	-8.601902e+02
1.300000e-07	-6.897070e-09	-7.537635e-09	-5.673120e+01	-8.596035e+02
1.400000e-07	-6.892904e-09	-7.497738e-09	-5.669693e+01	-8.589644e+02
1.500000e-07	-6.888498e-09	-7.533904e-09	-5.666069e+01	-8.582741e+02
1.600000e-07	-6.883769e-09	-7.507470e-09	-5.662180e+01	-8.575338e+02
1.700000e-07	-6.878695e-09	-7.368603e-09	-5.658006e+01	-8.567446e+02
1.800000e-07	-6.873308e-09	-7.318202e-09	-5.653575e+01	-8.559082e+02
1.900000e-07	-6.867579e-09	-7.349311e-09	-5.648863e+01	-8.550262e+02
2.000000e-07	-6.861561e-09	-7.225483e-09	-5.643912e+01	-8.541006e+02
2.100000e-07	-6.855261e-09	-7.129138e-09	-5.638730e+01	-8.531331e+02
2.200000e-07	-6.848584e-09	-7.188756e-09	-5.633239e+01	-8.521261e+02
2.300000e-07	-6.841536e-09	-7.143421e-09	-5.627442e+01	-8.510818e+02
2.400000e-07	-6.834183e-09	-7.092112e-09	-5.621393e+01	-8.500025e+02
2.500000e-07	-6.826576e-09	-7.150968e-09	-5.615136e+01	-8.488907e+02
2.600000e-07	-6.818773e-09	-7.137832e-09	-5.608717e+01	-8.477491e+02
2.700000e-07	-6.810789e-09	-7.103884e-09	-5.602151e+01	-8.465803e+02
2.800000e-07	-6.802615e-09	-7.162628e-09	-5.595427e+01	-8.453871e+02
2.900000e-07	-6.794195e-09	-7.155842e-09	-5.588501e+01	-8.441723e+02
3.000000e-07	-6.785453e-09	-7.098370e-09	-5.581311e+01	-8.429386e+02
3.100000e-07	-6.776275e-09	-7.120272e-09	-5.573762e+01	-8.416891e+02
3.200000e-07	-6.766595e-09	-7.097724e-09	-5.565800e+01	-8.404265e+02
3.300000e-07	-6.756377e-09	-7.068034e-09	-5.557395e+01	-8.391538e+02
3.400000e-07	-6.745675e-09	-7.086648e-09	-5.548592e+01	-8.378738e+02
3.500000e-07	-6.734611e-09	-7.056746e-09	-5.539491e+01	-8.365894e+02
3.600000e-07	-6.723203e-09	-7.041745e-09	-5.530108e+01	-8.353032e+02
3.700000e-07	-6.711492e-09	-7.067584e-09	-5.520475e+01	-8.340182e+02
3.800000e-07	-6.699491e-09	-7.046790e-09	-5.510603e+01	-8.327368e+02
3.900000e-07	-6.687205e-09	-7.010567e-09	-5.500498e+01	-8.314617e+02
4.000000e-07	-6.674614e-09	-7.024610e-09	-5.490141e+01	-8.301953e+02
4.100000e-07	-6.661650e-09	-7.019181e-09	-5.479478e+01	-8.289400e+02
4.200000e-07	-6.648333e-09	-6.999972e-09	-5.468524e+01	-8.276980e+02
4.300000e-07	-6.634724e-09	-7.011314e-09	-5.457330e+01	-8.264714e+02
4.400000e-07	-6.620813e-09	-7.005405e-09	-5.445888e+01	-8.252620e+02
4.500000e-07	-6.606527e-09	-6.995460e-09	-5.434137e+01	-8.240717e+02
4.600000e-07	-6.591813e-09	-7.002347e-09	-5.422034e+01	-8.229022e+02
4.700000e-07	-6.576634e-09	-6.999747e-09	-5.409549e+01	-8.217547e+02
4.800000e-07	-6.560984e-09	-6.985324e-09	-5.396676e+01	-8.206307e+02
4.900000e-07	-6.544884e-09	-6.990484e-09	-5.383433e+01	-8.195311e+02
5.000000e-07	-6.528409e-09	-6.993354e-09	-5.369882e+01	-8.184569e+02
5.100000e-07	-6.511619e-09	-6.983908e-09	-5.356071e+01	-8.174088e+02
5.200000e-07	-6.494577e-09	-6.977713e-09	-5.342053e+01	-8.163873e+02
5.300000e-07	-6.477298e-09	-6.964627e-09	-5.327841e+01	-8.153926e+02
5.400000e-07	-6.459720e-09	-6.959846e-09	-5.313382e+01	-8.144250e+02
5.500000e-07	-6.441851e-09	-6.957979e-09	-5.298684e+01	-8.134843e+02
5.600000e-07	-6.423700e-09	-6.952208e-09	-5.283754e+01	-8.125703e+02
5.700000e-07	-6.405253e-09	-6.946141e-09	-5.268581e+01	-8.116825e+02
5.800000e-07	-6.386470e-09	-6.945883e-09	-5.253131e+01	-8.108203e+02
5.900000e-07	-6.367362e-09	-6.941145e-09	-5.237414e+01	-8.099829e+02
6.000000e-07	-6.347972e-09	-6.928963e-09	-5.221464e+01	-8.091693e+02
6.100000e-07	-6.328352e-09	-6.921974e-09	-5.205326e+01	-8.083784e+02
6.200000e-07	-6.308568e-09	-6.910807e-09	-5.189053e+01	-8.076088e+02
6.300000e-07	-6.288634e-09	-6.906779e-09	-5.172656e+01	-8.068592e+02
6.400000e-07	-6.268531e-09	-6.906303e-09	-5.156121e+01	-8.061279e+02
6.500000e-07	-6.248265e-09	-6.903986e-09	-5.139451e+01	-8.054133e+02
6.600000e-07	-6.227785e-09	-6.898239e-09	-5.122605e+01	-8.047135e+02
6.700000e-07	-6.207024e-09	-6.889707e-09	-5.105529e+01	-8.040266e+02
6.800000e-07	-6.185987e-09	-6.885440e-09	-5.088225e+01	-8.033507e+02
6.900000e-07	-6.164649e-09	-6.878680e-09	-5.070673e+01	-8.026836e+02
7.000000e-07	-6.143043e-09	-6.873156e-09	-5.052902e+01	-8.020231e+02
7.100000e-07	-6.121195e-09	-6.864844e-09	-5.034931e+01	-8.013671e+02
7.200000e-07	-6.099082e-09	-6.858984e-09	-5.016742e+01	-8.007134e+02
7.300000e-07	-6.076698e-09	-6.853778e-09	-4.998330e+01	-8.000597e+02
7.400000e-07	-6.054020e-09	-6.845240e-09	-4.979677e+01	-7.994036e+02
7.500000e-07	-6.031056e-09	-6.836535e-09	-4.960788e+01	-7.987430e+02
7.600000e-07	-6.007788e-09	-6.828663e-09	-4.941649e+01	-7.980756e+02
7.700000e-07	-5.984271e-09	-6.825592e-09	-4.922305e+01	-7.973992e+02
7.800000e-07	-5.960536e-09	-6.820140e-09	-4.902782e+01	-7.967115e+02
7.900000e-07	-5.936587e-09	-6.814226e-09	-4.883083e+01	-7.960104e+02
8.000000e-07	-5.912450e-09	-6.804806e-09	-4.863229e+01	-7.952939e+02
8.100000e-07	-5.888056e-09	-6.793033e-09	-4.843164e+01	-7.945599e+02
8.200000e-07	-5.863317e-09	-6.783118e-09	-4.822815e+01	-7.938066e+02
8.300000e-07	-5.838186e-09	-6.772122e-09	-4.802144e+01	-7.930321e+02
8.400000e-07	-5.812620e-09	-6.763024e-09	-4.781115e+01	-7.922347e+02
8.500000e-07	-5.786617e-09	-6.755338e-09	-4.759727e+01	-7.914128e+02
8.600000e-07	-5.760182e-09	-6.748696e-09	-4.737983e+01	-7.905648e+02
8.700000e-07	-5.733336e-09	-6.738697e-09	-4.715901e+01	-7.896895e+02
8.800000e-07	-5.706167e-09	-6.725897e-09	-4.693553e+01	-7.887856e+02
8.900000e-07	-5.678759e-09	-6.712422e-09	-4.671010e+01	-7.878520e+02
9.000000e-07	-5.651134e-09	-6.700002e-09	-4.648286e+01	-7.868877e+02
9.100000e-07	-5.623300e-09	-6.690697e-09	-4.625392e+01	-7.858919e+02
9.200000e-07	-5.595306e-09	-6.682383e-09	-4.602366e+01	-7.848639e+02
9.300000e-07	-5.567134e-09	-6.675410e-09	-4.579192e+01	-7.838032e+02
9.400000e-07	-5.538752e-09	-6.665233e-09	-4.555847e+01	-7.827093e+02
9.500000e-07	-5.510159e-09	-6.653309e-09	-4.532329e+01	-7.815820e+02
9.600000e-07	-5.481355e-09	-6.641144e-09	-4.508636e+01	-7.804211e+02
9.700000e-07	-5.452321e-09	-6.628930e-09	-4.484754e+01	-7.792268e+02
9.800000e-07	-5.423030e-09	-6.616807e-09	-4.460662e+01	-7.779990e+02
9.900000e-07	-5.393522e-09	-6.602386e-09	-4.436390e+01	-7.767381e+02
1.000000e-06	-5.363782e-09	-6.588485e-09	-4.411928e+01	-7.754445e+02
1.010000e-06	-5.333811e-09	-6.577301e-09	-4.387275e+01	-7.741186e+02
1.020000e-06	-5.303647e-09	-6.566825e-09	-4.362464e+01	-7.727610e+02
1.030000e-06	-5.273274e-09	-6.551779e-09	-4.337481e+01	-7.713726e+02
1.040000e-06	-5.242691e-09	-6.534490e-09	-4.312326e+01	-7.699540e+02
1.050000e-06	-5.211878e-09	-6.520775e-09	-4.286980e+01	-7.685061e+02
1.060000e-06	-5.180847e-09	-6.511561e-09	-4.261457e+01	-7.670299e+02
1.070000e-06	-5.149601e-09	-6.503453e-09	-4.235755e+01	-7.655264e+02
1.080000e-06	-5.118147e-09	-6.491632e-09	-4.209883e+01	-7.639966e+02
1.090000e-06	-5.086509e-09	-6.477192e-09	-4.183859e+01	-7.624417e+02
1.100000e-06	-5.054692e-09	-6.462815e-09	-4.157688e+01	-7.608628e+02
1.110000e-06	-5.022680e-09	-6.448309e-09	-4.131357e+01	-7.592611e+02
1.120000e-06	-4.990455e-09	-6.434157e-09	-4.104851e+01	-7.576377e+02
1.130000e-06	-4.957993e-09	-6.421616e-09	-4.078150e+01	-7.559938e+02
1.140000e-06	-4.925256e-09	-6.410541e-09	-4.051222e+01	-7.543306e+02
1.150000e-06	-4.892200e-09	-6.400931e-09	-4.024032e+01	-7.526493e+02
1.160000e-06	-4.858789e-09	-6.390597e-09	-3.996550e+01	-7.509509e+02
1.170000e-06	-4.825069e-09	-6.376844e-09	-3.968815e+01	-7.492366e+02
1.180000e-06	-4.790998e-09	-6.360966e-09	-3.940790e+01	-7.475073e+02
1.190000e-06	-4.756568e-09	-6.345719e-09	-3.912470e+01	-7.457642e+02
1.200000e-06	-4.721818e-09	-6.332773e-09	-3.883886e+01	-7.440080e+02
1.210000e-06	-4.686781e-09	-6.321112e-09	-3.855067e+01	-7.422396e+02
1.220000e-06	-4.651522e-09	-6.310284e-09	-3.826065e+01	-7.404599e+02
1.230000e-06	-4.616048e-09	-6.297786e-09	-3.796886e+01	-7.386694e+02
1.240000e-06	-4.580376e-09	-6.283088e-09	-3.767545e+01	-7.368689e+02
1.250000e-06	-4.544528e-09	-6.269794e-09	-3.738058e+01	-7.350588e+02
1.260000e-06	-4.508539e-09	-6.256704e-09	-3.708456e+01	-7.332395e+02
1.270000e-06	-4.472408e-09	-6.242917e-09	-3.678737e+01	-7.314113e+02
1.280000e-06	-4.436152e-09	-6.229702e-09	-3.648914e+01	-7.295745e+02
1.290000e-06	-4.399746e-09	-6.219083e-09	-3.618968e+01	-7.277291e+02
1.300000e-06	-4.363174e-09	-6.209117e-09	-3.588887e+01	-7.258752e+02
1.310000e-06	-4.326450e-09	-6.194560e-09	-3.558680e+01	-7.240125e+02
1.320000e-06	-4.289556e-09	-6.176128e-09	-3.528333e+01	-7.221410e+02
1.330000e-06	-4.252491e-09	-6.159208e-09	-3.497846e+01	-7.202603e+02
1.340000e-06	-4.215231e-09	-6.146809e-09	-3.467198e+01	-7.183699e+02
1.350000e-06	-4.177792e-09	-6.134415e-09	-3.436403e+01	-7.164694e+02
1.360000e-06	-4.140177e-09	-6.119373e-09	-3.405463e+01	-7.145581e+02
1.370000e-06	-4.102349e-09	-6.103778e-09	-3.374348e+01	-7.126353e+02
1.380000e-06	-4.064321e-09	-6.088802e-09	-3.343068e+01	-7.107003e+02
1.390000e-06	-4.026120e-09	-6.073458e-09	-3.311647e+01	-7.087521e+02
1.400000e-06	-3.987758e-09	-6.057172e-09	-3.280092e+01	-7.067898e+02
1.410000e-06	-3.949216e-09	-6.039497e-09	-3.248390e+01	-7.048125e+02
1.420000e-06	-3.910506e-09	-6.022292e-09	-3.216550e+01	-7.028190e+02
1.430000e-06	-3.871619e-09	-6.007504e-09	-3.184563e+01	-7.008082e+02
1.440000e-06	-3.832568e-09	-5.991476e-09	-3.152442e+01	-6.987790e+02
1.450000e-06	-3.793379e-09	-5.974579e-09	-3.120207e+01	-6.967301e+02
1.460000e-06	-3.754020e-09	-5.958059e-09	-3.087833e+01	-6.946603e+02
1.470000e-06	-3.714513e-09	-5.941505e-09	-3.055337e+01	-6.925684e+02
1.480000e-06	-3.674840e-09	-5.924734e-09	-3.022704e+01	-6.904530e+02
1.490000e-06	-3.635002e-09	-5.906258e-09	-2.989936e+01	-6.883130e+02
1.500000e-06	-3.595037e-09	-5.886448e-09	-2.957063e+01	-6.861471e+02
1.510000e-06	-3.554939e-09	-5.866273e-09	-2.924081e+01	-6.839540e+02
1.520000e-06	-3.514683e-09	-5.847868e-09	-2.890968e+01	-6.817325e+02
1.530000e-06	-3.474267e-09	-5.828261e-09	-2.857725e+01	-6.794814e+02
1.540000e-06	-3.433702e-09	-5.806748e-09	-2.824358e+01	-6.771995e+02
1.550000e-06	-3.392940e-09	-5.787975e-09	-2.790830e+01	-6.748858e+02
1.560000e-06	-3.351972e-09	-5.772268e-09	-2.757132e+01	-6.725392e+02
1.570000e-06	-3.310817e-09	-5.756071e-09	-2.723281e+01	-6.701587e+02
1.580000e-06	-3.269442e-09	-5.735847e-09	-2.689248e+01	-6.677433e+02
1.590000e-06	-3.227855e-09	-5.713780e-09	-2.655042e+01	-6.652921e+02
1.600000e-06	-3.186093e-09	-5.692208e-09	-2.620691e+01	-6.628045e+02
1.610000e-06	-3.144159e-09	-5.671129e-09	-2.586199e+01	-6.602796e+02
1.620000e-06	-3.102015e-09	-5.648984e-09	-2.551534e+01	-6.577169e+02
1.630000e-06	-3.059666e-09	-5.625652e-09	-2.516700e+01	-6.551158e+02
1.640000e-06	-3.017146e-09	-5.601840e-09	-2.481726e+01	-6.524759e+02
1.650000e-06	-2.974453e-09	-5.578186e-09	-2.446609e+01	-6.497967e+02
1.660000e-06	-2.931602e-09	-5.557006e-09	-2.411363e+01	-6.470780e+02
1.670000e-06	-2.888602e-09	-5.535701e-09	-2.375993e+01	-6.443197e+02
1.680000e-06	-2.845460e-09	-5.510889e-09	-2.340507e+01	-6.415215e+02
1.690000e-06	-2.802198e-09	-5.481457e-09	-2.304923e+01	-6.386835e+02
1.700000e-06	-2.758830e-09	-5.452218e-09	-2.269250e+01	-6.358057e+02
1.710000e-06	-2.715346e-09	-5.424086e-09	-2.233483e+01	-6.328884e+02
1.720000e-06	-2.671767e-09	-5.394599e-09	-2.197638e+01	-6.299317e+02
1.730000e-06	-2.628069e-09	-5.366478e-09	-2.161694e+01	-6.269358e+02
1.740000e-06	-2.584234e-09	-5.341195e-09	-2.125638e+01	-6.239013e+02
1.750000e-06	-2.540284e-09	-5.319083e-09	-2.089488e+01	-6.208285e+02
1.760000e-06	-2.496232e-09	-5.297136e-09	-2.053253e+01	-6.177178e+02
1.770000e-06	-2.452111e-09	-5.272979e-09	-2.016961e+01	-6.145698e+02
1.780000e-06	-2.407907e-09	-5.246098e-09	-1.980601e+01	-6.113850e+02
1.790000e-06	-2.363598e-09	-5.218343e-09	-1.944156e+01	-6.081642e+02
1.800000e-06	-2.319190e-09	-5.189864e-09	-1.907628e+01	-6.049077e+02
1.810000e-06	-2.274696e-09	-5.157915e-09	-1.871030e+01	-6.016164e+02
1.820000e-06	-2.230125e-09	-5.125020e-09	-1.834368e+01	-5.982908e+02
1.830000e-06	-2.185465e-09	-5.094468e-09	-1.797634e+01	-5.949315e+02
1.840000e-06	-2.140690e-09	-5.069534e-09	-1.760805e+01	-5.915392e+02
1.850000e-06	-2.095790e-09	-5.047340e-09	-1.723873e+01	-5.881145e+02
1.860000e-06	-2.050823e-09	-5.021647e-09	-1.686885e+01	-5.846579e+02
1.870000e-06	-2.005784e-09	-4.993668e-09	-1.649839e+01	-5.811699e+02
1.880000e-06	-1.960645e-09	-4.964325e-09	-1.612710e+01	-5.776509e+02
1.890000e-06	-1.915414e-09	-4.935395e-09	-1.575506e+01	-5.741014e+02
1.900000e-06	-1.870062e-09	-4.904345e-09	-1.538202e+01	-5.705217e+02
1.910000e-06	-1.824637e-09	-4.871163e-09	-1.500838e+01	-5.669120e+02
1.920000e-06	-1.779150e-09	-4.840034e-09	-1.463423e+01	-5.632725e+02
1.930000e-06	-1.733546e-09	-4.811489e-09	-1.425912e+01	-5.596031e+02
1.940000e-06	-1.687880e-09	-4.783376e-09	-1.388349e+01	-5.559039e+02
1.950000e-06	-1.642155e-09	-4.751576e-09	-1.350739e+01	-5.521746e+02
1.960000e-06	-1.596332e-09	-4.718020e-09	-1.313048e+01	-5.484149e+02
1.970000e-06	-1.550455e-09	-4.685932e-09	-1.275312e+01	-5.446244e+02
1.980000e-06	-1.504546e-09	-4.656674e-09	-1.237551e+01	-5.408024e+02
1.990000e-06	-1.458576e-09	-4.625994e-09	-1.199738e+01	-5.369483e+02
2.000000e-06	-1.412551e-09	-4.589922e-09	-1.161880e+01	-5.330612e+02
2.010000e-06	-1.366458e-09	-4.552669e-09	-1.123967e+01	-5.291400e+02
2.020000e-06	-1.320287e-09	-4.517522e-09	-1.085990e+01	-5.251836e+02
2.030000e-06	-1.274104e-09	-4.483170e-09	-1.048002e+01	-5.211907e+02
2.040000e-06	-1.227877e-09	-4.447258e-09	-1.009979e+01	-5.171596e+02
2.050000e-06	-1.181584e-09	-4.412039e-09	-9.719006e+00	-5.130888e+02
2.060000e-06	-1.135244e-09	-4.377410e-09	-9.337839e+00	-5.089764e+02
2.070000e-06	-1.088875e-09	-4.343984e-09	-8.956440e+00	-5.048205e+02
2.080000e-06	-1.042464e-09	-4.309409e-09	-8.574690e+00	-5.006188e+02
2.090000e-06	-9.959873e-10	-4.270440e-09	-8.192399e+00	-4.963691e+02
2.100000e-06	-9.494715e-10	-4.231706e-09	-7.809788e+00	-4.920690e+02
2.110000e-06	-9.029174e-10	-4.193196e-09	-7.426861e+00	-4.877158e+02
2.120000e-06	-8.563264e-10	-4.154804e-09	-7.043631e+00	-4.833067e+02
2.130000e-06	-8.096694e-10	-4.116666e-09	-6.659858e+00	-4.788389e+02
2.140000e-06	-7.629575e-10	-4.077443e-09	-6.275634e+00	-4.743095e+02
2.150000e-06	-7.162394e-10	-4.037163e-09	-5.891359e+00	-4.697151e+02
2.160000e-06	-6.694591e-10	-3.993971e-09	-5.506571e+00	-4.650526e+02
2.170000e-06	-6.226161e-10	-3.948718e-09	-5.121269e+00	-4.603186e+02
2.180000e-06	-5.757664e-10	-3.904488e-09	-4.735911e+00	-4.555097e+02
2.190000e-06	-5.288678e-10	-3.860319e-09	-4.350151e+00	-4.506223e+02
2.200000e-06	-4.819372e-10	-3.813691e-09	-3.964128e+00	-4.456528e+02
2.210000e-06	-4.350093e-10	-3.766778e-09	-3.578126e+00	-4.405975e+02
2.220000e-06	-3.880620e-10	-3.720687e-09	-3.191965e+00	-4.354527e+02
2.230000e-06	-3.410907e-10	-3.673303e-09	-2.805607e+00	-4.302146e+02
2.240000e-06	-2.940890e-10	-3.625278e-09	-2.418999e+00	-4.248795e+02
2.250000e-06	-2.470785e-10	-3.575636e-09	-2.032318e+00	-4.194434e+02
2.260000e-06	-2.000668e-10	-3.523635e-09	-1.645628e+00	-4.139027e+02
2.270000e-06	-1.530515e-10	-3.471188e-09	-1.258908e+00	-4.082535e+02
2.280000e-06	-1.060608e-10	-3.418736e-09	-8.723892e-01	-4.024921e+02
2.290000e-06	-5.910007e-11	-3.364745e-09	-4.861175e-01	-3.966148e+02
2.300000e-06	-1.212540e-11	-3.309687e-09	-9.973155e-02	-3.906180e+02
2.310000e-06	3.485380e-11	-3.255578e-09	2.866913e-01	-3.844980e+02
2.320000e-06	8.182701e-11	-3.201482e-09	6.730644e-01	-3.782514e+02
2.330000e-06	1.287892e-10	-3.144103e-09	1.059348e+00	-3.718748e+02
2.340000e-06	1.757239e-10	-3.083456e-09	1.445405e+00	-3.653650e+02
2.350000e-06	2.226444e-10	-3.022593e-09	1.831345e+00	-3.587188e+02
2.360000e-06	2.695526e-10	-2.962264e-09	2.217184e+00	-3.519333e+02
2.370000e-06	3.164470e-10	-2.903640e-09	2.602909e+00	-3.450057e+02
2.380000e-06	3.632953e-10	-2.844128e-09	2.988256e+00	-3.379333e+02
2.390000e-06	4.101287e-10	-2.781296e-09	3.373480e+00	-3.307137e+02
2.400000e-06	4.569444e-10	-2.716392e-09	3.758558e+00	-3.233446e+02
2.410000e-06	5.037432e-10	-2.651542e-09	4.143497e+00	-3.158241e+02
2.420000e-06	5.505442e-10	-2.585660e-09	4.528454e+00	-3.081502e+02
2.430000e-06	5.972917e-10	-2.517565e-09	4.912970e+00	-3.003216e+02
2.440000e-06	6.440223e-10	-2.448748e-09	5.297349e+00	-2.923367e+02
2.450000e-06	6.907380e-10	-2.381079e-09	5.681605e+00	-2.841946e+02
2.460000e-06	7.374215e-10	-2.309988e-09	6.065597e+00	-2.758945e+02
2.470000e-06	7.840801e-10	-2.233448e-09	6.449383e+00	-2.674358e+02
2.480000e-06	8.307155e-10	-2.155291e-09	6.832977e+00	-2.588183e+02
2.490000e-06	8.773340e-10	-2.074853e-09	7.216434e+00	-2.500420e+02
2.500000e-06	9.239264e-10	-1.997012e-09	7.599675e+00	-2.411073e+02
2.510000e-06	9.704954e-10	-1.923293e-09	7.982725e+00	-2.320148e+02
2.520000e-06	1.017012e-09	-1.852473e-09	8.365343e+00	-2.227654e+02
2.530000e-06	1.063477e-09	-1.778924e-09	8.747537e+00	-2.133605e+02
2.540000e-06	1.109907e-09	-1.698596e-09	9.129438e+00	-2.038014e+02
2.550000e-06	1.156321e-09	-1.615698e-09	9.511216e+00	-1.940902e+02
2.560000e-06	1.202690e-09	-1.528922e-09	9.892622e+00	-1.842290e+02
2.570000e-06	1.248991e-09	-1.439987e-09	1.027346e+01	-1.742202e+02
2.580000e-06	1.295247e-09	-1.350472e-09	1.065393e+01	-1.640666e+02
2.590000e-06	1.341431e-09	-1.264554e-09	1.103382e+01	-1.537715e+02
2.600000e-06	1.387531e-09	-1.181314e-09	1.141301e+01	-1.433380e+02
2.610000e-06	1.433560e-09	-1.095768e-09	1.179162e+01	-1.327701e+02
2.620000e-06	1.479518e-09	-1.008441e-09	1.216964e+01	-1.220715e+02
2.630000e-06	1.525400e-09	-9.144680e-10	1.254704e+01	-1.112467e+02
2.640000e-06	1.571211e-09	-8.190872e-10	1.292386e+01	-1.003002e+02
2.650000e-06	1.616939e-09	-7.240898e-10	1.329998e+01	-8.923679e+01
2.660000e-06	1.662574e-09	-6.286861e-10	1.367536e+01	-7.806161e+01
2.670000e-06	1.708083e-09	-5.313282e-10	1.404968e+01	-6.678001e+01
2.680000e-06	1.753498e-09	-4.324469e-10	1.442324e+01	-5.539759e+01
2.690000e-06	1.798855e-09	-3.372126e-10	1.479632e+01	-4.392017e+01
2.700000e-06	1.844105e-09	-2.402925e-10	1.516852e+01	-3.235383e+01
2.710000e-06	1.889263e-09	-1.414376e-10	1.553997e+01	-2.070481e+01
2.720000e-06	1.934330e-09	-4.005138e-11	1.591066e+01	-8.979589e+00
2.730000e-06	1.979309e-09	5.900290e-11	1.628063e+01	2.815192e+00
2.740000e-06	2.024228e-09	1.570244e-10	1.665010e+01	1.467272e+01
2.750000e-06	2.069053e-09	2.592246e-10	1.701881e+01	2.658602e+01
2.760000e-06	2.113785e-09	3.630624e-10	1.738674e+01	3.854800e+01
2.770000e-06	2.158435e-09	4.689616e-10	1.775401e+01	5.055141e+01
2.780000e-06	2.202977e-09	5.744596e-10	1.812038e+01	6.258893e+01
2.790000e-06	2.247437e-09	6.807322e-10	1.848609e+01	7.465313e+01
2.800000e-06	2.291851e-09	7.856070e-10	1.885142e+01	8.673650e+01
2.810000e-06	2.336200e-09	8.890968e-10	1.921621e+01	9.883150e+01
2.820000e-06	2.380477e-09	9.940978e-10	1.958040e+01	1.109305e+02
2.830000e-06	2.424690e-09	1.098405e-09	1.994407e+01	1.230260e+02
2.840000e-06	2.468833e-09	1.201400e-09	2.030717e+01	1.351102e+02
2.850000e-06	2.512903e-09	1.301128e-09	2.066966e+01	1.471756e+02
2.860000e-06	2.556884e-09	1.400866e-09	2.103143e+01	1.592147e+02
2.870000e-06	2.600769e-09	1.503369e-09	2.139239e+01	1.712198e+02
2.880000e-06	2.644583e-09	1.607271e-09	2.175279e+01	1.831836e+02
2.890000e-06	2.688314e-09	1.712999e-09	2.211249e+01	1.950987e+02
2.900000e-06	2.731942e-09	1.818161e-09	2.247135e+01	2.069577e+02
2.910000e-06	2.775474e-09	1.921767e-09	2.282942e+01	2.187536e+02
2.920000e-06	2.818887e-09	2.021727e-09	2.318651e+01	2.304793e+02
2.930000e-06	2.862158e-09	2.119246e-09	2.354243e+01	2.421280e+02
2.940000e-06	2.905277e-09	2.216828e-09	2.389710e+01	2.536929e+02
2.950000e-06	2.948230e-09	2.311520e-09	2.425041e+01	2.651676e+02
2.960000e-06	2.991005e-09	2.405553e-09	2.460225e+01	2.765457e+02
2.970000e-06	3.033576e-09	2.501154e-09	2.495241e+01	2.878211e+02
2.980000e-06	3.075934e-09	2.599859e-09	2.530082e+01	2.989879e+02
2.990000e-06	3.118051e-09	2.698427e-09	2.564725e+01	3.100405e+02
3.000000e-06	3.159917e-09	2.793084e-09	2.599161e+01	3.209734e+02
3.010000e-06	3.201546e-09	2.885378e-09	2.633403e+01	3.317815e+02
3.020000e-06	3.242924e-09	2.974095e-09	2.667437e+01	3.424599e+02
3.030000e-06	3.284068e-09	3.062074e-09	2.701280e+01	3.530041e+02
3.040000e-06	3.325009e-09	3.146572e-09	2.734955e+01	3.634096e+02
3.050000e-06	3.365780e-09	3.227556e-09	2.768491e+01	3.736726e+02
3.060000e-06	3.406391e-09	3.309383e-09	2.801895e+01	3.837892e+02
3.070000e-06	3.446832e-09	3.392852e-09	2.835160e+01	3.937561e+02
3.080000e-06	3.487128e-09	3.479424e-09	2.868304e+01	4.035701e+02
3.090000e-06	3.527287e-09	3.563694e-09	2.901337e+01	4.132286e+02
3.100000e-06	3.567314e-09	3.645765e-09	2.934261e+01	4.227289e+02
3.110000e-06	3.607207e-09	3.725583e-09	2.967074e+01	4.320690e+02
3.120000e-06	3.646946e-09	3.802433e-09	2.999762e+01	4.412471e+02
3.130000e-06	3.686559e-09	3.876950e-09	3.032345e+01	4.502616e+02
3.140000e-06	3.726054e-09	3.947919e-09	3.064832e+01	4.591113e+02
3.150000e-06	3.765426e-09	4.019448e-09	3.097217e+01	4.677955e+02
3.160000e-06	3.804650e-09	4.093957e-09	3.129480e+01	4.763135e+02
3.170000e-06	3.843714e-09	4.170273e-09	3.161612e+01	4.846650e+02
3.180000e-06	3.882664e-09	4.241515e-09	3.193649e+01	4.928502e+02
3.190000e-06	3.921445e-09	4.309439e-09	3.225548e+01	5.008694e+02
3.200000e-06	3.960045e-09	4.377445e-09	3.257298e+01	5.087232e+02
3.210000e-06	3.998486e-09	4.444720e-09	3.288918e+01	5.164125e+02
3.220000e-06	4.036748e-09	4.509667e-09	3.320390e+01	5.239385e+02
3.230000e-06	4.074852e-09	4.568982e-09	3.351732e+01	5.313028e+02
3.240000e-06	4.112785e-09	4.627697e-09	3.382934e+01	5.385068e+02
3.250000e-06	4.150523e-09	4.687353e-09	3.413974e+01	5.455527e+02
3.260000e-06	4.188066e-09	4.748064e-09	3.444855e+01	5.524426e+02
3.270000e-06	4.225440e-09	4.807943e-09	3.475597e+01	5.591788e+02
3.280000e-06	4.262599e-09	4.866624e-09	3.506162e+01	5.657639e+02
3.290000e-06	4.299547e-09	4.924028e-09	3.536553e+01	5.722006e+02
3.300000e-06	4.336307e-09	4.977159e-09	3.566789e+01	5.784919e+02
3.310000e-06	4.372869e-09	5.028469e-09	3.596863e+01	5.846409e+02
3.320000e-06	4.409256e-09	5.076000e-09	3.626794e+01	5.906508e+02
3.330000e-06	4.445490e-09	5.122239e-09	3.656597e+01	5.965249e+02
3.340000e-06	4.481578e-09	5.170818e-09	3.686281e+01	6.022666e+02
3.350000e-06	4.517542e-09	5.222918e-09	3.715863e+01	6.078796e+02
3.360000e-06	4.553386e-09	5.275053e-09	3.745346e+01	6.133674e+02
3.370000e-06	4.589059e-09	5.321940e-09	3.774689e+01	6.187337e+02
3.380000e-06	4.624545e-09	5.365338e-09	3.803877e+01	6.239822e+02
3.390000e-06	4.659825e-09	5.406832e-09	3.832897e+01	6.291166e+02
3.400000e-06	4.694853e-09	5.449278e-09	3.861709e+01	6.341408e+02
3.410000e-06	4.729606e-09	5.490550e-09	3.890294e+01	6.390584e+02
3.420000e-06	4.764023e-09	5.530408e-09	3.918604e+01	6.438733e+02
3.430000e-06	4.798103e-09	5.572281e-09	3.946635e+01	6.485890e+02
3.440000e-06	4.831858e-09	5.614863e-09	3.974400e+01	6.532092e+02
3.450000e-06	4.865261e-09	5.655077e-09	4.001875e+01	6.577376e+02
3.460000e-06	4.898336e-09	5.691930e-09	4.029080e+01	6.621776e+02
3.470000e-06	4.931136e-09	5.727814e-09	4.056060e+01	6.665327e+02
3.480000e-06	4.963689e-09	5.764868e-09	4.082836e+01	6.708062e+02
3.490000e-06	4.996027e-09	5.802991e-09	4.109435e+01	6.750012e+02
3.500000e-06	5.028177e-09	5.839506e-09	4.135880e+01	6.791210e+02
3.510000e-06	5.060152e-09	5.875219e-09	4.162181e+01	6.831684e+02
3.520000e-06	5.092002e-09	5.910890e-09	4.188379e+01	6.871463e+02
3.530000e-06	5.123710e-09	5.943861e-09	4.214460e+01	6.910574e+02
3.540000e-06	5.155238e-09	5.975620e-09	4.240393e+01	6.949042e+02
3.550000e-06	5.186558e-09	6.006867e-09	4.266155e+01	6.986891e+02
3.560000e-06	5.217637e-09	6.037157e-09	4.291719e+01	7.024144e+02
3.570000e-06	5.248469e-09	6.066918e-09	4.317080e+01	7.060819e+02
3.580000e-06	5.279061e-09	6.096343e-09	4.342243e+01	7.096938e+02
3.590000e-06	5.309411e-09	6.126001e-09	4.367207e+01	7.132516e+02
3.600000e-06	5.339534e-09	6.155842e-09	4.391984e+01	7.167569e+02
3.610000e-06	5.369439e-09	6.186326e-09	4.416583e+01	7.202111e+02
3.620000e-06	5.399112e-09	6.216577e-09	4.440990e+01	7.236155e+02
3.630000e-06	5.428546e-09	6.246839e-09	4.465200e+01	7.269710e+02
3.640000e-06	5.457766e-09	6.277269e-09	4.489235e+01	7.302786e+02
3.650000e-06	5.486739e-09	6.306526e-09	4.513066e+01	7.335391e+02
3.660000e-06	5.515454e-09	6.332897e-09	4.536686e+01	7.367529e+02
3.670000e-06	5.543939e-09	6.353870e-09	4.560116e+01	7.399206e+02
3.680000e-06	5.572201e-09	6.371622e-09	4.583363e+01	7.430425e+02
3.690000e-06	5.600298e-09	6.392280e-09	4.606473e+01	7.461188e+02
3.700000e-06	5.628242e-09	6.416592e-09	4.629458e+01	7.491495e+02
3.710000e-06	5.656040e-09	6.441228e-09	4.652324e+01	7.521345e+02
3.720000e-06	5.683672e-09	6.465594e-09	4.675052e+01	7.550738e+02
3.730000e-06	5.711058e-09	6.489340e-09	4.697578e+01	7.579671e+02
3.740000e-06	5.738088e-09	6.511308e-09	4.719812e+01	7.608140e+02
3.750000e-06	5.764758e-09	6.531694e-09	4.741748e+01	7.636143e+02
3.760000e-06	5.791012e-09	6.550082e-09	4.763343e+01	7.663673e+02
3.770000e-06	5.816791e-09	6.565658e-09	4.784547e+01	7.690728e+02
3.780000e-06	5.842172e-09	6.582306e-09	4.805424e+01	7.717300e+02
3.790000e-06	5.867151e-09	6.603702e-09	4.825970e+01	7.743385e+02
3.800000e-06	5.891786e-09	6.626279e-09	4.846233e+01	7.768976e+02
3.810000e-06	5.916155e-09	6.645933e-09	4.866278e+01	7.794069e+02
3.820000e-06	5.940271e-09	6.662737e-09	4.886115e+01	7.818657e+02
3.830000e-06	5.964166e-09	6.680235e-09	4.905769e+01	7.842736e+02
3.840000e-06	5.987857e-09	6.698939e-09	4.925256e+01	7.866299e+02
3.850000e-06	6.011330e-09	6.714735e-09	4.944564e+01	7.889343e+02
3.860000e-06	6.034559e-09	6.726983e-09	4.963670e+01	7.911862e+02
3.870000e-06	6.057520e-09	6.739021e-09	4.982557e+01	7.933855e+02
3.880000e-06	6.080197e-09	6.753891e-09	5.001210e+01	7.955317e+02
3.890000e-06	6.102605e-09	6.770335e-09	5.019641e+01	7.976247e+02
3.900000e-06	6.124746e-09	6.786625e-09	5.037853e+01	7.996643e+02
3.910000e-06	6.146621e-09	6.800603e-09	5.055846e+01	8.016504e+02
3.920000e-06	6.168247e-09	6.814822e-09	5.073634e+01	8.035833e+02
3.930000e-06	6.189621e-09	6.831178e-09	5.091215e+01	8.054629e+02
3.940000e-06	6.210712e-09	6.845449e-09	5.108564e+01	8.072896e+02
3.950000e-06	6.231516e-09	6.855532e-09	5.125676e+01	8.090638e+02
3.960000e-06	6.252041e-09	6.864167e-09	5.142558e+01	8.107858e+02
3.970000e-06	6.272331e-09	6.877293e-09	5.159248e+01	8.124565e+02
3.980000e-06	6.292425e-09	6.893514e-09	5.175776e+01	8.140763e+02
3.990000e-06	6.312328e-09	6.906958e-09	5.192147e+01	8.156462e+02
4.000000e-06	6.332060e-09	6.916830e-09	5.208378e+01	8.171671e+02
4.010000e-06	6.351590e-09	6.927243e-09	5.224442e+01	8.186400e+02
4.020000e-06	6.370853e-09	6.939499e-09	5.240286e+01	8.200660e+02
4.030000e-06	6.389802e-09	6.950961e-09	5.255872e+01	8.214465e+02
4.040000e-06	6.408382e-09	6.959374e-09	5.271155e+01	8.227827e+02
4.050000e-06	6.426589e-09	6.967158e-09	5.286131e+01	8.240760e+02
4.060000e-06	6.444464e-09	6.978369e-09	5.300835e+01	8.253281e+02
4.070000e-06	6.462023e-09	6.988703e-09	5.315278e+01	8.265404e+02
4.080000e-06	6.479304e-09	6.996549e-09	5.329492e+01	8.277146e+02
4.090000e-06	6.496364e-09	7.006364e-09	5.343524e+01	8.288524e+02
4.100000e-06	6.513202e-09	7.018338e-09	5.357375e+01	8.299556e+02
4.110000e-06	6.529801e-09	7.031183e-09	5.371027e+01	8.310260e+02
4.120000e-06	6.546070e-09	7.043943e-09	5.384409e+01	8.320653e+02
4.130000e-06	6.561981e-09	7.054782e-09	5.397497e+01	8.330756e+02
4.140000e-06	6.577503e-09	7.062096e-09	5.410264e+01	8.340585e+02
4.150000e-06	6.592594e-09	7.070355e-09	5.422677e+01	8.350159e+02
4.160000e-06	6.607342e-09	7.080056e-09	5.434808e+01	8.359498e+02
4.170000e-06	6.621744e-09	7.087947e-09	5.446654e+01	8.368618e+02
4.180000e-06	6.635822e-09	7.095279e-09	5.458234e+01	8.377538e+02
4.190000e-06	6.649638e-09	7.102237e-09	5.469598e+01	8.386275e+02
4.200000e-06	6.663161e-09	7.112801e-09	5.480721e+01	8.394845e+02
4.210000e-06	6.676368e-09	7.124490e-09	5.491584e+01	8.403265e+02
4.220000e-06	6.689277e-09	7.131962e-09	5.502202e+01	8.411549e+02
4.230000e-06	6.701865e-09	7.137168e-09	5.512557e+01	8.419712e+02
4.240000e-06	6.714127e-09	7.142227e-09	5.522643e+01	8.427767e+02
4.250000e-06	6.726119e-09	7.149143e-09	5.532506e+01	8.435725e+02
4.260000e-06	6.737860e-09	7.157133e-09	5.542164e+01	8.443599e+02
4.270000e-06	6.749340e-09	7.164041e-09	5.551607e+01	8.451397e+02
4.280000e-06	6.760457e-09	7.170643e-09	5.560751e+01	8.459129e+02
4.290000e-06	6.771110e-09	7.178664e-09	5.569513e+01	8.466800e+02
4.300000e-06	6.781264e-09	7.186230e-09	5.577866e+01	8.474417e+02
4.310000e-06	6.790870e-09	7.191290e-09	5.585767e+01	8.481983e+02
4.320000e-06	6.799970e-09	7.195300e-09	5.593252e+01	8.489501e+02
4.330000e-06	6.808624e-09	7.200501e-09	5.600370e+01	8.496972e+02
4.340000e-06	6.816937e-09	7.208123e-09	5.607208e+01	8.504396e+02
4.350000e-06	6.825036e-09	7.215665e-09	5.613870e+01	8.511770e+02
4.360000e-06	6.832940e-09	7.219576e-09	5.620371e+01	8.519091e+02
4.370000e-06	6.840635e-09	7.221106e-09	5.626700e+01	8.526353e+02
4.380000e-06	6.848062e-09	7.222673e-09	5.632809e+01	8.533549e+02
4.390000e-06	6.855189e-09	7.225343e-09	5.638672e+01	8.540672e+02
4.400000e-06	6.861999e-09	7.229346e-09	5.644273e+01	8.547712e+02
4.410000e-06	6.868492e-09	7.234533e-09	5.649614e+01	8.554658e+02
4.420000e-06	6.874673e-09	7.241470e-09	5.654698e+01	8.561497e+02
4.430000e-06	6.880529e-09	7.249828e-09	5.659515e+01	8.568215e+02
4.440000e-06	6.886088e-09	7.256539e-09	5.664087e+01	8.574799e+02
4.450000e-06	6.891342e-09	7.257788e-09	5.668409e+01	8.581231e+02
4.460000e-06	6.896275e-09	7.255708e-09	5.672466e+01	8.587496e+02
4.470000e-06	6.900899e-09	7.254979e-09	5.676270e+01	8.593576e+02
4.480000e-06	6.905224e-09	7.255878e-09	5.679827e+01	8.599451e+02
4.490000e-06	6.909336e-09	7.259149e-09	5.683210e+01	8.605104e+02
4.500000e-06	6.913296e-09	7.264649e-09	5.686467e+01	8.610514e+02
4.510000e-06	6.917072e-09	7.269267e-09	5.689573e+01	8.615661e+02
4.520000e-06	6.920654e-09	7.272074e-09	5.692519e+01	8.620526e+02
4.530000e-06	6.923972e-09	7.275552e-09	5.695249e+01	8.625087e+02
4.540000e-06	6.926886e-09	7.278488e-09	5.697646e+01	8.629325e+02
4.550000e-06	6.929361e-09	7.278884e-09	5.699681e+01	8.633220e+02
4.560000e-06	6.931363e-09	7.278698e-09	5.701328e+01	8.636750e+02
4.570000e-06	6.932852e-09	7.279066e-09	5.702552e+01	8.639898e+02
4.580000e-06	6.933858e-09	7.279561e-09	5.703380e+01	8.642644e+02
4.590000e-06	6.934446e-09	7.279567e-09	5.703864e+01	8.644970e+02
4.600000e-06	6.934731e-09	7.279786e-09	5.704098e+01	8.646858e+02
4.610000e-06	6.934785e-09	7.280477e-09	5.704143e+01	8.648292e+02
4.620000e-06	6.934642e-09	7.280231e-09	5.704025e+01	8.649256e+02
4.630000e-06	6.934301e-09	7.281268e-09	5.703745e+01	8.649738e+02
4.640000e-06	6.933715e-09	7.281533e-09	5.703262e+01	8.649722e+02
4.650000e-06	6.932817e-09	7.277847e-09	5.702524e+01	8.649199e+02
4.660000e-06	6.931580e-09	7.272602e-09	5.701507e+01	8.648158e+02
4.670000e-06	6.930026e-09	7.268453e-09	5.700228e+01	8.646590e+02
4.680000e-06	6.928197e-09	7.264174e-09	5.698724e+01	8.644489e+02
4.690000e-06	6.926099e-09	7.264671e-09	5.696998e+01	8.641850e+02
4.700000e-06	6.923767e-09	7.288654e-09	5.695080e+01	8.638669e+02
4.710000e-06	6.921188e-09	7.304098e-09	5.692959e+01	8.634946e+02
4.720000e-06	6.918239e-09	7.268325e-09	5.690532e+01	8.630679e+02
4.730000e-06	6.914872e-09	7.213489e-09	5.687763e+01	8.625873e+02
4.740000e-06	6.911152e-09	7.237454e-09	5.684704e+01	8.620530e+02
4.750000e-06	6.907203e-09	7.275375e-09	5.681456e+01	8.614656e+02
4.760000e-06	6.903102e-09	7.221744e-09	5.678082e+01	8.608261e+02
4.770000e-06	6.898825e-09	7.268083e-09	5.674564e+01	8.601353e+02
4.780000e-06	6.894297e-09	7.520688e-09	5.670839e+01	8.593944e+02
4.790000e-06	6.889475e-09	7.705860e-09	5.666873e+01	8.586048e+02
4.800000e-06	6.884267e-09	7.709637e-09	5.662589e+01	8.577680e+02
4.810000e-06	6.878530e-09	7.820477e-09	5.657870e+01	8.568856e+02
4.820000e-06	6.872206e-09	7.932777e-09	5.652668e+01	8.559595e+02
4.830000e-06	6.865370e-09	7.816848e-09	5.647046e+01	8.549918e+02
4.840000e-06	6.858098e-09	7.752311e-09	5.641065e+01	8.539844e+02
4.850000e-06	6.850464e-09	7.785276e-09	5.634785e+01	8.529398e+02
4.860000e-06	6.842588e-09	7.669278e-09	5.628306e+01	8.518602e+02
4.870000e-06	6.834527e-09	7.537887e-09	5.621676e+01	8.507483e+02
4.880000e-06	6.826282e-09	7.484323e-09	5.614894e+01	8.496065e+02
4.890000e-06	6.817795e-09	7.371041e-09	5.607913e+01	8.484376e+02
4.900000e-06	6.809047e-09	7.314255e-09	5.600718e+01	8.472443e+02
4.910000e-06	6.800011e-09	7.326291e-09	5.593286e+01	8.460294e+02
4.920000e-06	6.790680e-09	7.242820e-09	5.585610e+01	8.447958e+02
4.930000e-06	6.781087e-09	7.230858e-09	5.577719e+01	8.435463e+02
4.940000e-06	6.771221e-09	7.268647e-09	5.569604e+01	8.422838e+02
4.950000e-06	6.761073e-09	7.197062e-09	5.561258e+01	8.410112e+02
4.960000e-06	6.750640e-09	7.205392e-09	5.552675e+01	8.397313e+02
4.970000e-06	6.739901e-09	7.223487e-09	5.543842e+01	8.384471e+02
4.980000e-06	6.728833e-09	7.154441e-09	5.534738e+01	8.371612e+02
4.990000e-06	6.717450e-09	7.171798e-09	5.525376e+01	8.358764e+02
5.000000e-06	6.705775e-09	7.205658e-09	5.515773e+01	8.345954e+02
5.010000e-06	6.693799e-09	7.155457e-09	5.505922e+01	8.333206e+02
5.020000e-06	6.681496e-09	7.157100e-09	5.495802e+01	8.320547e+02
5.030000e-06	6.668820e-09	7.174178e-09	5.485376e+01	8.307998e+02
5.040000e-06	6.655730e-09	7.140804e-09	5.474608e+01	8.295582e+02
5.050000e-06	6.642127e-09	7.130639e-09	5.463419e+01	8.283320e+02
5.060000e-06	6.627957e-09	7.130161e-09	5.451764e+01	8.271232e+02
5.070000e-06	6.613275e-09	7.122436e-09	5.439687e+01	8.259334e+02
5.080000e-06	6.598125e-09	7.123560e-09	5.427226e+01	8.247644e+02
5.090000e-06	6.582589e-09	7.138493e-09	5.414447e+01	8.236175e+02
5.100000e-06	6.566783e-09	7.131371e-09	5.401446e+01	8.224941e+02
5.110000e-06	6.550761e-09	7.109594e-09	5.388267e+01	8.213951e+02
5.120000e-06	6.534524e-09	7.104286e-09	5.374911e+01	8.203215e+02
5.130000e-06	6.518050e-09	7.090250e-09	5.361362e+01	8.192740e+02
5.140000e-06	6.501292e-09	7.083633e-09	5.347577e+01	8.182531e+02
5.150000e-06	6.484195e-09	7.081367e-09	5.333514e+01	8.172590e+02
5.160000e-06	6.466770e-09	7.077548e-09	5.319181e+01	8.162920e+02
5.170000e-06	6.449063e-09	7.086637e-09	5.304617e+01	8.153519e+02
5.180000e-06	6.431084e-09	7.088804e-09	5.289828e+01	8.144385e+02
5.190000e-06	6.412852e-09	7.074121e-09	5.274831e+01	8.135513e+02
5.200000e-06	6.394370e-09	7.058353e-09	5.259629e+01	8.126897e+02
5.210000e-06	6.375616e-09	7.044143e-09	5.244204e+01	8.118528e+02
5.220000e-06	6.356580e-09	7.030339e-09	5.228546e+01	8.110398e+02
5.230000e-06	6.337269e-09	7.028621e-09	5.212661e+01	8.102494e+02
5.240000e-06	6.317716e-09	7.026829e-09	5.196579e+01	8.094803e+02
5.250000e-06	6.297953e-09	7.022088e-09	5.180323e+01	8.087312e+02
5.260000e-06	6.278027e-09	7.020963e-09	5.163932e+01	8.080004e+02
5.270000e-06	6.257953e-09	7.020144e-09	5.147420e+01	8.072862e+02
5.280000e-06	6.237713e-09	7.009643e-09	5.130773e+01	8.065868e+02
5.290000e-06	6.217278e-09	6.993744e-09	5.113964e+01	8.059003e+02
5.300000e-06	6.196567e-09	6.983856e-09	5.096928e+01	8.052246e+02
5.310000e-06	6.175498e-09	6.977688e-09	5.079598e+01	8.045578e+02
5.320000e-06	6.153999e-09	6.977770e-09	5.061914e+01	8.038976e+02
5.330000e-06	6.132018e-09	6.972117e-09	5.043834e+01	8.032419e+02
5.340000e-06	6.109578e-09	6.964408e-09	5.025377e+01	8.025884e+02
5.350000e-06	6.086709e-09	6.956592e-09	5.006566e+01	8.019348e+02
5.360000e-06	6.063442e-09	6.946754e-09	4.987428e+01	8.012789e+02
5.370000e-06	6.039857e-09	6.938601e-09	4.968028e+01	8.006184e+02
5.380000e-06	6.016028e-09	6.929521e-09	4.948428e+01	7.999511e+02
5.390000e-06	5.991994e-09	6.926377e-09	4.928659e+01	7.992746e+02
5.400000e-06	5.967766e-09	6.921840e-09	4.908730e+01	7.985870e+02
5.410000e-06	5.943331e-09	6.918868e-09	4.888632e+01	7.978859e+02
5.420000e-06	5.918666e-09	6.910930e-09	4.868343e+01	7.971693e+02
5.430000e-06	5.893732e-09	6.899306e-09	4.847834e+01	7.964353e+02
5.440000e-06	5.868508e-09	6.890557e-09	4.827087e+01	7.956819e+02
5.450000e-06	5.842983e-09	6.879539e-09	4.806091e+01	7.949072e+02
5.460000e-06	5.817162e-09	6.872269e-09	4.784852e+01	7.941097e+02
5.470000e-06	5.791072e-09	6.863823e-09	4.763392e+01	7.932876e+02
5.480000e-06	5.764707e-09	6.860240e-09	4.741705e+01	7.924395e+02
5.490000e-06	5.738082e-09	6.857801e-09	4.719805e+01	7.915640e+02
5.500000e-06	5.711192e-09	6.853239e-09	4.697688e+01	7.906599e+02
5.510000e-06	5.684047e-09	6.845574e-09	4.675359e+01	7.897261e+02
5.520000e-06	5.656652e-09	6.833527e-09	4.652826e+01	7.887615e+02
5.530000e-06	5.629033e-09	6.824770e-09	4.630108e+01	7.877655e+02
5.540000e-06	5.601240e-09	6.814322e-09	4.607247e+01	7.867372e+02
5.550000e-06	5.573275e-09	6.804565e-09	4.584245e+01	7.856762e+02
5.560000e-06	5.545143e-09	6.793984e-09	4.561105e+01	7.845821e+02
5.570000e-06	5.516863e-09	6.787461e-09	4.537843e+01	7.834545e+02
5.580000e-06	5.488416e-09	6.781733e-09	4.514445e+01	7.822934e+02
5.590000e-06	5.459758e-09	6.769409e-09	4.490873e+01	7.810988e+02
5.600000e-06	5.430814e-09	6.755780e-09	4.467065e+01	7.798708e+02
5.610000e-06	5.401538e-09	6.742208e-09	4.442984e+01	7.786097e+02
5.620000e-06	5.371896e-09	6.735200e-09	4.418603e+01	7.773158e+02
5.630000e-06	5.341906e-09	6.730209e-09	4.393935e+01	7.759897e+02
5.640000e-06	5.311566e-09	6.725159e-09	4.368979e+01	7.746320e+02
5.650000e-06	5.280854e-09	6.717393e-09	4.343718e+01	7.732433e+02
5.660000e-06	5.249789e-09	6.706537e-09	4.318165e+01	7.718246e+02
5.670000e-06	5.218423e-09	6.693958e-09	4.292366e+01	7.703765e+02
5.680000e-06	5.186829e-09	6.678431e-09	4.266378e+01	7.689002e+02
5.690000e-06	5.155002e-09	6.666072e-09	4.240199e+01	7.673965e+02
5.700000e-06	5.122996e-09	6.652919e-09	4.213873e+01	7.658667e+02
5.710000e-06	5.090820e-09	6.641247e-09	4.187407e+01	7.643117e+02
5.720000e-06	5.058432e-09	6.632120e-09	4.160767e+01	7.627327e+02
5.730000e-06	5.025837e-09	6.620489e-09	4.133955e+01	7.611309e+02
5.740000e-06	4.993058e-09	6.605013e-09	4.106994e+01	7.595075e+02
5.750000e-06	4.960053e-09	6.589051e-09	4.079846e+01	7.578636e+02
5.760000e-06	4.926813e-09	6.575656e-09	4.052504e+01	7.562004e+02
5.770000e-06	4.893342e-09	6.561445e-09	4.024973e+01	7.545191e+02
5.780000e-06	4.859615e-09	6.547690e-09	3.997231e+01	7.528207e+02
5.790000e-06	4.825664e-09	6.531630e-09	3.969306e+01	7.511064e+02
5.800000e-06	4.791484e-09	6.514118e-09	3.941190e+01	7.493772e+02
5.810000e-06	4.757094e-09	6.496993e-09	3.912904e+01	7.476341e+02
5.820000e-06	4.722496e-09	6.478706e-09	3.884445e+01	7.458780e+02
5.830000e-06	4.687656e-09	6.460341e-09	3.855788e+01	7.441098e+02
5.840000e-06	4.652593e-09	6.442366e-09	3.826947e+01	7.423301e+02
5.850000e-06	4.617355e-09	6.429159e-09	3.797962e+01	7.405398e+02
5.860000e-06	4.581945e-09	6.417250e-09	3.768836e+01	7.387394e+02
5.870000e-06	4.546349e-09	6.402634e-09	3.739557e+01	7.369294e+02
5.880000e-06	4.510589e-09	6.383848e-09	3.710143e+01	7.351102e+02
5.890000e-06	4.474715e-09	6.361922e-09	3.680635e+01	7.332822e+02
5.900000e-06	4.438712e-09	6.341207e-09	3.651021e+01	7.314454e+02
5.910000e-06	4.402568e-09	6.320865e-09	3.621291e+01	7.296002e+02
5.920000e-06	4.366291e-09	6.302184e-09	3.591451e+01	7.277463e+02
5.930000e-06	4.329848e-09	6.285928e-09	3.561476e+01	7.258838e+02
5.940000e-06	4.293226e-09	6.274522e-09	3.531353e+01	7.240124e+02
5.950000e-06	4.256388e-09	6.264243e-09	3.501052e+01	7.221318e+02
5.960000e-06	4.219308e-09	6.246748e-09	3.470552e+01	7.202415e+02
5.970000e-06	4.182014e-09	6.225066e-09	3.439876e+01	7.183411e+02
5.980000e-06	4.144465e-09	6.203614e-09	3.408991e+01	7.164298e+02
5.990000e-06	4.106649e-09	6.184070e-09	3.377886e+01	7.145071e+02
6.000000e-06	4.068565e-09	6.165498e-09	3.346560e+01	7.125721e+02
6.010000e-06	4.030165e-09	6.145760e-09	3.314975e+01	7.106240e+02
6.020000e-06	3.991469e-09	6.125132e-09	3.283146e+01	7.086618e+02
6.030000e-06	3.952497e-09	6.105960e-09	3.251090e+01	7.066844e+02
6.040000e-06	3.913301e-09	6.087241e-09	3.218850e+01	7.046909e+02
6.050000e-06	3.873891e-09	6.065611e-09	3.186433e+01	7.026801e+02
6.060000e-06	3.834287e-09	6.045457e-09	3.153857e+01	7.006508e+02
6.070000e-06	3.794524e-09	6.028450e-09	3.121150e+01	6.986019e+02
6.080000e-06	3.754592e-09	6.010269e-09	3.088305e+01	6.965320e+02
6.090000e-06	3.714481e-09	5.988268e-09	3.055312e+01	6.944400e+02
6.100000e-06	3.674225e-09	5.965145e-09	3.022200e+01	6.923246e+02
6.110000e-06	3.633850e-09	5.944307e-09	2.988989e+01	6.901845e+02
6.120000e-06	3.593334e-09	5.924003e-09	2.955664e+01	6.880184e+02
6.130000e-06	3.552672e-09	5.904991e-09	2.922217e+01	6.858251e+02
6.140000e-06	3.511871e-09	5.886630e-09	2.888657e+01	6.836035e+02
6.150000e-06	3.470927e-09	5.866948e-09	2.854978e+01	6.813522e+02
6.160000e-06	3.429843e-09	5.845118e-09	2.821185e+01	6.790701e+02
6.170000e-06	3.388625e-09	5.823200e-09	2.787282e+01	6.767562e+02
6.180000e-06	3.347232e-09	5.801321e-09	2.753234e+01	6.744094e+02
6.190000e-06	3.305709e-09	5.777089e-09	2.719080e+01	6.720286e+02
6.200000e-06	3.264060e-09	5.750915e-09	2.684822e+01	6.696129e+02
6.210000e-06	3.222264e-09	5.724319e-09	2.650443e+01	6.671616e+02
6.220000e-06	3.180333e-09	5.702945e-09	2.615953e+01	6.646737e+02
6.230000e-06	3.138276e-09	5.684580e-09	2.581359e+01	6.621486e+02
6.240000e-06	3.096067e-09	5.663234e-09	2.546641e+01	6.595856e+02
6.250000e-06	3.053711e-09	5.637991e-09	2.511801e+01	6.569842e+02
6.260000e-06	3.011235e-09	5.613153e-09	2.476863e+01	6.543440e+02
6.270000e-06	2.968637e-09	5.592852e-09	2.441825e+01	6.516645e+02
6.280000e-06	2.925931e-09	5.571233e-09	2.406697e+01	6.489456e+02
6.290000e-06	2.883112e-09	5.543027e-09	2.371476e+01	6.461869e+02
6.300000e-06	2.840188e-09	5.514430e-09	2.336170e+01	6.433885e+02
6.310000e-06	2.797157e-09	5.490764e-09	2.300775e+01	6.405503e+02
6.320000e-06	2.754021e-09	5.467137e-09	2.265294e+01	6.376723e+02
6.330000e-06	2.710778e-09	5.442255e-09	2.229725e+01	6.347547e+02
6.340000e-06	2.667432e-09	5.415822e-09	2.194071e+01	6.317977e+02
6.350000e-06	2.623998e-09	5.392645e-09	2.158345e+01	6.288016e+02
6.360000e-06	2.580450e-09	5.372218e-09	2.122525e+01	6.257668e+02
6.370000e-06	2.536777e-09	5.347251e-09	2.086602e+01	6.226938e+02
6.380000e-06	2.492999e-09	5.318339e-09	2.050592e+01	6.195829e+02
6.390000e-06	2.449131e-09	5.286450e-09	2.014509e+01	6.164347e+02
6.400000e-06	2.405197e-09	5.258681e-09	1.978371e+01	6.132498e+02
6.410000e-06	2.361200e-09	5.232173e-09	1.942182e+01	6.100287e+02
6.420000e-06	2.317113e-09	5.205943e-09	1.905919e+01	6.067721e+02
6.430000e-06	2.272917e-09	5.181812e-09	1.869565e+01	6.034806e+02
6.440000e-06	2.228638e-09	5.157151e-09	1.833144e+01	6.001548e+02
6.450000e-06	2.184277e-09	5.130550e-09	1.796655e+01	5.967954e+02
6.460000e-06	2.139812e-09	5.099352e-09	1.760081e+01	5.934030e+02
6.470000e-06	2.095261e-09	5.065750e-09	1.723436e+01	5.899782e+02
6.480000e-06	2.050644e-09	5.029924e-09	1.686737e+01	5.865214e+02
6.490000e-06	2.005941e-09	4.998006e-09	1.649967e+01	5.830333e+02
6.500000e-06	1.961144e-09	4.967948e-09	1.613120e+01	5.795142e+02
6.510000e-06	1.916273e-09	4.938337e-09	1.576211e+01	5.759647e+02
6.520000e-06	1.871319e-09	4.912157e-09	1.539235e+01	5.723849e+02
6.530000e-06	1.826279e-09	4.885030e-09	1.502187e+01	5.687751e+02
6.540000e-06	1.781166e-09	4.855678e-09	1.465080e+01	5.651354e+02
6.550000e-06	1.735957e-09	4.822319e-09	1.427894e+01	5.614660e+02
6.560000e-06	1.690675e-09	4.788658e-09	1.390648e+01	5.577667e+02
6.570000e-06	1.645336e-09	4.756538e-09	1.353355e+01	5.540372e+02
6.580000e-06	1.599945e-09	4.725828e-09	1.316018e+01	5.502774e+02
6.590000e-06	1.554508e-09	4.694328e-09	1.278645e+01	5.464868e+02
6.600000e-06	1.508986e-09	4.661305e-09	1.241202e+01	5.426647e+02
6.610000e-06	1.463392e-09	4.629701e-09	1.203698e+01	5.388105e+02
6.620000e-06	1.417729e-09	4.598097e-09	1.166139e+01	5.349233e+02
6.630000e-06	1.372004e-09	4.565281e-09	1.128528e+01	5.310019e+02
6.640000e-06	1.326240e-09	4.529772e-09	1.090885e+01	5.270454e+02
6.650000e-06	1.280413e-09	4.493635e-09	1.053191e+01	5.230522e+02
6.660000e-06	1.234547e-09	4.456638e-09	1.015464e+01	5.190209e+02
6.670000e-06	1.188647e-09	4.418234e-09	9.777105e+00	5.149499e+02
6.680000e-06	1.142676e-09	4.378507e-09	9.398972e+00	5.108372e+02
6.690000e-06	1.096648e-09	4.338566e-09	9.020376e+00	5.066810e+02
6.700000e-06	1.050581e-09	4.302117e-09	8.641456e+00	5.024790e+02
6.710000e-06	1.004468e-09	4.267830e-09	8.262155e+00	4.982290e+02
6.720000e-06	9.583042e-10	4.232859e-09	7.882439e+00	4.939285e+02
6.730000e-06	9.120957e-10	4.195584e-09	7.502356e+00	4.895749e+02
6.740000e-06	8.658305e-10	4.156509e-09	7.121806e+00	4.851654e+02
6.750000e-06	8.194977e-10	4.115249e-09	6.740700e+00	4.806972e+02
6.760000e-06	7.731114e-10	4.074262e-09	6.359154e+00	4.761672e+02
6.770000e-06	7.266944e-10	4.035632e-09	5.977354e+00	4.715723e+02
6.780000e-06	6.802315e-10	3.997642e-09	5.595177e+00	4.669093e+02
6.790000e-06	6.337312e-10	3.958712e-09	5.212693e+00	4.621747e+02
6.800000e-06	5.872158e-10	3.916549e-09	4.830085e+00	4.573651e+02
6.810000e-06	5.406509e-10	3.874934e-09	4.447070e+00	4.524770e+02
6.820000e-06	4.940492e-10	3.833346e-09	4.063752e+00	4.475068e+02
6.830000e-06	4.474507e-10	3.787298e-09	3.680460e+00	4.424508e+02
6.840000e-06	4.008241e-10	3.738833e-09	3.296937e+00	4.373052e+02
6.850000e-06	3.541547e-10	3.694654e-09	2.913062e+00	4.320662e+02
6.860000e-06	3.074854e-10	3.653194e-09	2.529187e+00	4.267302e+02
6.870000e-06	2.608303e-10	3.609035e-09	2.145429e+00	4.212932e+02
6.880000e-06	2.141594e-10	3.561314e-09	1.761542e+00	4.157516e+02
6.890000e-06	1.674889e-10	3.512215e-09	1.377657e+00	4.101014e+02
6.900000e-06	1.208088e-10	3.464738e-09	9.936945e-01	4.043390e+02
6.910000e-06	7.414150e-11	3.416405e-09	6.098357e-01	3.984606e+02
6.920000e-06	2.751135e-11	3.369753e-09	2.262831e-01	3.924627e+02
6.930000e-06	-1.911796e-11	3.321298e-09	-1.572624e-01	3.863415e+02
6.940000e-06	-6.573209e-11	3.271127e-09	-5.406826e-01	3.800938e+02
6.950000e-06	-1.123304e-10	3.219282e-09	-9.239727e-01	3.737160e+02
6.960000e-06	-1.589105e-10	3.159543e-09	-1.307113e+00	3.672050e+02
6.970000e-06	-2.054853e-10	3.096852e-09	-1.690210e+00	3.605575e+02
6.980000e-06	-2.520263e-10	3.035528e-09	-2.073029e+00	3.537708e+02
6.990000e-06	-2.985267e-10	2.982263e-09	-2.455513e+00	3.468418e+02
7.000000e-06	-3.449965e-10	2.931543e-09	-2.837747e+00	3.397681e+02
7.010000e-06	-3.914464e-10	2.876041e-09	-3.219816e+00	3.325472e+02
7.020000e-06	-4.379136e-10	2.817055e-09	-3.602028e+00	3.251768e+02
7.030000e-06	-4.843520e-10	2.752444e-09	-3.984003e+00	3.176549e+02
7.040000e-06	-5.307478e-10	2.686095e-09	-4.365628e+00	3.099797e+02
7.050000e-06	-5.771357e-10	2.618069e-09	-4.747187e+00	3.021496e+02
7.060000e-06	-6.235091e-10	2.551769e-09	-5.128627e+00	2.941634e+02
7.070000e-06	-6.698425e-10	2.487507e-09	-5.509737e+00	2.860199e+02
7.080000e-06	-7.161709e-10	2.424528e-09	-5.890808e+00	2.777184e+02
7.090000e-06	-7.624951e-10	2.360335e-09	-6.271844e+00	2.692583e+02
7.100000e-06	-8.087815e-10	2.288855e-09	-6.652568e+00	2.606393e+02
7.110000e-06	-8.550374e-10	2.211632e-09	-7.033041e+00	2.518617e+02
7.120000e-06	-9.012639e-10	2.129631e-09	-7.413272e+00	2.429256e+02
7.130000e-06	-9.474547e-10	2.049771e-09	-7.793209e+00	2.338317e+02
7.140000e-06	-9.936016e-10	1.974055e-09	-8.172787e+00	2.245810e+02
7.150000e-06	-1.039692e-09	1.899124e-09	-8.551901e+00	2.151747e+02
7.160000e-06	-1.085738e-09	1.825575e-09	-8.930646e+00	2.056144e+02
7.170000e-06	-1.131763e-09	1.744977e-09	-9.309222e+00	1.959019e+02
7.180000e-06	-1.177757e-09	1.659875e-09	-9.687538e+00	1.860393e+02
7.190000e-06	-1.223672e-09	1.573324e-09	-1.006521e+01	1.760293e+02
7.200000e-06	-1.269511e-09	1.483132e-09	-1.044225e+01	1.658746e+02
7.210000e-06	-1.315277e-09	1.394762e-09	-1.081870e+01	1.555782e+02
7.220000e-06	-1.360958e-09	1.304623e-09	-1.119444e+01	1.451437e+02
7.230000e-06	-1.406586e-09	1.216628e-09	-1.156975e+01	1.345746e+02
7.240000e-06	-1.452137e-09	1.127469e-09	-1.194442e+01	1.238750e+02
7.250000e-06	-1.497597e-09	1.033473e-09	-1.231835e+01	1.130492e+02
7.260000e-06	-1.542988e-09	9.352449e-10	-1.269171e+01	1.021017e+02
7.270000e-06	-1.588288e-09	8.328412e-10	-1.306432e+01	9.103736e+01
7.280000e-06	-1.633497e-09	7.367972e-10	-1.343618e+01	7.986132e+01
7.290000e-06	-1.678639e-09	6.414701e-10	-1.380749e+01	6.857890e+01
7.300000e-06	-1.723691e-09	5.456741e-10	-1.417806e+01	5.719572e+01
7.310000e-06	-1.768651e-09	4.495498e-10	-1.454788e+01	4.571760e+01
7.320000e-06	-1.813529e-09	3.474234e-10	-1.491701e+01	3.415061e+01
7.330000e-06	-1.858330e-09	2.415607e-10	-1.528553e+01	2.250101e+01
7.340000e-06	-1.903066e-09	1.288275e-10	-1.565349e+01	1.077527e+01
7.350000e-06	-1.947702e-09	1.761589e-11	-1.602064e+01	-1.019974e+00
7.360000e-06	-1.992256e-09	-8.934956e-11	-1.638712e+01	-1.287790e+01
7.370000e-06	-2.036751e-09	-1.907215e-10	-1.675311e+01	-2.479153e+01
7.380000e-06	-2.081170e-09	-2.885088e-10	-1.711847e+01	-3.675377e+01
7.390000e-06	-2.125521e-09	-3.887589e-10	-1.748328e+01	-4.875738e+01
7.400000e-06	-2.169802e-09	-4.918488e-10	-1.784751e+01	-6.079502e+01
7.410000e-06	-2.214015e-09	-6.015160e-10	-1.821118e+01	-7.285927e+01
7.420000e-06	-2.258163e-09	-7.133050e-10	-1.857432e+01	-8.494263e+01
7.430000e-06	-2.302242e-09	-8.311401e-10	-1.893688e+01	-9.703755e+01
7.440000e-06	-2.346247e-09	-9.454665e-10	-1.929885e+01	-1.091364e+02
7.450000e-06	-2.390194e-09	-1.052183e-09	-1.966033e+01	-1.212316e+02
7.460000e-06	-2.434082e-09	-1.150731e-09	-2.002133e+01	-1.333156e+02
7.470000e-06	-2.477883e-09	-1.246206e-09	-2.038161e+01	-1.453806e+02
7.480000e-06	-2.521609e-09	-1.349559e-09	-2.074128e+01	-1.574192e+02
7.490000e-06	-2.565246e-09	-1.450239e-09	-2.110021e+01	-1.694239e+02
7.500000e-06	-2.608790e-09	-1.554067e-09	-2.145838e+01	-1.813871e+02
7.510000e-06	-2.652233e-09	-1.659321e-09	-2.181571e+01	-1.933015e+02
7.520000e-06	-2.695572e-09	-1.768142e-09	-2.217219e+01	-2.051598e+02
7.530000e-06	-2.738824e-09	-1.876984e-09	-2.252796e+01	-2.169549e+02
7.540000e-06	-2.781966e-09	-1.977801e-09	-2.288281e+01	-2.286798e+02
7.550000e-06	-2.824971e-09	-2.077127e-09	-2.323655e+01	-2.403275e+02
7.560000e-06	-2.867852e-09	-2.171786e-09	-2.358927e+01	-2.518915e+02
7.570000e-06	-2.910610e-09	-2.268781e-09	-2.394097e+01	-2.633651e+02
7.580000e-06	-2.953237e-09	-2.364624e-09	-2.429159e+01	-2.747421e+02
7.590000e-06	-2.995733e-09	-2.460531e-09	-2.464114e+01	-2.860163e+02
7.600000e-06	-3.038087e-09	-2.556854e-09	-2.498952e+01	-2.971819e+02
7.610000e-06	-3.080293e-09	-2.650261e-09	-2.533667e+01	-3.082332e+02
7.620000e-06	-3.122348e-09	-2.745983e-09	-2.568260e+01	-3.191647e+02
7.630000e-06	-3.164257e-09	-2.838521e-09	-2.602731e+01	-3.299715e+02
7.640000e-06	-3.205985e-09	-2.931511e-09	-2.637054e+01	-3.406485e+02
7.650000e-06	-3.247550e-09	-3.022069e-09	-2.671243e+01	-3.511911e+02
7.660000e-06	-3.288950e-09	-3.111161e-09	-2.705296e+01	-3.615952e+02
7.670000e-06	-3.330158e-09	-3.197145e-09	-2.739192e+01	-3.718566e+02
7.680000e-06	-3.371225e-09	-3.276284e-09	-2.772971e+01	-3.819716e+02
7.690000e-06	-3.412162e-09	-3.355265e-09	-2.806644e+01	-3.919368e+02
7.700000e-06	-3.452955e-09	-3.435835e-09	-2.840197e+01	-4.017492e+02
7.710000e-06	-3.493614e-09	-3.524825e-09	-2.873641e+01	-4.114059e+02
7.720000e-06	-3.534146e-09	-3.615145e-09	-2.906980e+01	-4.209045e+02
7.730000e-06	-3.574561e-09	-3.702381e-09	-2.940223e+01	-4.302429e+02
7.740000e-06	-3.614882e-09	-3.785382e-09	-2.973389e+01	-4.394192e+02
7.750000e-06	-3.655072e-09	-3.862658e-09	-3.006447e+01	-4.484319e+02
7.760000e-06	-3.695132e-09	-3.935198e-09	-3.039398e+01	-4.572799e+02
7.770000e-06	-3.735097e-09	-4.000329e-09	-3.072271e+01	-4.659622e+02
7.780000e-06	-3.774937e-09	-4.065280e-09	-3.105041e+01	-4.744784e+02
7.790000e-06	-3.814646e-09	-4.134003e-09	-3.137704e+01	-4.828281e+02
7.800000e-06	-3.854233e-09	-4.210858e-09	-3.170266e+01	-4.910115e+02
7.810000e-06	-3.893654e-09	-4.286987e-09	-3.202691e+01	-4.990288e+02
7.820000e-06	-3.932865e-09	-4.361258e-09	-3.234943e+01	-5.068808e+02
7.830000e-06	-3.971844e-09	-4.433179e-09	-3.267005e+01	-5.145683e+02
7.840000e-06	-4.010588e-09	-4.497734e-09	-3.298874e+01	-5.220926e+02
7.850000e-06	-4.049084e-09	-4.555597e-09	-3.330538e+01	-5.294550e+02
7.860000e-06	-4.087308e-09	-4.604625e-09	-3.361979e+01	-5.366574e+02
7.870000e-06	-4.125236e-09	-4.660517e-09	-3.393176e+01	-5.437015e+02
7.880000e-06	-4.162848e-09	-4.721826e-09	-3.424113e+01	-5.505896e+02
7.890000e-06	-4.200149e-09	-4.787597e-09	-3.454794e+01	-5.573241e+02
7.900000e-06	-4.237176e-09	-4.854049e-09	-3.485251e+01	-5.639075e+02
7.910000e-06	-4.273971e-09	-4.913782e-09	-3.515516e+01	-5.703426e+02
7.920000e-06	-4.310537e-09	-4.973103e-09	-3.545593e+01	-5.766323e+02
7.930000e-06	-4.346922e-09	-5.025764e-09	-3.575521e+01	-5.827797e+02
7.940000e-06	-4.383146e-09	-5.073552e-09	-3.605317e+01	-5.887880e+02
7.950000e-06	-4.419197e-09	-5.115786e-09	-3.634971e+01	-5.946606e+02
7.960000e-06	-4.455118e-09	-5.156982e-09	-3.664517e+01	-6.004009e+02
7.970000e-06	-4.490903e-09	-5.204434e-09	-3.693951e+01	-6.060124e+02
7.980000e-06	-4.526526e-09	-5.254334e-09	-3.723253e+01	-6.114988e+02
7.990000e-06	-4.561987e-09	-5.309060e-09	-3.752421e+01	-6.168637e+02
8.000000e-06	-4.597257e-09	-5.360700e-09	-3.781432e+01	-6.221109e+02
8.010000e-06	-4.632300e-09	-5.409435e-09	-3.810257e+01	-6.272441e+02
8.020000e-06	-4.667114e-09	-5.454431e-09	-3.838892e+01	-6.322670e+02
8.030000e-06	-4.701720e-09	-5.495634e-09	-3.867357e+01	-6.371834e+02
8.040000e-06	-4.736100e-09	-5.536680e-09	-3.895636e+01	-6.419971e+02
8.050000e-06	-4.770276e-09	-5.574565e-09	-3.923748e+01	-6.467117e+02
8.060000e-06	-4.804249e-09	-5.616323e-09	-3.951691e+01	-6.513308e+02
8.070000e-06	-4.837989e-09	-5.656720e-09	-3.979444e+01	-6.558582e+02
8.080000e-06	-4.871517e-09	-5.696690e-09	-4.007022e+01	-6.602972e+02
8.090000e-06	-4.904797e-09	-5.735344e-09	-4.034396e+01	-6.646513e+02
8.100000e-06	-4.937868e-09	-5.771620e-09	-4.061599e+01	-6.689238e+02
8.110000e-06	-4.970741e-09	-5.810104e-09	-4.088638e+01	-6.731180e+02
8.120000e-06	-5.003389e-09	-5.850008e-09	-4.115493e+01	-6.772369e+02
8.130000e-06	-5.035848e-09	-5.890664e-09	-4.142191e+01	-6.812835e+02
8.140000e-06	-5.068137e-09	-5.925249e-09	-4.168750e+01	-6.852606e+02
8.150000e-06	-5.100262e-09	-5.957162e-09	-4.195175e+01	-6.891709e+02
8.160000e-06	-5.132226e-09	-5.989294e-09	-4.221466e+01	-6.930170e+02
8.170000e-06	-5.164003e-09	-6.022511e-09	-4.247604e+01	-6.968012e+02
8.180000e-06	-5.195577e-09	-6.055033e-09	-4.273575e+01	-7.005257e+02
8.190000e-06	-5.226921e-09	-6.087896e-09	-4.299357e+01	-7.041926e+02
8.200000e-06	-5.257971e-09	-6.125780e-09	-4.324896e+01	-7.078037e+02
8.210000e-06	-5.288670e-09	-6.164054e-09	-4.350147e+01	-7.113609e+02
8.220000e-06	-5.318955e-09	-6.197772e-09	-4.375058e+01	-7.148656e+02
8.230000e-06	-5.348832e-09	-6.219858e-09	-4.399633e+01	-7.183192e+02
8.240000e-06	-5.378347e-09	-6.240005e-09	-4.423910e+01	-7.217230e+02
8.250000e-06	-5.407500e-09	-6.267221e-09	-4.447890e+01	-7.250779e+02
8.260000e-06	-5.436327e-09	-6.296916e-09	-4.471601e+01	-7.283850e+02
8.270000e-06	-5.464876e-09	-6.326049e-09	-4.495084e+01	-7.316448e+02
8.280000e-06	-5.493196e-09	-6.353403e-09	-4.518377e+01	-7.348581e+02
8.290000e-06	-5.521336e-09	-6.383030e-09	-4.541524e+01	-7.380252e+02
8.300000e-06	-5.549321e-09	-6.409521e-09	-4.564543e+01	-7.411466e+02
8.310000e-06	-5.577139e-09	-6.431430e-09	-4.587425e+01	-7.442222e+02
8.320000e-06	-5.604782e-09	-6.453196e-09	-4.610162e+01	-7.472523e+02
8.330000e-06	-5.632213e-09	-6.479218e-09	-4.632725e+01	-7.502368e+02
8.340000e-06	-5.659390e-09	-6.511860e-09	-4.655079e+01	-7.531755e+02
8.350000e-06	-5.686282e-09	-6.543131e-09	-4.677199e+01	-7.560682e+02
8.360000e-06	-5.712868e-09	-6.571649e-09	-4.699066e+01	-7.589145e+02
8.370000e-06	-5.739170e-09	-6.595099e-09	-4.720701e+01	-7.617142e+02
8.380000e-06	-5.765251e-09	-6.612922e-09	-4.742154e+01	-7.644666e+02
8.390000e-06	-5.791097e-09	-6.631845e-09	-4.763413e+01	-7.671714e+02
8.400000e-06	-5.816649e-09	-6.653537e-09	-4.784431e+01	-7.698280e+02
8.410000e-06	-5.841940e-09	-6.680046e-09	-4.805234e+01	-7.724358e+02
8.420000e-06	-5.866960e-09	-6.708620e-09	-4.825814e+01	-7.749943e+02
8.430000e-06	-5.891691e-09	-6.738406e-09	-4.846156e+01	-7.775029e+02
8.440000e-06	-5.916210e-09	-6.766935e-09	-4.866324e+01	-7.799610e+02
8.450000e-06	-5.940542e-09	-6.788376e-09	-4.886338e+01	-7.823682e+02
8.460000e-06	-5.964695e-09	-6.804656e-09	-4.906205e+01	-7.847238e+02
8.470000e-06	-5.988701e-09	-6.818295e-09	-4.925951e+01	-7.870275e+02
8.480000e-06	-6.012544e-09	-6.835414e-09	-4.945563e+01	-7.892787e+02
8.490000e-06	-6.036153e-09	-6.858898e-09	-4.964982e+01	-7.914772e+02
8.500000e-06	-6.059498e-09	-6.885223e-09	-4.984185e+01	-7.936227e+02
8.510000e-06	-6.082525e-09	-6.910352e-09	-5.003125e+01	-7.957149e+02
8.520000e-06	-6.105149e-09	-6.931960e-09	-5.021734e+01	-7.977538e+02
8.530000e-06	-6.127345e-09	-6.949938e-09	-5.039991e+01	-7.997392e+02
8.540000e-06	-6.149059e-09	-6.964362e-09	-5.057852e+01	-8.016713e+02
8.550000e-06	-6.170306e-09	-6.977713e-09	-5.075328e+01	-8.035502e+02
8.560000e-06	-6.191146e-09	-6.991751e-09	-5.092470e+01	-8.053762e+02
8.570000e-06	-6.211671e-09	-7.008431e-09	-5.109352e+01	-8.071496e+02
8.580000e-06	-6.231965e-09	-7.028467e-09	-5.126045e+01	-8.088709e+02
8.590000e-06	-6.252088e-09	-7.049205e-09	-5.142597e+01	-8.105408e+02
8.600000e-06	-6.272062e-09	-7.068243e-09	-5.159027e+01	-8.121599e+02
8.610000e-06	-6.291838e-09	-7.084213e-09	-5.175293e+01	-8.137291e+02
8.620000e-06	-6.311381e-09	-7.098029e-09	-5.191368e+01	-8.152493e+02
8.630000e-06	-6.330647e-09	-7.112556e-09	-5.207215e+01	-8.167215e+02
8.640000e-06	-6.349578e-09	-7.127642e-09	-5.222786e+01	-8.181469e+02
8.650000e-06	-6.368207e-09	-7.142713e-09	-5.238110e+01	-8.195267e+02
8.660000e-06	-6.386567e-09	-7.157420e-09	-5.253211e+01	-8.208622e+02
8.670000e-06	-6.404663e-09	-7.170873e-09	-5.268097e+01	-8.221550e+02
8.680000e-06	-6.422498e-09	-7.184238e-09	-5.282767e+01	-8.234064e+02
8.690000e-06	-6.440069e-09	-7.196824e-09	-5.297219e+01	-8.246181e+02
8.700000e-06	-6.457363e-09	-7.209685e-09	-5.311444e+01	-8.257918e+02
8.710000e-06	-6.474343e-09	-7.223337e-09	-5.325411e+01	-8.269291e+02
8.720000e-06	-6.491015e-09	-7.236302e-09	-5.339124e+01	-8.280318e+02
8.730000e-06	-6.507437e-09	-7.248876e-09	-5.352631e+01	-8.291017e+02
8.740000e-06	-6.523673e-09	-7.259451e-09	-5.365987e+01	-8.301406e+02
8.750000e-06	-6.539740e-09	-7.269761e-09	-5.379202e+01	-8.311504e+02
8.760000e-06	-6.555607e-09	-7.278970e-09	-5.392253e+01	-8.321329e+02
8.770000e-06	-6.571204e-09	-7.286219e-09	-5.405083e+01	-8.330899e+02
8.780000e-06	-6.586438e-09	-7.293300e-09	-5.417613e+01	-8.340234e+02
8.790000e-06	-6.601248e-09	-7.303047e-09	-5.429795e+01	-8.349351e+02
8.800000e-06	-6.615552e-09	-7.314139e-09	-5.441560e+01	-8.358268e+02
8.810000e-06	-6.629324e-09	-7.322285e-09	-5.452888e+01	-8.367002e+02
8.820000e-06	-6.642586e-09	-7.330707e-09	-5.463797e+01	-8.375570e+02
8.830000e-06	-6.655417e-09	-7.341352e-09	-5.474351e+01	-8.383987e+02
8.840000e-06	-6.667943e-09	-7.352726e-09	-5.484654e+01	-8.392269e+02
8.850000e-06	-6.680179e-09	-7.359081e-09	-5.494719e+01	-8.400430e+02
8.860000e-06	-6.692158e-09	-7.361422e-09	-5.504572e+01	-8.408482e+02
8.870000e-06	-6.703871e-09	-7.364385e-09	-5.514206e+01	-8.416439e+02
8.880000e-06	-6.715258e-09	-7.367779e-09	-5.523572e+01	-8.424311e+02
8.890000e-06	-6.726315e-09	-7.370397e-09	-5.532668e+01	-8.432108e+02
8.900000e-06	-6.737045e-09	-7.372514e-09	-5.541493e+01	-8.439838e+02
8.910000e-06	-6.747468e-09	-7.378205e-09	-5.550067e+01	-8.447508e+02
8.920000e-06	-6.757615e-09	-7.387068e-09	-5.558413e+01	-8.455123e+02
8.930000e-06	-6.767498e-09	-7.396438e-09	-5.566542e+01	-8.462688e+02
8.940000e-06	-6.777070e-09	-7.403268e-09	-5.574415e+01	-8.470205e+02
8.950000e-06	-6.786308e-09	-7.408214e-09	-5.582014e+01	-8.477675e+02
8.960000e-06	-6.795203e-09	-7.413672e-09	-5.589331e+01	-8.485098e+02
8.970000e-06	-6.803766e-09	-7.417480e-09	-5.596374e+01	-8.492470e+02
8.980000e-06	-6.812086e-09	-7.420018e-09	-5.603217e+01	-8.499790e+02
8.990000e-06	-6.820223e-09	-7.423301e-09	-5.609910e+01	-8.507050e+02
9.000000e-06	-6.828181e-09	-7.428707e-09	-5.616456e+01	-8.514245e+02
9.010000e-06	-6.835936e-09	-7.432908e-09	-5.622835e+01	-8.521367e+02
9.020000e-06	-6.843410e-09	-7.434997e-09	-5.628983e+01	-8.528405e+02
9.030000e-06	-6.850527e-09	-7.438888e-09	-5.634837e+01	-8.535348e+02
9.040000e-06	-6.857210e-09	-7.444145e-09	-5.640334e+01	-8.542185e+02
9.050000e-06	-6.863400e-09	-7.449277e-09	-5.645425e+01	-8.548901e+02
9.060000e-06	-6.869079e-09	-7.453660e-09	-5.650097e+01	-8.555481e+02
9.070000e-06	-6.874269e-09	-7.458783e-09	-5.654366e+01	-8.561911e+02
9.080000e-06	-6.879062e-09	-7.463613e-09	-5.658308e+01	-8.568172e+02
9.090000e-06	-6.883529e-09	-7.467665e-09	-5.661982e+01	-8.574248e+02
9.100000e-06	-6.887766e-09	-7.471044e-09	-5.665468e+01	-8.580120e+02
9.110000e-06	-6.891837e-09	-7.475109e-09	-5.668816e+01	-8.585768e+02
9.120000e-06	-6.895745e-09	-7.481483e-09	-5.672031e+01	-8.591174e+02
9.130000e-06	-6.899451e-09	-7.486771e-09	-5.675079e+01	-8.596316e+02
9.140000e-06	-6.902871e-09	-7.490667e-09	-5.677892e+01	-8.601176e+02
9.150000e-06	-6.905958e-09	-7.495247e-09	-5.680431e+01	-8.605732e+02
9.160000e-06	-6.908720e-09	-7.499910e-09	-5.682703e+01	-8.609964e+02
9.170000e-06	-6.911182e-09	-7.500899e-09	-5.684728e+01	-8.613853e+02
9.180000e-06	-6.913384e-09	-7.499247e-09	-5.686540e+01	-8.617377e+02
9.190000e-06	-6.915350e-09	-7.497614e-09	-5.688156e+01	-8.620518e+02
9.200000e-06	-6.917052e-09	-7.495951e-09	-5.689556e+01	-8.623257e+02
9.210000e-06	-6.918314e-09	-7.495014e-09	-5.690594e+01	-8.625576e+02
9.220000e-06	-6.919209e-09	-7.496324e-09	-5.691331e+01	-8.627457e+02
9.230000e-06	-6.919894e-09	-7.501503e-09	-5.691894e+01	-8.628883e+02
9.240000e-06	-6.920322e-09	-7.508574e-09	-5.692246e+01	-8.629840e+02
