# Temperatura_=_20.0
# Concentracion g/m^3_=_18000.0
# C_Vs_to_Am_M_A/Vsm_=_116720831517.84952
# pendiente_HvsI_1/m_=_3716.3
# ordenada_HvsI_A/m_=_1297.0
# frecuencia_Hz_=_108502.97136399586
# Promedio de 27 ciclos

Tiempo_(s)	Campo_(V.s)	Magnetizacion_(V.s)	Campo_(kA/m)	Magnetizacion_(A/m)
0.000000e+00	-6.877818e-09	-7.060509e-09	-5.698893e+01	-8.230537e+02
1.000000e-08	-6.877823e-09	-7.059130e-09	-5.698897e+01	-8.229771e+02
2.000000e-08	-6.877517e-09	-7.062588e-09	-5.698643e+01	-8.228794e+02
3.000000e-08	-6.876876e-09	-7.070417e-09	-5.698111e+01	-8.227613e+02
4.000000e-08	-6.875926e-09	-7.074529e-09	-5.697325e+01	-8.226235e+02
5.000000e-08	-6.874714e-09	-7.073897e-09	-5.696320e+01	-8.224669e+02
6.000000e-08	-6.873233e-09	-7.067701e-09	-5.695093e+01	-8.222920e+02
7.000000e-08	-6.871459e-09	-7.055397e-09	-5.693623e+01	-8.220998e+02
8.000000e-08	-6.869342e-09	-7.042957e-09	-5.691869e+01	-8.218908e+02
9.000000e-08	-6.866861e-09	-7.032687e-09	-5.689813e+01	-8.216658e+02
1.000000e-07	-6.863966e-09	-7.044607e-09	-5.687415e+01	-8.214254e+02
1.100000e-07	-6.860539e-09	-7.072637e-09	-5.684575e+01	-8.211704e+02
1.200000e-07	-6.856606e-09	-7.077622e-09	-5.681316e+01	-8.209013e+02
1.300000e-07	-6.852413e-09	-7.049570e-09	-5.677842e+01	-8.206186e+02
1.400000e-07	-6.848167e-09	-6.997001e-09	-5.674324e+01	-8.203231e+02
1.500000e-07	-6.843781e-09	-7.022286e-09	-5.670689e+01	-8.200151e+02
1.600000e-07	-6.838898e-09	-7.080161e-09	-5.666644e+01	-8.196951e+02
1.700000e-07	-6.833505e-09	-6.995313e-09	-5.662175e+01	-8.193636e+02
1.800000e-07	-6.827961e-09	-6.961253e-09	-5.657582e+01	-8.190210e+02
1.900000e-07	-6.822201e-09	-7.055412e-09	-5.652808e+01	-8.186675e+02
2.000000e-07	-6.815954e-09	-7.044276e-09	-5.647633e+01	-8.183036e+02
2.100000e-07	-6.809471e-09	-6.962396e-09	-5.642261e+01	-8.179294e+02
2.200000e-07	-6.802912e-09	-6.989394e-09	-5.636826e+01	-8.175451e+02
2.300000e-07	-6.795959e-09	-7.036275e-09	-5.631065e+01	-8.171509e+02
2.400000e-07	-6.788587e-09	-6.946387e-09	-5.624956e+01	-8.167468e+02
2.500000e-07	-6.781030e-09	-6.942866e-09	-5.618695e+01	-8.163330e+02
2.600000e-07	-6.773176e-09	-7.012516e-09	-5.612187e+01	-8.159094e+02
2.700000e-07	-6.764946e-09	-6.947130e-09	-5.605368e+01	-8.154759e+02
2.800000e-07	-6.756546e-09	-6.925417e-09	-5.598407e+01	-8.150325e+02
2.900000e-07	-6.747839e-09	-6.978715e-09	-5.591193e+01	-8.145791e+02
3.000000e-07	-6.738662e-09	-6.942954e-09	-5.583589e+01	-8.141154e+02
3.100000e-07	-6.729244e-09	-6.890026e-09	-5.575785e+01	-8.136413e+02
3.200000e-07	-6.719581e-09	-6.943587e-09	-5.567779e+01	-8.131564e+02
3.300000e-07	-6.709366e-09	-6.955181e-09	-5.559315e+01	-8.126605e+02
3.400000e-07	-6.698701e-09	-6.903901e-09	-5.550478e+01	-8.121532e+02
3.500000e-07	-6.687830e-09	-6.930894e-09	-5.541470e+01	-8.116342e+02
3.600000e-07	-6.676607e-09	-6.932637e-09	-5.532171e+01	-8.111031e+02
3.700000e-07	-6.664997e-09	-6.892366e-09	-5.522551e+01	-8.105594e+02
3.800000e-07	-6.653077e-09	-6.906184e-09	-5.512674e+01	-8.100028e+02
3.900000e-07	-6.640812e-09	-6.907869e-09	-5.502511e+01	-8.094328e+02
4.000000e-07	-6.628246e-09	-6.883090e-09	-5.492100e+01	-8.088490e+02
4.100000e-07	-6.615421e-09	-6.899370e-09	-5.481473e+01	-8.082507e+02
4.200000e-07	-6.602249e-09	-6.906113e-09	-5.470559e+01	-8.076377e+02
4.300000e-07	-6.588736e-09	-6.870931e-09	-5.459362e+01	-8.070093e+02
4.400000e-07	-6.574993e-09	-6.873255e-09	-5.447975e+01	-8.063652e+02
4.500000e-07	-6.560993e-09	-6.877816e-09	-5.436375e+01	-8.057048e+02
4.600000e-07	-6.546718e-09	-6.858156e-09	-5.424546e+01	-8.050276e+02
4.700000e-07	-6.532158e-09	-6.859819e-09	-5.412482e+01	-8.043332e+02
4.800000e-07	-6.517277e-09	-6.861489e-09	-5.400151e+01	-8.036211e+02
4.900000e-07	-6.502089e-09	-6.850773e-09	-5.387567e+01	-8.028909e+02
5.000000e-07	-6.486567e-09	-6.846198e-09	-5.374705e+01	-8.021422e+02
5.100000e-07	-6.470689e-09	-6.844358e-09	-5.361549e+01	-8.013746e+02
5.200000e-07	-6.454486e-09	-6.826334e-09	-5.348124e+01	-8.005877e+02
5.300000e-07	-6.437989e-09	-6.819468e-09	-5.334454e+01	-7.997811e+02
5.400000e-07	-6.421189e-09	-6.819018e-09	-5.320534e+01	-7.989546e+02
5.500000e-07	-6.404091e-09	-6.811670e-09	-5.306367e+01	-7.981079e+02
5.600000e-07	-6.386710e-09	-6.806071e-09	-5.291965e+01	-7.972406e+02
5.700000e-07	-6.369033e-09	-6.796623e-09	-5.277318e+01	-7.963526e+02
5.800000e-07	-6.351048e-09	-6.789925e-09	-5.262416e+01	-7.954436e+02
5.900000e-07	-6.332725e-09	-6.779790e-09	-5.247233e+01	-7.945135e+02
6.000000e-07	-6.314082e-09	-6.769887e-09	-5.231786e+01	-7.935622e+02
6.100000e-07	-6.295161e-09	-6.757456e-09	-5.216108e+01	-7.925895e+02
6.200000e-07	-6.275967e-09	-6.749941e-09	-5.200204e+01	-7.915954e+02
6.300000e-07	-6.256487e-09	-6.745352e-09	-5.184064e+01	-7.905798e+02
6.400000e-07	-6.236721e-09	-6.734388e-09	-5.167686e+01	-7.895428e+02
6.500000e-07	-6.216690e-09	-6.726741e-09	-5.151088e+01	-7.884843e+02
6.600000e-07	-6.196392e-09	-6.715951e-09	-5.134269e+01	-7.874043e+02
6.700000e-07	-6.175835e-09	-6.706126e-09	-5.117236e+01	-7.863030e+02
6.800000e-07	-6.155010e-09	-6.695172e-09	-5.099981e+01	-7.851805e+02
6.900000e-07	-6.133909e-09	-6.683978e-09	-5.082497e+01	-7.840368e+02
7.000000e-07	-6.112550e-09	-6.672393e-09	-5.064799e+01	-7.828721e+02
7.100000e-07	-6.090902e-09	-6.659105e-09	-5.046862e+01	-7.816865e+02
7.200000e-07	-6.068959e-09	-6.648785e-09	-5.028680e+01	-7.804803e+02
7.300000e-07	-6.046746e-09	-6.636403e-09	-5.010274e+01	-7.792535e+02
7.400000e-07	-6.024256e-09	-6.627056e-09	-4.991639e+01	-7.780064e+02
7.500000e-07	-6.001450e-09	-6.614768e-09	-4.972742e+01	-7.767392e+02
7.600000e-07	-5.978303e-09	-6.599468e-09	-4.953563e+01	-7.754521e+02
7.700000e-07	-5.954821e-09	-6.583746e-09	-4.934106e+01	-7.741452e+02
7.800000e-07	-5.931029e-09	-6.570571e-09	-4.914392e+01	-7.728189e+02
7.900000e-07	-5.906950e-09	-6.560649e-09	-4.894441e+01	-7.714732e+02
8.000000e-07	-5.882583e-09	-6.545958e-09	-4.874250e+01	-7.701083e+02
8.100000e-07	-5.857932e-09	-6.530700e-09	-4.853825e+01	-7.687246e+02
8.200000e-07	-5.833004e-09	-6.515592e-09	-4.833170e+01	-7.673220e+02
8.300000e-07	-5.807820e-09	-6.505603e-09	-4.812302e+01	-7.659008e+02
8.400000e-07	-5.782392e-09	-6.496423e-09	-4.791233e+01	-7.644612e+02
8.500000e-07	-5.756710e-09	-6.483860e-09	-4.769954e+01	-7.630031e+02
8.600000e-07	-5.730776e-09	-6.471951e-09	-4.748465e+01	-7.615269e+02
8.700000e-07	-5.704603e-09	-6.461941e-09	-4.726778e+01	-7.600324e+02
8.800000e-07	-5.678193e-09	-6.451589e-09	-4.704894e+01	-7.585199e+02
8.900000e-07	-5.651524e-09	-6.434578e-09	-4.682797e+01	-7.569892e+02
9.000000e-07	-5.624601e-09	-6.416616e-09	-4.660489e+01	-7.554405e+02
9.100000e-07	-5.597427e-09	-6.399763e-09	-4.637973e+01	-7.538737e+02
9.200000e-07	-5.569992e-09	-6.385194e-09	-4.615241e+01	-7.522888e+02
9.300000e-07	-5.542290e-09	-6.373881e-09	-4.592287e+01	-7.506857e+02
9.400000e-07	-5.514301e-09	-6.362791e-09	-4.569095e+01	-7.490643e+02
9.500000e-07	-5.486007e-09	-6.350342e-09	-4.545651e+01	-7.474244e+02
9.600000e-07	-5.457410e-09	-6.335403e-09	-4.521956e+01	-7.457660e+02
9.700000e-07	-5.428530e-09	-6.320689e-09	-4.498027e+01	-7.440888e+02
9.800000e-07	-5.399379e-09	-6.302980e-09	-4.473872e+01	-7.423927e+02
9.900000e-07	-5.369956e-09	-6.284236e-09	-4.449493e+01	-7.406774e+02
1.000000e-06	-5.340273e-09	-6.267996e-09	-4.424898e+01	-7.389427e+02
1.010000e-06	-5.310349e-09	-6.255410e-09	-4.400103e+01	-7.371883e+02
1.020000e-06	-5.280196e-09	-6.244180e-09	-4.375119e+01	-7.354138e+02
1.030000e-06	-5.249806e-09	-6.234092e-09	-4.349938e+01	-7.336191e+02
1.040000e-06	-5.219169e-09	-6.224958e-09	-4.324552e+01	-7.318037e+02
1.050000e-06	-5.188288e-09	-6.214206e-09	-4.298964e+01	-7.299673e+02
1.060000e-06	-5.157181e-09	-6.200069e-09	-4.273190e+01	-7.281096e+02
1.070000e-06	-5.125857e-09	-6.179352e-09	-4.247235e+01	-7.262302e+02
1.080000e-06	-5.094303e-09	-6.159223e-09	-4.221089e+01	-7.243286e+02
1.090000e-06	-5.062526e-09	-6.140318e-09	-4.194760e+01	-7.224046e+02
1.100000e-06	-5.030541e-09	-6.125472e-09	-4.168257e+01	-7.204578e+02
1.110000e-06	-4.998348e-09	-6.113878e-09	-4.141582e+01	-7.184877e+02
1.120000e-06	-4.965938e-09	-6.101445e-09	-4.114728e+01	-7.164939e+02
1.130000e-06	-4.933299e-09	-6.088627e-09	-4.087683e+01	-7.144762e+02
1.140000e-06	-4.900426e-09	-6.070808e-09	-4.060445e+01	-7.124340e+02
1.150000e-06	-4.867321e-09	-6.051844e-09	-4.033014e+01	-7.103671e+02
1.160000e-06	-4.833975e-09	-6.028749e-09	-4.005385e+01	-7.082750e+02
1.170000e-06	-4.800391e-09	-6.005553e-09	-3.977556e+01	-7.061574e+02
1.180000e-06	-4.766565e-09	-5.986617e-09	-3.949528e+01	-7.040140e+02
1.190000e-06	-4.732499e-09	-5.970658e-09	-3.921302e+01	-7.018444e+02
1.200000e-06	-4.698211e-09	-5.959195e-09	-3.892892e+01	-6.996483e+02
1.210000e-06	-4.663709e-09	-5.945451e-09	-3.864303e+01	-6.974255e+02
1.220000e-06	-4.628973e-09	-5.929169e-09	-3.835521e+01	-6.951756e+02
1.230000e-06	-4.594002e-09	-5.909241e-09	-3.806545e+01	-6.928985e+02
1.240000e-06	-4.558817e-09	-5.887616e-09	-3.777391e+01	-6.905938e+02
1.250000e-06	-4.523432e-09	-5.865196e-09	-3.748071e+01	-6.882614e+02
1.260000e-06	-4.487848e-09	-5.843627e-09	-3.718586e+01	-6.859011e+02
1.270000e-06	-4.452053e-09	-5.821706e-09	-3.688927e+01	-6.835127e+02
1.280000e-06	-4.416054e-09	-5.798937e-09	-3.659099e+01	-6.810960e+02
1.290000e-06	-4.379870e-09	-5.780190e-09	-3.629117e+01	-6.786510e+02
1.300000e-06	-4.343485e-09	-5.760391e-09	-3.598969e+01	-6.761775e+02
1.310000e-06	-4.306888e-09	-5.740149e-09	-3.568645e+01	-6.736754e+02
1.320000e-06	-4.270080e-09	-5.717079e-09	-3.538146e+01	-6.711448e+02
1.330000e-06	-4.233071e-09	-5.693000e-09	-3.507481e+01	-6.685855e+02
1.340000e-06	-4.195876e-09	-5.671512e-09	-3.476662e+01	-6.659975e+02
1.350000e-06	-4.158497e-09	-5.649336e-09	-3.445690e+01	-6.633809e+02
1.360000e-06	-4.120928e-09	-5.626042e-09	-3.414561e+01	-6.607356e+02
1.370000e-06	-4.083160e-09	-5.600205e-09	-3.383266e+01	-6.580616e+02
1.380000e-06	-4.045187e-09	-5.575598e-09	-3.351802e+01	-6.553591e+02
1.390000e-06	-4.007013e-09	-5.550802e-09	-3.320172e+01	-6.526279e+02
1.400000e-06	-3.968644e-09	-5.528629e-09	-3.288380e+01	-6.498683e+02
1.410000e-06	-3.930083e-09	-5.506532e-09	-3.256428e+01	-6.470802e+02
1.420000e-06	-3.891334e-09	-5.483905e-09	-3.224321e+01	-6.442637e+02
1.430000e-06	-3.852404e-09	-5.460399e-09	-3.192064e+01	-6.414189e+02
1.440000e-06	-3.813303e-09	-5.431314e-09	-3.159665e+01	-6.385459e+02
1.450000e-06	-3.774031e-09	-5.402182e-09	-3.127125e+01	-6.356447e+02
1.460000e-06	-3.734582e-09	-5.370582e-09	-3.094438e+01	-6.327153e+02
1.470000e-06	-3.694956e-09	-5.342321e-09	-3.061605e+01	-6.297580e+02
1.480000e-06	-3.655168e-09	-5.318455e-09	-3.028636e+01	-6.267726e+02
1.490000e-06	-3.615214e-09	-5.297818e-09	-2.995531e+01	-6.237593e+02
1.500000e-06	-3.575097e-09	-5.281864e-09	-2.962290e+01	-6.207180e+02
1.510000e-06	-3.534822e-09	-5.262353e-09	-2.928919e+01	-6.176489e+02
1.520000e-06	-3.494386e-09	-5.237185e-09	-2.895414e+01	-6.145519e+02
1.530000e-06	-3.453787e-09	-5.205024e-09	-2.861774e+01	-6.114270e+02
1.540000e-06	-3.413022e-09	-5.171774e-09	-2.827997e+01	-6.082741e+02
1.550000e-06	-3.372092e-09	-5.140745e-09	-2.794083e+01	-6.050934e+02
1.560000e-06	-3.330990e-09	-5.113251e-09	-2.760026e+01	-6.018846e+02
1.570000e-06	-3.289710e-09	-5.090430e-09	-2.725822e+01	-5.986477e+02
1.580000e-06	-3.248257e-09	-5.069142e-09	-2.691475e+01	-5.953826e+02
1.590000e-06	-3.206633e-09	-5.051774e-09	-2.656985e+01	-5.920892e+02
1.600000e-06	-3.164845e-09	-5.028301e-09	-2.622360e+01	-5.887673e+02
1.610000e-06	-3.122907e-09	-5.000055e-09	-2.587611e+01	-5.854168e+02
1.620000e-06	-3.080819e-09	-4.967280e-09	-2.552737e+01	-5.820376e+02
1.630000e-06	-3.038582e-09	-4.934845e-09	-2.517740e+01	-5.786293e+02
1.640000e-06	-2.996200e-09	-4.910190e-09	-2.482622e+01	-5.751918e+02
1.650000e-06	-2.953683e-09	-4.883966e-09	-2.447393e+01	-5.717249e+02
1.660000e-06	-2.911042e-09	-4.858179e-09	-2.412061e+01	-5.682282e+02
1.670000e-06	-2.868270e-09	-4.830365e-09	-2.376621e+01	-5.647015e+02
1.680000e-06	-2.825383e-09	-4.805916e-09	-2.341085e+01	-5.611445e+02
1.690000e-06	-2.782390e-09	-4.781672e-09	-2.305461e+01	-5.575569e+02
1.700000e-06	-2.739284e-09	-4.751544e-09	-2.269744e+01	-5.539384e+02
1.710000e-06	-2.696066e-09	-4.721389e-09	-2.233934e+01	-5.502885e+02
1.720000e-06	-2.652742e-09	-4.687701e-09	-2.198036e+01	-5.466070e+02
1.730000e-06	-2.609310e-09	-4.656065e-09	-2.162048e+01	-5.428934e+02
1.740000e-06	-2.565769e-09	-4.623665e-09	-2.125971e+01	-5.391475e+02
1.750000e-06	-2.522121e-09	-4.590328e-09	-2.089805e+01	-5.353687e+02
1.760000e-06	-2.478364e-09	-4.558491e-09	-2.053548e+01	-5.315568e+02
1.770000e-06	-2.434495e-09	-4.526900e-09	-2.017198e+01	-5.277112e+02
1.780000e-06	-2.390510e-09	-4.500095e-09	-1.980754e+01	-5.238317e+02
1.790000e-06	-2.346410e-09	-4.471232e-09	-1.944213e+01	-5.199177e+02
1.800000e-06	-2.302189e-09	-4.438161e-09	-1.907571e+01	-5.159688e+02
1.810000e-06	-2.257847e-09	-4.403317e-09	-1.870830e+01	-5.119847e+02
1.820000e-06	-2.213393e-09	-4.369782e-09	-1.833996e+01	-5.079649e+02
1.830000e-06	-2.168828e-09	-4.336628e-09	-1.797070e+01	-5.039090e+02
1.840000e-06	-2.124154e-09	-4.301016e-09	-1.760054e+01	-4.998166e+02
1.850000e-06	-2.079373e-09	-4.266918e-09	-1.722949e+01	-4.956872e+02
1.860000e-06	-2.034493e-09	-4.233075e-09	-1.685761e+01	-4.915204e+02
1.870000e-06	-1.989528e-09	-4.198925e-09	-1.648503e+01	-4.873159e+02
1.880000e-06	-1.944484e-09	-4.163474e-09	-1.611181e+01	-4.830731e+02
1.890000e-06	-1.899369e-09	-4.125587e-09	-1.573798e+01	-4.787918e+02
1.900000e-06	-1.854187e-09	-4.087116e-09	-1.536361e+01	-4.744714e+02
1.910000e-06	-1.808931e-09	-4.049539e-09	-1.498863e+01	-4.701115e+02
1.920000e-06	-1.763602e-09	-4.014533e-09	-1.461304e+01	-4.657118e+02
1.930000e-06	-1.718206e-09	-3.978266e-09	-1.423689e+01	-4.612718e+02
1.940000e-06	-1.672742e-09	-3.938590e-09	-1.386018e+01	-4.567911e+02
1.950000e-06	-1.627203e-09	-3.899501e-09	-1.348284e+01	-4.522694e+02
1.960000e-06	-1.581588e-09	-3.862607e-09	-1.310488e+01	-4.477061e+02
1.970000e-06	-1.535903e-09	-3.823996e-09	-1.272634e+01	-4.431008e+02
1.980000e-06	-1.490145e-09	-3.782752e-09	-1.234719e+01	-4.384532e+02
1.990000e-06	-1.444315e-09	-3.739615e-09	-1.196746e+01	-4.337627e+02
2.000000e-06	-1.398410e-09	-3.696234e-09	-1.158709e+01	-4.290289e+02
2.010000e-06	-1.352430e-09	-3.653837e-09	-1.120610e+01	-4.242514e+02
2.020000e-06	-1.306380e-09	-3.611607e-09	-1.082453e+01	-4.194297e+02
2.030000e-06	-1.260263e-09	-3.568590e-09	-1.044241e+01	-4.145632e+02
2.040000e-06	-1.214076e-09	-3.525267e-09	-1.005972e+01	-4.096515e+02
2.050000e-06	-1.167827e-09	-3.482322e-09	-9.676496e+00	-4.046941e+02
2.060000e-06	-1.121518e-09	-3.437383e-09	-9.292786e+00	-3.996903e+02
2.070000e-06	-1.075156e-09	-3.391247e-09	-8.908636e+00	-3.946397e+02
2.080000e-06	-1.028750e-09	-3.343849e-09	-8.524123e+00	-3.895415e+02
2.090000e-06	-9.823003e-10	-3.296279e-09	-8.139244e+00	-3.843952e+02
2.100000e-06	-9.358093e-10	-3.250752e-09	-7.754024e+00	-3.792002e+02
2.110000e-06	-8.892874e-10	-3.206951e-09	-7.368548e+00	-3.739557e+02
2.120000e-06	-8.427414e-10	-3.164279e-09	-6.982872e+00	-3.686610e+02
2.130000e-06	-7.961720e-10	-3.121059e-09	-6.597002e+00	-3.633155e+02
2.140000e-06	-7.495737e-10	-3.076778e-09	-6.210893e+00	-3.579182e+02
2.150000e-06	-7.029452e-10	-3.028423e-09	-5.824534e+00	-3.524684e+02
2.160000e-06	-6.562910e-10	-2.977326e-09	-5.437962e+00	-3.469654e+02
2.170000e-06	-6.096103e-10	-2.925761e-09	-5.051169e+00	-3.414081e+02
2.180000e-06	-5.629033e-10	-2.873824e-09	-4.664160e+00	-3.357957e+02
2.190000e-06	-5.161677e-10	-2.824212e-09	-4.276914e+00	-3.301273e+02
2.200000e-06	-4.694060e-10	-2.778029e-09	-3.889450e+00	-3.244019e+02
2.210000e-06	-4.226221e-10	-2.732271e-09	-3.501803e+00	-3.186185e+02
2.220000e-06	-3.758106e-10	-2.681120e-09	-3.113927e+00	-3.127762e+02
2.230000e-06	-3.289739e-10	-2.625942e-09	-2.725843e+00	-3.068738e+02
2.240000e-06	-2.821140e-10	-2.572749e-09	-2.337567e+00	-3.009104e+02
2.250000e-06	-2.352359e-10	-2.521208e-09	-1.949139e+00	-2.948849e+02
2.260000e-06	-1.883487e-10	-2.468836e-09	-1.560636e+00	-2.887962e+02
2.270000e-06	-1.414543e-10	-2.415615e-09	-1.172074e+00	-2.826432e+02
2.280000e-06	-9.455539e-11	-2.361591e-09	-7.834739e-01	-2.764248e+02
2.290000e-06	-4.765503e-11	-2.308210e-09	-3.948620e-01	-2.701400e+02
2.300000e-06	-7.578717e-13	-2.254815e-09	-6.276418e-03	-2.637876e+02
2.310000e-06	4.613290e-11	-2.198914e-09	3.822561e-01	-2.573666e+02
2.320000e-06	9.301267e-11	-2.141852e-09	7.706974e-01	-2.508759e+02
2.330000e-06	1.398785e-10	-2.086934e-09	1.159023e+00	-2.443145e+02
2.340000e-06	1.867307e-10	-2.034867e-09	1.547236e+00	-2.376815e+02
2.350000e-06	2.335672e-10	-1.983004e-09	1.935319e+00	-2.309758e+02
2.360000e-06	2.803892e-10	-1.926477e-09	2.323281e+00	-2.241965e+02
2.370000e-06	3.271939e-10	-1.865293e-09	2.711100e+00	-2.173427e+02
2.380000e-06	3.739850e-10	-1.803901e-09	3.098807e+00	-2.104137e+02
2.390000e-06	4.207614e-10	-1.744983e-09	3.486391e+00	-2.034087e+02
2.400000e-06	4.675192e-10	-1.686166e-09	3.873823e+00	-1.963270e+02
2.410000e-06	5.142616e-10	-1.627310e-09	4.261125e+00	-1.891680e+02
2.420000e-06	5.609877e-10	-1.567397e-09	4.648293e+00	-1.819312e+02
2.430000e-06	6.076955e-10	-1.505464e-09	5.035309e+00	-1.746163e+02
2.440000e-06	6.543820e-10	-1.442930e-09	5.422149e+00	-1.672228e+02
2.450000e-06	7.010485e-10	-1.377210e-09	5.808823e+00	-1.597505e+02
2.460000e-06	7.476887e-10	-1.313692e-09	6.195280e+00	-1.521995e+02
2.470000e-06	7.942944e-10	-1.251174e-09	6.581451e+00	-1.445696e+02
2.480000e-06	8.408678e-10	-1.185966e-09	6.967353e+00	-1.368612e+02
2.490000e-06	8.874023e-10	-1.124425e-09	7.352933e+00	-1.290743e+02
2.500000e-06	9.338904e-10	-1.059738e-09	7.738130e+00	-1.212096e+02
2.510000e-06	9.803290e-10	-9.920470e-10	8.122915e+00	-1.132674e+02
2.520000e-06	1.026715e-09	-9.192052e-10	8.507268e+00	-1.052487e+02
2.530000e-06	1.073047e-09	-8.423498e-10	8.891165e+00	-9.715421e+01
2.540000e-06	1.119314e-09	-7.708231e-10	9.274531e+00	-8.898498e+01
2.550000e-06	1.165518e-09	-6.996020e-10	9.657370e+00	-8.074221e+01
2.560000e-06	1.211662e-09	-6.312592e-10	1.003971e+01	-7.242725e+01
2.570000e-06	1.257742e-09	-5.631447e-10	1.042153e+01	-6.404161e+01
2.580000e-06	1.303757e-09	-4.937372e-10	1.080281e+01	-5.558698e+01
2.590000e-06	1.349718e-09	-4.228838e-10	1.118364e+01	-4.706520e+01
2.600000e-06	1.395622e-09	-3.473639e-10	1.156400e+01	-3.847828e+01
2.610000e-06	1.441463e-09	-2.695285e-10	1.194383e+01	-2.982839e+01
2.620000e-06	1.487242e-09	-1.890917e-10	1.232315e+01	-2.111788e+01
2.630000e-06	1.532956e-09	-1.130887e-10	1.270193e+01	-1.234925e+01
2.640000e-06	1.578603e-09	-4.009309e-11	1.308015e+01	-3.525144e+00
2.650000e-06	1.624179e-09	3.409100e-11	1.345780e+01	5.351616e+00
2.660000e-06	1.669684e-09	1.099308e-10	1.383484e+01	1.427807e+01
2.670000e-06	1.715113e-09	1.894334e-10	1.421127e+01	2.325111e+01
2.680000e-06	1.760467e-09	2.688467e-10	1.458706e+01	3.226750e+01
2.690000e-06	1.805744e-09	3.507344e-10	1.496222e+01	4.132385e+01
2.700000e-06	1.850940e-09	4.341881e-10	1.533671e+01	5.041665e+01
2.710000e-06	1.896050e-09	5.167358e-10	1.571049e+01	5.954230e+01
2.720000e-06	1.941073e-09	5.958012e-10	1.608354e+01	6.869705e+01
2.730000e-06	1.986011e-09	6.732403e-10	1.645590e+01	7.787708e+01
2.740000e-06	2.030857e-09	7.506683e-10	1.682749e+01	8.707846e+01
2.750000e-06	2.075601e-09	8.262169e-10	1.719823e+01	9.629719e+01
2.760000e-06	2.120239e-09	9.049378e-10	1.756810e+01	1.055292e+02
2.770000e-06	2.164773e-09	9.851400e-10	1.793710e+01	1.147703e+02
2.780000e-06	2.209206e-09	1.067315e-09	1.830527e+01	1.240164e+02
2.790000e-06	2.253534e-09	1.149815e-09	1.867257e+01	1.332632e+02
2.800000e-06	2.297756e-09	1.232235e-09	1.903898e+01	1.425065e+02
2.810000e-06	2.341874e-09	1.315363e-09	1.940455e+01	1.517419e+02
2.820000e-06	2.385890e-09	1.395863e-09	1.976926e+01	1.609653e+02
2.830000e-06	2.429801e-09	1.474173e-09	2.013310e+01	1.701724e+02
2.840000e-06	2.473604e-09	1.548934e-09	2.049605e+01	1.793588e+02
2.850000e-06	2.517303e-09	1.624437e-09	2.085813e+01	1.885205e+02
2.860000e-06	2.560899e-09	1.700183e-09	2.121937e+01	1.976532e+02
2.870000e-06	2.604388e-09	1.776569e-09	2.157971e+01	2.067529e+02
2.880000e-06	2.647764e-09	1.853248e-09	2.193912e+01	2.158154e+02
2.890000e-06	2.691027e-09	1.930651e-09	2.229759e+01	2.248368e+02
2.900000e-06	2.734168e-09	2.009608e-09	2.265506e+01	2.338132e+02
2.910000e-06	2.777181e-09	2.085868e-09	2.301146e+01	2.427409e+02
2.920000e-06	2.820070e-09	2.159174e-09	2.336683e+01	2.516162e+02
2.930000e-06	2.862830e-09	2.230254e-09	2.372114e+01	2.604354e+02
2.940000e-06	2.905450e-09	2.301643e-09	2.407428e+01	2.691952e+02
2.950000e-06	2.947930e-09	2.372674e-09	2.442627e+01	2.778923e+02
2.960000e-06	2.990273e-09	2.445444e-09	2.477712e+01	2.865234e+02
2.970000e-06	3.032477e-09	2.518421e-09	2.512682e+01	2.950857e+02
2.980000e-06	3.074538e-09	2.589990e-09	2.547533e+01	3.035762e+02
2.990000e-06	3.116459e-09	2.661485e-09	2.582268e+01	3.119922e+02
3.000000e-06	3.158239e-09	2.731736e-09	2.616887e+01	3.203313e+02
3.010000e-06	3.199871e-09	2.801758e-09	2.651383e+01	3.285910e+02
3.020000e-06	3.241349e-09	2.872347e-09	2.685751e+01	3.367691e+02
3.030000e-06	3.282671e-09	2.941693e-09	2.719990e+01	3.448637e+02
3.040000e-06	3.323837e-09	3.006455e-09	2.754100e+01	3.528730e+02
3.050000e-06	3.364845e-09	3.067845e-09	2.788078e+01	3.607951e+02
3.060000e-06	3.405690e-09	3.129164e-09	2.821922e+01	3.686288e+02
3.070000e-06	3.446374e-09	3.192455e-09	2.855633e+01	3.763726e+02
3.080000e-06	3.486895e-09	3.257970e-09	2.889207e+01	3.840255e+02
3.090000e-06	3.527252e-09	3.325817e-09	2.922647e+01	3.915865e+02
3.100000e-06	3.567448e-09	3.394308e-09	2.955953e+01	3.990548e+02
3.110000e-06	3.607476e-09	3.459355e-09	2.989120e+01	4.064299e+02
3.120000e-06	3.647329e-09	3.519887e-09	3.022141e+01	4.137112e+02
3.130000e-06	3.687004e-09	3.574354e-09	3.055016e+01	4.208984e+02
3.140000e-06	3.726495e-09	3.628212e-09	3.087738e+01	4.279915e+02
3.150000e-06	3.765806e-09	3.685557e-09	3.120310e+01	4.349905e+02
3.160000e-06	3.804940e-09	3.744899e-09	3.152736e+01	4.418955e+02
3.170000e-06	3.843897e-09	3.806842e-09	3.185016e+01	4.487068e+02
3.180000e-06	3.882680e-09	3.869641e-09	3.217151e+01	4.554249e+02
3.190000e-06	3.921287e-09	3.932943e-09	3.249141e+01	4.620502e+02
3.200000e-06	3.959715e-09	3.990088e-09	3.280981e+01	4.685835e+02
3.210000e-06	3.997965e-09	4.040890e-09	3.312675e+01	4.750254e+02
3.220000e-06	4.036038e-09	4.091446e-09	3.344223e+01	4.813769e+02
3.230000e-06	4.073920e-09	4.142703e-09	3.375611e+01	4.876389e+02
3.240000e-06	4.111612e-09	4.197808e-09	3.406842e+01	4.938123e+02
3.250000e-06	4.149125e-09	4.256054e-09	3.437925e+01	4.998984e+02
3.260000e-06	4.186455e-09	4.312982e-09	3.468856e+01	5.058982e+02
3.270000e-06	4.223601e-09	4.365230e-09	3.499635e+01	5.118129e+02
3.280000e-06	4.260559e-09	4.413944e-09	3.530258e+01	5.176438e+02
3.290000e-06	4.297318e-09	4.461152e-09	3.560716e+01	5.233921e+02
3.300000e-06	4.333871e-09	4.509843e-09	3.591004e+01	5.290592e+02
3.310000e-06	4.370204e-09	4.562335e-09	3.621109e+01	5.346463e+02
3.320000e-06	4.406310e-09	4.615154e-09	3.651026e+01	5.401548e+02
3.330000e-06	4.442203e-09	4.664341e-09	3.680766e+01	5.455861e+02
3.340000e-06	4.477882e-09	4.708669e-09	3.710329e+01	5.509414e+02
3.350000e-06	4.513342e-09	4.751806e-09	3.739711e+01	5.562220e+02
3.360000e-06	4.548587e-09	4.796091e-09	3.768915e+01	5.614294e+02
3.370000e-06	4.583622e-09	4.841379e-09	3.797945e+01	5.665646e+02
3.380000e-06	4.618444e-09	4.888334e-09	3.826798e+01	5.716290e+02
3.390000e-06	4.653047e-09	4.937957e-09	3.855469e+01	5.766238e+02
3.400000e-06	4.687432e-09	4.986915e-09	3.883961e+01	5.815502e+02
3.410000e-06	4.721604e-09	5.030519e-09	3.912276e+01	5.864092e+02
3.420000e-06	4.755564e-09	5.067624e-09	3.940414e+01	5.912020e+02
3.430000e-06	4.789307e-09	5.103873e-09	3.968373e+01	5.959295e+02
3.440000e-06	4.822836e-09	5.143877e-09	3.996155e+01	6.005928e+02
3.450000e-06	4.856151e-09	5.184202e-09	4.023759e+01	6.051928e+02
3.460000e-06	4.889239e-09	5.226848e-09	4.051176e+01	6.097304e+02
3.470000e-06	4.922100e-09	5.269637e-09	4.078404e+01	6.142063e+02
3.480000e-06	4.954738e-09	5.308709e-09	4.105448e+01	6.186213e+02
3.490000e-06	4.987155e-09	5.345977e-09	4.132308e+01	6.229762e+02
3.500000e-06	5.019350e-09	5.380976e-09	4.158984e+01	6.272715e+02
3.510000e-06	5.051323e-09	5.416058e-09	4.185477e+01	6.315079e+02
3.520000e-06	5.083072e-09	5.451823e-09	4.211784e+01	6.356860e+02
3.530000e-06	5.114583e-09	5.489224e-09	4.237894e+01	6.398061e+02
3.540000e-06	5.145845e-09	5.526061e-09	4.263797e+01	6.438689e+02
3.550000e-06	5.176862e-09	5.561371e-09	4.289498e+01	6.478746e+02
3.560000e-06	5.207634e-09	5.594835e-09	4.314995e+01	6.518236e+02
3.570000e-06	5.238151e-09	5.624062e-09	4.340281e+01	6.557164e+02
3.580000e-06	5.268415e-09	5.653608e-09	4.365357e+01	6.595531e+02
3.590000e-06	5.298434e-09	5.683167e-09	4.390231e+01	6.633340e+02
3.600000e-06	5.328217e-09	5.713702e-09	4.414909e+01	6.670594e+02
3.610000e-06	5.357758e-09	5.745390e-09	4.439387e+01	6.707295e+02
3.620000e-06	5.387053e-09	5.776577e-09	4.463660e+01	6.743444e+02
3.630000e-06	5.416102e-09	5.806833e-09	4.487729e+01	6.779045e+02
3.640000e-06	5.444903e-09	5.833887e-09	4.511593e+01	6.814097e+02
3.650000e-06	5.473448e-09	5.860197e-09	4.535246e+01	6.848604e+02
3.660000e-06	5.501728e-09	5.885775e-09	4.558679e+01	6.882567e+02
3.670000e-06	5.529742e-09	5.911996e-09	4.581890e+01	6.915987e+02
3.680000e-06	5.557491e-09	5.937709e-09	4.604883e+01	6.948867e+02
3.690000e-06	5.584975e-09	5.962771e-09	4.627656e+01	6.981207e+02
3.700000e-06	5.612192e-09	5.988039e-09	4.650208e+01	7.013011e+02
3.710000e-06	5.639149e-09	6.013678e-09	4.672544e+01	7.044280e+02
3.720000e-06	5.665852e-09	6.040944e-09	4.694670e+01	7.075017e+02
3.730000e-06	5.692294e-09	6.065841e-09	4.716579e+01	7.105224e+02
3.740000e-06	5.718471e-09	6.089086e-09	4.738270e+01	7.134905e+02
3.750000e-06	5.744387e-09	6.110202e-09	4.759743e+01	7.164061e+02
3.760000e-06	5.770036e-09	6.131772e-09	4.780995e+01	7.192698e+02
3.770000e-06	5.795428e-09	6.154681e-09	4.802035e+01	7.220817e+02
3.780000e-06	5.820571e-09	6.176708e-09	4.822868e+01	7.248424e+02
3.790000e-06	5.845448e-09	6.197486e-09	4.843481e+01	7.275523e+02
3.800000e-06	5.870050e-09	6.216846e-09	4.863866e+01	7.302118e+02
3.810000e-06	5.894379e-09	6.238860e-09	4.884025e+01	7.328214e+02
3.820000e-06	5.918430e-09	6.262594e-09	4.903954e+01	7.353816e+02
3.830000e-06	5.942198e-09	6.284324e-09	4.923647e+01	7.378930e+02
3.840000e-06	5.965682e-09	6.303063e-09	4.943106e+01	7.403562e+02
3.850000e-06	5.988869e-09	6.322184e-09	4.962319e+01	7.427718e+02
3.860000e-06	6.011755e-09	6.343443e-09	4.981282e+01	7.451404e+02
3.870000e-06	6.034350e-09	6.363207e-09	5.000003e+01	7.474626e+02
3.880000e-06	6.056665e-09	6.381355e-09	5.018493e+01	7.497392e+02
3.890000e-06	6.078722e-09	6.398608e-09	5.036770e+01	7.519709e+02
3.900000e-06	6.100526e-09	6.417101e-09	5.054836e+01	7.541584e+02
3.910000e-06	6.122055e-09	6.437758e-09	5.072675e+01	7.563023e+02
3.920000e-06	6.143295e-09	6.458200e-09	5.090274e+01	7.584035e+02
3.930000e-06	6.164241e-09	6.477884e-09	5.107630e+01	7.604627e+02
3.940000e-06	6.184898e-09	6.497509e-09	5.124746e+01	7.624806e+02
3.950000e-06	6.205283e-09	6.516907e-09	5.141637e+01	7.644580e+02
3.960000e-06	6.225387e-09	6.532801e-09	5.158295e+01	7.663956e+02
3.970000e-06	6.245186e-09	6.546225e-09	5.174700e+01	7.682942e+02
3.980000e-06	6.264672e-09	6.560110e-09	5.190846e+01	7.701545e+02
3.990000e-06	6.283863e-09	6.576216e-09	5.206747e+01	7.719772e+02
4.000000e-06	6.302777e-09	6.594642e-09	5.222419e+01	7.737631e+02
4.010000e-06	6.321425e-09	6.614057e-09	5.237871e+01	7.755127e+02
4.020000e-06	6.339795e-09	6.633126e-09	5.253092e+01	7.772268e+02
4.030000e-06	6.357869e-09	6.648830e-09	5.268068e+01	7.789059e+02
4.040000e-06	6.375640e-09	6.660783e-09	5.282793e+01	7.805508e+02
4.050000e-06	6.393112e-09	6.670802e-09	5.297270e+01	7.821619e+02
4.060000e-06	6.410312e-09	6.680411e-09	5.311522e+01	7.837398e+02
4.070000e-06	6.427250e-09	6.691225e-09	5.325557e+01	7.852851e+02
4.080000e-06	6.443908e-09	6.704947e-09	5.339359e+01	7.867981e+02
4.090000e-06	6.460267e-09	6.720987e-09	5.352914e+01	7.882793e+02
4.100000e-06	6.476320e-09	6.737047e-09	5.366216e+01	7.897291e+02
4.110000e-06	6.492073e-09	6.751843e-09	5.379268e+01	7.911478e+02
4.120000e-06	6.507530e-09	6.765462e-09	5.392076e+01	7.925358e+02
4.130000e-06	6.522675e-09	6.777548e-09	5.404625e+01	7.938933e+02
4.140000e-06	6.537488e-09	6.787385e-09	5.416898e+01	7.952206e+02
4.150000e-06	6.551978e-09	6.796309e-09	5.428905e+01	7.965178e+02
4.160000e-06	6.566170e-09	6.805529e-09	5.440664e+01	7.977851e+02
4.170000e-06	6.580072e-09	6.814592e-09	5.452183e+01	7.990226e+02
4.180000e-06	6.593685e-09	6.824974e-09	5.463463e+01	8.002303e+02
4.190000e-06	6.606982e-09	6.837270e-09	5.474481e+01	8.014084e+02
4.200000e-06	6.619955e-09	6.850306e-09	5.485230e+01	8.025569e+02
4.210000e-06	6.632632e-09	6.863387e-09	5.495734e+01	8.036756e+02
4.220000e-06	6.645033e-09	6.873856e-09	5.506010e+01	8.047646e+02
4.230000e-06	6.657164e-09	6.880522e-09	5.516061e+01	8.058238e+02
4.240000e-06	6.668998e-09	6.885126e-09	5.525866e+01	8.068532e+02
4.250000e-06	6.680501e-09	6.888195e-09	5.535398e+01	8.078524e+02
4.260000e-06	6.691684e-09	6.893196e-09	5.544664e+01	8.088216e+02
4.270000e-06	6.702553e-09	6.900660e-09	5.553670e+01	8.097604e+02
4.280000e-06	6.713092e-09	6.909183e-09	5.562402e+01	8.106689e+02
4.290000e-06	6.723258e-09	6.919843e-09	5.570826e+01	8.115467e+02
4.300000e-06	6.733063e-09	6.929577e-09	5.578950e+01	8.123938e+02
4.310000e-06	6.742559e-09	6.936836e-09	5.586818e+01	8.132100e+02
4.320000e-06	6.751770e-09	6.941600e-09	5.594450e+01	8.139952e+02
4.330000e-06	6.760711e-09	6.944004e-09	5.601859e+01	8.147492e+02
4.340000e-06	6.769341e-09	6.947789e-09	5.609010e+01	8.154719e+02
4.350000e-06	6.777624e-09	6.952197e-09	5.615873e+01	8.161632e+02
4.360000e-06	6.785598e-09	6.954969e-09	5.622480e+01	8.168230e+02
4.370000e-06	6.793280e-09	6.958731e-09	5.628846e+01	8.174513e+02
4.380000e-06	6.800679e-09	6.963514e-09	5.634976e+01	8.180480e+02
4.390000e-06	6.807777e-09	6.969786e-09	5.640857e+01	8.186130e+02
4.400000e-06	6.814532e-09	6.977727e-09	5.646454e+01	8.191466e+02
4.410000e-06	6.820967e-09	6.983610e-09	5.651786e+01	8.196486e+02
4.420000e-06	6.827113e-09	6.987973e-09	5.656879e+01	8.201191e+02
4.430000e-06	6.832974e-09	6.991805e-09	5.661735e+01	8.205584e+02
4.440000e-06	6.838538e-09	6.994308e-09	5.666345e+01	8.209666e+02
4.450000e-06	6.843745e-09	6.995915e-09	5.670660e+01	8.213439e+02
4.460000e-06	6.848606e-09	6.996614e-09	5.674688e+01	8.216905e+02
4.470000e-06	6.853174e-09	6.999174e-09	5.678473e+01	8.220067e+02
4.480000e-06	6.857460e-09	7.005267e-09	5.682024e+01	8.222929e+02
4.490000e-06	6.861476e-09	7.011864e-09	5.685351e+01	8.225494e+02
4.500000e-06	6.865179e-09	7.016856e-09	5.688420e+01	8.227766e+02
4.510000e-06	6.868541e-09	7.019222e-09	5.691205e+01	8.229751e+02
4.520000e-06	6.871579e-09	7.018594e-09	5.693723e+01	8.231452e+02
4.530000e-06	6.874297e-09	7.017872e-09	5.695975e+01	8.232875e+02
4.540000e-06	6.876678e-09	7.016993e-09	5.697948e+01	8.234026e+02
4.550000e-06	6.878688e-09	7.018340e-09	5.699613e+01	8.234910e+02
4.560000e-06	6.880361e-09	7.022003e-09	5.701000e+01	8.235535e+02
4.570000e-06	6.881735e-09	7.026389e-09	5.702138e+01	8.235905e+02
4.580000e-06	6.882812e-09	7.031514e-09	5.703031e+01	8.236029e+02
4.590000e-06	6.883603e-09	7.032192e-09	5.703686e+01	8.235913e+02
4.600000e-06	6.884053e-09	7.034115e-09	5.704059e+01	8.235564e+02
4.610000e-06	6.884163e-09	7.039880e-09	5.704150e+01	8.234989e+02
4.620000e-06	6.883982e-09	7.045841e-09	5.704000e+01	8.234197e+02
4.630000e-06	6.883519e-09	7.051627e-09	5.703616e+01	8.233193e+02
4.640000e-06	6.882792e-09	7.052668e-09	5.703014e+01	8.231987e+02
4.650000e-06	6.881750e-09	7.053052e-09	5.702150e+01	8.230585e+02
4.660000e-06	6.880372e-09	7.050443e-09	5.701008e+01	8.228995e+02
4.670000e-06	6.878713e-09	7.045976e-09	5.699634e+01	8.227224e+02
4.680000e-06	6.876780e-09	7.046808e-09	5.698033e+01	8.225280e+02
4.690000e-06	6.874567e-09	7.058596e-09	5.696199e+01	8.223169e+02
4.700000e-06	6.872068e-09	7.062578e-09	5.694128e+01	8.220900e+02
4.710000e-06	6.869201e-09	7.033180e-09	5.691753e+01	8.218477e+02
4.720000e-06	6.865784e-09	7.025375e-09	5.688921e+01	8.215908e+02
4.730000e-06	6.861670e-09	7.057404e-09	5.685512e+01	8.213199e+02
4.740000e-06	6.857112e-09	7.087679e-09	5.681736e+01	8.210356e+02
4.750000e-06	6.852624e-09	7.048318e-09	5.678017e+01	8.207385e+02
4.760000e-06	6.848221e-09	6.969919e-09	5.674368e+01	8.204289e+02
4.770000e-06	6.843313e-09	7.037895e-09	5.670302e+01	8.201074e+02
4.780000e-06	6.837802e-09	7.056419e-09	5.665736e+01	8.197745e+02
4.790000e-06	6.832216e-09	6.944078e-09	5.661108e+01	8.194305e+02
4.800000e-06	6.826524e-09	6.947675e-09	5.656391e+01	8.190757e+02
4.810000e-06	6.820236e-09	7.027738e-09	5.651180e+01	8.187104e+02
4.820000e-06	6.813497e-09	6.994744e-09	5.645597e+01	8.183349e+02
4.830000e-06	6.806695e-09	6.944013e-09	5.639961e+01	8.179493e+02
4.840000e-06	6.799613e-09	7.049608e-09	5.634093e+01	8.175538e+02
4.850000e-06	6.792116e-09	7.068704e-09	5.627880e+01	8.171485e+02
4.860000e-06	6.784428e-09	6.949002e-09	5.621510e+01	8.167334e+02
4.870000e-06	6.776471e-09	6.975937e-09	5.614917e+01	8.163086e+02
4.880000e-06	6.768051e-09	7.045521e-09	5.607941e+01	8.158738e+02
4.890000e-06	6.759436e-09	6.978952e-09	5.600802e+01	8.154292e+02
4.900000e-06	6.750687e-09	6.968953e-09	5.593553e+01	8.149745e+02
4.910000e-06	6.741448e-09	7.051612e-09	5.585898e+01	8.145094e+02
4.920000e-06	6.731812e-09	7.005755e-09	5.577913e+01	8.140339e+02
4.930000e-06	6.722047e-09	6.965578e-09	5.569822e+01	8.135477e+02
4.940000e-06	6.711929e-09	7.042283e-09	5.561439e+01	8.130503e+02
4.950000e-06	6.701264e-09	6.998755e-09	5.552602e+01	8.125415e+02
4.960000e-06	6.690221e-09	6.959061e-09	5.543451e+01	8.120210e+02
4.970000e-06	6.678859e-09	7.023472e-09	5.534037e+01	8.114883e+02
4.980000e-06	6.667202e-09	7.005907e-09	5.524379e+01	8.109431e+02
4.990000e-06	6.655292e-09	6.971724e-09	5.514509e+01	8.103848e+02
5.000000e-06	6.643010e-09	6.998500e-09	5.504333e+01	8.098131e+02
5.010000e-06	6.630371e-09	6.961239e-09	5.493860e+01	8.092274e+02
5.020000e-06	6.617472e-09	6.932332e-09	5.483172e+01	8.086273e+02
5.030000e-06	6.604285e-09	6.972159e-09	5.472246e+01	8.080123e+02
5.040000e-06	6.590792e-09	6.939122e-09	5.461065e+01	8.073820e+02
5.050000e-06	6.577017e-09	6.919089e-09	5.449652e+01	8.067358e+02
5.060000e-06	6.562915e-09	6.956365e-09	5.437967e+01	8.060733e+02
5.070000e-06	6.548545e-09	6.935038e-09	5.426060e+01	8.053939e+02
5.080000e-06	6.533945e-09	6.918675e-09	5.413963e+01	8.046973e+02
5.090000e-06	6.518992e-09	6.923046e-09	5.401573e+01	8.039830e+02
5.100000e-06	6.503687e-09	6.902087e-09	5.388891e+01	8.032505e+02
5.110000e-06	6.488073e-09	6.898844e-09	5.375954e+01	8.024994e+02
5.120000e-06	6.472131e-09	6.903907e-09	5.362744e+01	8.017293e+02
5.130000e-06	6.455885e-09	6.886758e-09	5.349283e+01	8.009400e+02
5.140000e-06	6.439350e-09	6.879015e-09	5.335582e+01	8.001309e+02
5.150000e-06	6.422497e-09	6.873838e-09	5.321618e+01	7.993019e+02
5.160000e-06	6.405320e-09	6.864122e-09	5.307385e+01	7.984525e+02
5.170000e-06	6.387821e-09	6.861353e-09	5.292885e+01	7.975826e+02
5.180000e-06	6.370004e-09	6.842512e-09	5.278123e+01	7.966920e+02
5.190000e-06	6.351885e-09	6.836437e-09	5.263110e+01	7.957803e+02
5.200000e-06	6.333462e-09	6.838301e-09	5.247844e+01	7.948476e+02
5.210000e-06	6.314765e-09	6.830338e-09	5.232352e+01	7.938936e+02
5.220000e-06	6.295787e-09	6.822091e-09	5.216627e+01	7.929182e+02
5.230000e-06	6.276508e-09	6.802660e-09	5.200652e+01	7.919214e+02
5.240000e-06	6.256949e-09	6.791294e-09	5.184447e+01	7.909031e+02
5.250000e-06	6.237119e-09	6.788980e-09	5.168016e+01	7.898633e+02
5.260000e-06	6.217031e-09	6.782937e-09	5.151371e+01	7.888021e+02
5.270000e-06	6.196672e-09	6.776806e-09	5.134502e+01	7.877194e+02
5.280000e-06	6.176017e-09	6.770141e-09	5.117387e+01	7.866154e+02
5.290000e-06	6.155087e-09	6.762783e-09	5.100044e+01	7.854902e+02
5.300000e-06	6.133919e-09	6.755426e-09	5.082505e+01	7.843438e+02
5.310000e-06	6.112504e-09	6.740776e-09	5.064760e+01	7.831765e+02
5.320000e-06	6.090794e-09	6.724639e-09	5.046772e+01	7.819883e+02
5.330000e-06	6.068776e-09	6.720003e-09	5.028528e+01	7.807794e+02
5.340000e-06	6.046465e-09	6.718006e-09	5.010041e+01	7.795501e+02
5.350000e-06	6.023865e-09	6.715930e-09	4.991316e+01	7.783005e+02
5.360000e-06	6.000946e-09	6.705474e-09	4.972325e+01	7.770307e+02
5.370000e-06	5.977688e-09	6.690590e-09	4.953053e+01	7.757411e+02
5.380000e-06	5.954089e-09	6.680891e-09	4.933500e+01	7.744318e+02
5.390000e-06	5.930182e-09	6.669649e-09	4.913690e+01	7.731029e+02
5.400000e-06	5.906004e-09	6.659913e-09	4.893657e+01	7.717548e+02
5.410000e-06	5.881540e-09	6.648247e-09	4.873386e+01	7.703876e+02
5.420000e-06	5.856788e-09	6.641208e-09	4.852877e+01	7.690014e+02
5.430000e-06	5.831770e-09	6.636982e-09	4.832148e+01	7.675965e+02
5.440000e-06	5.806516e-09	6.626588e-09	4.811222e+01	7.661729e+02
5.450000e-06	5.781011e-09	6.611726e-09	4.790089e+01	7.647309e+02
5.460000e-06	5.755238e-09	6.593023e-09	4.768733e+01	7.632706e+02
5.470000e-06	5.729219e-09	6.579755e-09	4.747175e+01	7.617920e+02
5.480000e-06	5.702965e-09	6.569337e-09	4.725421e+01	7.602953e+02
5.490000e-06	5.676476e-09	6.556103e-09	4.703472e+01	7.587804e+02
5.500000e-06	5.649741e-09	6.541742e-09	4.681320e+01	7.572475e+02
5.510000e-06	5.622744e-09	6.530838e-09	4.658951e+01	7.556965e+02
5.520000e-06	5.595477e-09	6.522070e-09	4.636358e+01	7.541274e+02
5.530000e-06	5.567943e-09	6.509167e-09	4.613543e+01	7.525402e+02
5.540000e-06	5.540134e-09	6.491392e-09	4.590500e+01	7.509348e+02
5.550000e-06	5.512037e-09	6.473524e-09	4.567220e+01	7.493110e+02
5.560000e-06	5.483652e-09	6.461434e-09	4.543700e+01	7.476688e+02
5.570000e-06	5.454989e-09	6.447856e-09	4.519951e+01	7.460080e+02
5.580000e-06	5.426062e-09	6.431204e-09	4.495982e+01	7.443285e+02
5.590000e-06	5.396868e-09	6.412596e-09	4.471792e+01	7.426300e+02
5.600000e-06	5.367416e-09	6.397134e-09	4.447388e+01	7.409122e+02
5.610000e-06	5.337701e-09	6.384923e-09	4.422767e+01	7.391750e+02
5.620000e-06	5.307738e-09	6.368799e-09	4.397940e+01	7.374181e+02
5.630000e-06	5.277540e-09	6.349787e-09	4.372918e+01	7.356411e+02
5.640000e-06	5.247094e-09	6.330282e-09	4.347690e+01	7.338437e+02
5.650000e-06	5.216400e-09	6.315863e-09	4.322258e+01	7.320257e+02
5.660000e-06	5.185468e-09	6.301540e-09	4.296628e+01	7.301866e+02
5.670000e-06	5.154325e-09	6.285312e-09	4.270823e+01	7.283262e+02
5.680000e-06	5.122968e-09	6.266822e-09	4.244842e+01	7.264440e+02
5.690000e-06	5.091380e-09	6.247198e-09	4.218668e+01	7.245397e+02
5.700000e-06	5.059562e-09	6.228704e-09	4.192303e+01	7.226128e+02
5.710000e-06	5.027524e-09	6.206264e-09	4.165757e+01	7.206630e+02
5.720000e-06	4.995267e-09	6.186072e-09	4.139029e+01	7.186900e+02
5.730000e-06	4.962770e-09	6.168899e-09	4.112103e+01	7.166932e+02
5.740000e-06	4.930035e-09	6.155230e-09	4.084979e+01	7.146724e+02
5.750000e-06	4.897066e-09	6.144415e-09	4.057661e+01	7.126271e+02
5.760000e-06	4.863876e-09	6.128725e-09	4.030160e+01	7.105570e+02
5.770000e-06	4.830466e-09	6.107596e-09	4.002477e+01	7.084617e+02
5.780000e-06	4.796810e-09	6.082596e-09	3.974590e+01	7.063409e+02
5.790000e-06	4.762906e-09	6.059835e-09	3.946498e+01	7.041942e+02
5.800000e-06	4.728782e-09	6.038811e-09	3.918222e+01	7.020213e+02
5.810000e-06	4.694449e-09	6.019710e-09	3.889775e+01	6.998219e+02
5.820000e-06	4.659890e-09	6.003142e-09	3.861139e+01	6.975956e+02
5.830000e-06	4.625108e-09	5.988018e-09	3.832320e+01	6.953424e+02
5.840000e-06	4.590116e-09	5.973819e-09	3.803325e+01	6.930617e+02
5.850000e-06	4.554921e-09	5.957356e-09	3.774163e+01	6.907536e+02
5.860000e-06	4.519513e-09	5.937004e-09	3.744824e+01	6.884177e+02
5.870000e-06	4.483877e-09	5.911229e-09	3.715297e+01	6.860538e+02
5.880000e-06	4.448026e-09	5.886693e-09	3.685591e+01	6.836618e+02
5.890000e-06	4.411974e-09	5.863749e-09	3.655718e+01	6.812416e+02
5.900000e-06	4.375728e-09	5.840768e-09	3.625686e+01	6.787930e+02
5.910000e-06	4.339282e-09	5.819927e-09	3.595487e+01	6.763159e+02
5.920000e-06	4.302636e-09	5.802367e-09	3.565122e+01	6.738102e+02
5.930000e-06	4.265779e-09	5.787023e-09	3.534583e+01	6.712760e+02
5.940000e-06	4.228718e-09	5.769734e-09	3.503875e+01	6.687131e+02
5.950000e-06	4.191468e-09	5.746335e-09	3.473009e+01	6.661215e+02
5.960000e-06	4.154012e-09	5.721702e-09	3.441974e+01	6.635013e+02
5.970000e-06	4.116349e-09	5.697155e-09	3.410767e+01	6.608523e+02
5.980000e-06	4.078491e-09	5.671852e-09	3.379398e+01	6.581748e+02
5.990000e-06	4.040452e-09	5.647136e-09	3.347880e+01	6.554686e+02
6.000000e-06	4.002227e-09	5.621207e-09	3.316206e+01	6.527339e+02
6.010000e-06	3.963799e-09	5.601790e-09	3.284366e+01	6.499706e+02
6.020000e-06	3.925170e-09	5.586108e-09	3.252357e+01	6.471789e+02
6.030000e-06	3.886352e-09	5.570290e-09	3.220194e+01	6.443589e+02
6.040000e-06	3.847361e-09	5.548205e-09	3.187886e+01	6.415105e+02
6.050000e-06	3.808190e-09	5.519693e-09	3.155429e+01	6.386339e+02
6.060000e-06	3.768849e-09	5.491510e-09	3.122832e+01	6.357292e+02
6.070000e-06	3.729353e-09	5.459660e-09	3.090106e+01	6.327963e+02
6.080000e-06	3.689710e-09	5.431382e-09	3.057258e+01	6.298354e+02
6.090000e-06	3.649912e-09	5.403510e-09	3.024282e+01	6.268465e+02
6.100000e-06	3.609940e-09	5.378707e-09	2.991162e+01	6.238296e+02
6.110000e-06	3.569795e-09	5.360879e-09	2.957897e+01	6.207849e+02
6.120000e-06	3.529488e-09	5.339069e-09	2.924500e+01	6.177122e+02
6.130000e-06	3.489021e-09	5.314454e-09	2.890969e+01	6.146117e+02
6.140000e-06	3.448383e-09	5.282360e-09	2.857297e+01	6.114833e+02
6.150000e-06	3.407579e-09	5.252107e-09	2.823487e+01	6.083269e+02
6.160000e-06	3.366619e-09	5.221033e-09	2.789548e+01	6.051426e+02
6.170000e-06	3.325503e-09	5.186153e-09	2.755480e+01	6.019303e+02
6.180000e-06	3.284234e-09	5.154192e-09	2.721284e+01	5.986898e+02
6.190000e-06	3.242794e-09	5.123046e-09	2.686948e+01	5.954212e+02
6.200000e-06	3.201179e-09	5.099677e-09	2.652466e+01	5.921242e+02
6.210000e-06	3.159399e-09	5.074215e-09	2.617848e+01	5.887987e+02
6.220000e-06	3.117466e-09	5.046464e-09	2.583102e+01	5.854447e+02
6.230000e-06	3.075376e-09	5.016094e-09	2.548227e+01	5.820617e+02
6.240000e-06	3.033134e-09	4.981492e-09	2.513226e+01	5.786498e+02
6.250000e-06	2.990758e-09	4.946742e-09	2.478113e+01	5.752086e+02
6.260000e-06	2.948256e-09	4.907578e-09	2.442897e+01	5.717379e+02
6.270000e-06	2.905630e-09	4.871302e-09	2.407577e+01	5.682375e+02
6.280000e-06	2.862876e-09	4.835846e-09	2.372152e+01	5.647070e+02
6.290000e-06	2.820002e-09	4.803958e-09	2.336627e+01	5.611462e+02
6.300000e-06	2.777022e-09	4.777137e-09	2.301013e+01	5.575547e+02
6.310000e-06	2.733932e-09	4.748159e-09	2.265310e+01	5.539322e+02
6.320000e-06	2.690718e-09	4.718465e-09	2.229503e+01	5.502784e+02
6.330000e-06	2.647377e-09	4.682324e-09	2.193591e+01	5.465928e+02
6.340000e-06	2.603917e-09	4.644678e-09	2.157581e+01	5.428752e+02
6.350000e-06	2.560347e-09	4.606415e-09	2.121479e+01	5.391252e+02
6.360000e-06	2.516657e-09	4.567275e-09	2.085278e+01	5.353423e+02
6.370000e-06	2.472840e-09	4.530408e-09	2.048971e+01	5.315261e+02
6.380000e-06	2.428906e-09	4.493059e-09	2.012569e+01	5.276763e+02
6.390000e-06	2.384864e-09	4.460441e-09	1.976076e+01	5.237924e+02
6.400000e-06	2.340720e-09	4.426538e-09	1.939498e+01	5.198740e+02
6.410000e-06	2.296467e-09	4.392590e-09	1.902830e+01	5.159208e+02
6.420000e-06	2.252095e-09	4.360875e-09	1.866065e+01	5.119322e+02
6.430000e-06	2.207616e-09	4.326578e-09	1.829209e+01	5.079079e+02
6.440000e-06	2.163037e-09	4.289821e-09	1.792272e+01	5.038474e+02
6.450000e-06	2.118361e-09	4.249070e-09	1.755254e+01	4.997503e+02
6.460000e-06	2.073584e-09	4.209271e-09	1.718151e+01	4.956163e+02
6.470000e-06	2.028704e-09	4.169897e-09	1.680965e+01	4.914448e+02
6.480000e-06	1.983739e-09	4.132227e-09	1.643707e+01	4.872355e+02
6.490000e-06	1.938700e-09	4.097612e-09	1.606388e+01	4.829879e+02
6.500000e-06	1.893584e-09	4.066295e-09	1.569006e+01	4.787016e+02
6.510000e-06	1.848381e-09	4.036948e-09	1.531551e+01	4.743763e+02
6.520000e-06	1.803094e-09	4.003127e-09	1.494027e+01	4.700114e+02
6.530000e-06	1.757733e-09	3.967070e-09	1.456441e+01	4.656067e+02
6.540000e-06	1.712303e-09	3.929283e-09	1.418798e+01	4.611616e+02
6.550000e-06	1.666802e-09	3.891146e-09	1.381096e+01	4.566758e+02
6.560000e-06	1.621227e-09	3.852173e-09	1.343333e+01	4.521488e+02
6.570000e-06	1.575589e-09	3.810824e-09	1.305518e+01	4.475802e+02
6.580000e-06	1.529886e-09	3.772003e-09	1.267649e+01	4.429697e+02
6.590000e-06	1.484115e-09	3.736457e-09	1.229723e+01	4.383167e+02
6.600000e-06	1.438271e-09	3.702114e-09	1.191737e+01	4.336208e+02
6.610000e-06	1.392353e-09	3.665542e-09	1.153690e+01	4.288815e+02
6.620000e-06	1.346370e-09	3.625619e-09	1.115589e+01	4.240985e+02
6.630000e-06	1.300327e-09	3.584867e-09	1.077438e+01	4.192712e+02
6.640000e-06	1.254224e-09	3.543478e-09	1.039238e+01	4.143991e+02
6.650000e-06	1.208062e-09	3.502629e-09	1.000988e+01	4.094817e+02
6.660000e-06	1.161844e-09	3.461041e-09	9.626926e+00	4.045184e+02
6.670000e-06	1.115572e-09	3.417051e-09	9.243524e+00	3.995088e+02
6.680000e-06	1.069255e-09	3.371307e-09	8.859741e+00	3.944522e+02
6.690000e-06	1.022894e-09	3.326818e-09	8.475604e+00	3.893480e+02
6.700000e-06	9.764926e-10	3.285489e-09	8.091122e+00	3.841957e+02
6.710000e-06	9.300571e-10	3.245390e-09	7.706362e+00	3.789945e+02
6.720000e-06	8.835961e-10	3.204085e-09	7.321391e+00	3.737437e+02
6.730000e-06	8.371097e-10	3.159869e-09	6.936209e+00	3.684427e+02
6.740000e-06	7.905902e-10	3.114197e-09	6.550753e+00	3.630907e+02
6.750000e-06	7.440389e-10	3.067441e-09	6.165034e+00	3.576868e+02
6.760000e-06	6.974631e-10	3.019350e-09	5.779111e+00	3.522304e+02
6.770000e-06	6.508600e-10	2.970117e-09	5.392962e+00	3.467206e+02
6.780000e-06	6.042276e-10	2.921600e-09	5.006570e+00	3.411564e+02
6.790000e-06	5.575626e-10	2.875184e-09	4.619909e+00	3.355371e+02
6.800000e-06	5.108686e-10	2.830057e-09	4.233007e+00	3.298616e+02
6.810000e-06	4.641491e-10	2.783848e-09	3.845893e+00	3.241289e+02
6.820000e-06	4.174000e-10	2.733665e-09	3.458534e+00	3.183382e+02
6.830000e-06	3.706224e-10	2.680664e-09	3.070939e+00	3.124884e+02
6.840000e-06	3.238250e-10	2.629153e-09	2.683180e+00	3.065785e+02
6.850000e-06	2.770088e-10	2.576946e-09	2.295266e+00	3.006073e+02
6.860000e-06	2.301758e-10	2.519575e-09	1.907212e+00	2.945739e+02
6.870000e-06	1.833337e-10	2.460536e-09	1.519083e+00	2.884772e+02
6.880000e-06	1.364814e-10	2.406838e-09	1.130869e+00	2.823161e+02
6.890000e-06	8.962555e-11	2.356937e-09	7.426251e-01	2.760894e+02
6.900000e-06	4.277207e-11	2.304191e-09	3.544014e-01	2.697961e+02
6.910000e-06	-4.074046e-12	2.248652e-09	-3.376134e-02	2.634352e+02
6.920000e-06	-5.091379e-11	2.192759e-09	-4.218712e-01	2.570055e+02
6.930000e-06	-9.774462e-11	2.136899e-09	-8.099071e-01	2.505060e+02
6.940000e-06	-1.445570e-10	2.079861e-09	-1.197790e+00	2.439357e+02
6.950000e-06	-1.913506e-10	2.021990e-09	-1.585517e+00	2.372936e+02
6.960000e-06	-2.381296e-10	1.964188e-09	-1.973124e+00	2.305787e+02
6.970000e-06	-2.848945e-10	1.904489e-09	-2.360614e+00	2.237901e+02
6.980000e-06	-3.316449e-10	1.845060e-09	-2.747983e+00	2.169270e+02
6.990000e-06	-3.783773e-10	1.785268e-09	-3.135204e+00	2.099885e+02
7.000000e-06	-4.250931e-10	1.720877e-09	-3.522286e+00	2.029739e+02
7.010000e-06	-4.717935e-10	1.655691e-09	-3.909241e+00	1.958825e+02
7.020000e-06	-5.184752e-10	1.593317e-09	-4.296041e+00	1.887138e+02
7.030000e-06	-5.651390e-10	1.534205e-09	-4.682694e+00	1.814673e+02
7.040000e-06	-6.117796e-10	1.476025e-09	-5.069153e+00	1.741425e+02
7.050000e-06	-6.583914e-10	1.415730e-09	-5.455374e+00	1.667391e+02
7.060000e-06	-7.049784e-10	1.352662e-09	-5.841390e+00	1.592570e+02
7.070000e-06	-7.515364e-10	1.287117e-09	-6.227165e+00	1.516960e+02
7.080000e-06	-7.980595e-10	1.219652e-09	-6.612651e+00	1.440563e+02
7.090000e-06	-8.445468e-10	1.152512e-09	-6.997840e+00	1.363380e+02
7.100000e-06	-8.909967e-10	1.086951e-09	-7.382720e+00	1.285414e+02
7.110000e-06	-9.374039e-10	1.020407e-09	-7.767246e+00	1.206669e+02
7.120000e-06	-9.837606e-10	9.513048e-10	-8.151353e+00	1.127151e+02
7.130000e-06	-1.030066e-09	8.820705e-10	-8.535035e+00	1.046868e+02
7.140000e-06	-1.076317e-09	8.156962e-10	-8.918265e+00	9.658288e+01
7.150000e-06	-1.122514e-09	7.497177e-10	-9.301049e+00	8.840435e+01
7.160000e-06	-1.168656e-09	6.813951e-10	-9.683379e+00	8.015245e+01
7.170000e-06	-1.214739e-09	6.092680e-10	-1.006522e+01	7.182854e+01
7.180000e-06	-1.260763e-09	5.351280e-10	-1.044657e+01	6.343415e+01
7.190000e-06	-1.306733e-09	4.603661e-10	-1.082747e+01	5.497099e+01
7.200000e-06	-1.352650e-09	3.859751e-10	-1.120794e+01	4.644092e+01
7.210000e-06	-1.398512e-09	3.148365e-10	-1.158795e+01	3.784598e+01
7.220000e-06	-1.444315e-09	2.460053e-10	-1.196747e+01	2.918835e+01
7.230000e-06	-1.490063e-09	1.763108e-10	-1.234653e+01	2.047041e+01
7.240000e-06	-1.535753e-09	1.039736e-10	-1.272511e+01	1.169466e+01
7.250000e-06	-1.581383e-09	2.877181e-11	-1.310319e+01	2.863785e+00
7.260000e-06	-1.626949e-09	-4.820778e-11	-1.348075e+01	-6.019383e+00
7.270000e-06	-1.672446e-09	-1.265085e-10	-1.385774e+01	-1.495186e+01
7.280000e-06	-1.717868e-09	-2.056952e-10	-1.423410e+01	-2.393054e+01
7.290000e-06	-1.763213e-09	-2.824601e-10	-1.460983e+01	-3.295213e+01
7.300000e-06	-1.808475e-09	-3.581437e-10	-1.498486e+01	-4.201327e+01
7.310000e-06	-1.853644e-09	-4.334862e-10	-1.535912e+01	-5.111041e+01
7.320000e-06	-1.898715e-09	-5.097607e-10	-1.573258e+01	-6.023993e+01
7.330000e-06	-1.943692e-09	-5.895896e-10	-1.610526e+01	-6.939809e+01
7.340000e-06	-1.988578e-09	-6.690890e-10	-1.647718e+01	-7.858104e+01
7.350000e-06	-2.033366e-09	-7.473230e-10	-1.684829e+01	-8.778484e+01
7.360000e-06	-2.078053e-09	-8.256326e-10	-1.721856e+01	-9.700548e+01
7.370000e-06	-2.122638e-09	-9.040429e-10	-1.758798e+01	-1.062389e+02
7.380000e-06	-2.167122e-09	-9.834355e-10	-1.795657e+01	-1.154809e+02
7.390000e-06	-2.211507e-09	-1.063700e-09	-1.832435e+01	-1.247273e+02
7.400000e-06	-2.255792e-09	-1.142286e-09	-1.869128e+01	-1.339739e+02
7.410000e-06	-2.299975e-09	-1.221359e-09	-1.905738e+01	-1.432165e+02
7.420000e-06	-2.344061e-09	-1.303746e-09	-1.942267e+01	-1.524507e+02
7.430000e-06	-2.388050e-09	-1.385627e-09	-1.978716e+01	-1.616723e+02
7.440000e-06	-2.431940e-09	-1.465188e-09	-2.015083e+01	-1.708770e+02
7.450000e-06	-2.475724e-09	-1.542396e-09	-2.051362e+01	-1.800607e+02
7.460000e-06	-2.519395e-09	-1.619776e-09	-2.087548e+01	-1.892190e+02
7.470000e-06	-2.562948e-09	-1.700876e-09	-2.123635e+01	-1.983478e+02
7.480000e-06	-2.606383e-09	-1.782271e-09	-2.159625e+01	-2.074431e+02
7.490000e-06	-2.649697e-09	-1.861867e-09	-2.195514e+01	-2.165007e+02
7.500000e-06	-2.692886e-09	-1.940196e-09	-2.231300e+01	-2.255168e+02
7.510000e-06	-2.735948e-09	-2.017646e-09	-2.266981e+01	-2.344873e+02
7.520000e-06	-2.778876e-09	-2.094701e-09	-2.302551e+01	-2.434087e+02
7.530000e-06	-2.821673e-09	-2.170803e-09	-2.338012e+01	-2.522772e+02
7.540000e-06	-2.864338e-09	-2.247271e-09	-2.373364e+01	-2.610892e+02
7.550000e-06	-2.906869e-09	-2.323533e-09	-2.408604e+01	-2.698413e+02
7.560000e-06	-2.949271e-09	-2.400736e-09	-2.443739e+01	-2.785304e+02
7.570000e-06	-2.991540e-09	-2.478279e-09	-2.478762e+01	-2.871531e+02
7.580000e-06	-3.033667e-09	-2.552511e-09	-2.513668e+01	-2.957066e+02
7.590000e-06	-3.075651e-09	-2.621892e-09	-2.548456e+01	-3.041880e+02
7.600000e-06	-3.117490e-09	-2.691661e-09	-2.583123e+01	-3.125945e+02
7.610000e-06	-3.159177e-09	-2.766134e-09	-2.617664e+01	-3.209238e+02
7.620000e-06	-3.200709e-09	-2.841002e-09	-2.652078e+01	-3.291735e+02
7.630000e-06	-3.242086e-09	-2.913111e-09	-2.686362e+01	-3.373413e+02
7.640000e-06	-3.283309e-09	-2.982849e-09	-2.720519e+01	-3.454254e+02
7.650000e-06	-3.324385e-09	-3.052471e-09	-2.754554e+01	-3.534239e+02
7.660000e-06	-3.365316e-09	-3.120470e-09	-2.788469e+01	-3.613351e+02
7.670000e-06	-3.406097e-09	-3.186079e-09	-2.822259e+01	-3.691576e+02
7.680000e-06	-3.446720e-09	-3.251568e-09	-2.855919e+01	-3.768902e+02
7.690000e-06	-3.487179e-09	-3.318448e-09	-2.889443e+01	-3.845317e+02
7.700000e-06	-3.527466e-09	-3.386289e-09	-2.922825e+01	-3.920811e+02
7.710000e-06	-3.567576e-09	-3.452532e-09	-2.956060e+01	-3.995378e+02
7.720000e-06	-3.607514e-09	-3.514902e-09	-2.989152e+01	-4.069012e+02
7.730000e-06	-3.647280e-09	-3.574742e-09	-3.022101e+01	-4.141708e+02
7.740000e-06	-3.686867e-09	-3.635572e-09	-3.054903e+01	-4.213463e+02
7.750000e-06	-3.726286e-09	-3.697697e-09	-3.087565e+01	-4.284277e+02
7.760000e-06	-3.765539e-09	-3.759428e-09	-3.120090e+01	-4.354150e+02
7.770000e-06	-3.804618e-09	-3.818736e-09	-3.152470e+01	-4.423083e+02
7.780000e-06	-3.843524e-09	-3.875036e-09	-3.184708e+01	-4.491079e+02
7.790000e-06	-3.882258e-09	-3.932980e-09	-3.216802e+01	-4.558144e+02
7.800000e-06	-3.920810e-09	-3.993437e-09	-3.248746e+01	-4.624282e+02
7.810000e-06	-3.959179e-09	-4.050752e-09	-3.280538e+01	-4.689500e+02
7.820000e-06	-3.997366e-09	-4.103629e-09	-3.312179e+01	-4.753807e+02
7.830000e-06	-4.035370e-09	-4.154947e-09	-3.343670e+01	-4.817209e+02
7.840000e-06	-4.073198e-09	-4.206489e-09	-3.375013e+01	-4.879718e+02
7.850000e-06	-4.110847e-09	-4.257147e-09	-3.406209e+01	-4.941343e+02
7.860000e-06	-4.148314e-09	-4.306053e-09	-3.437253e+01	-5.002096e+02
7.870000e-06	-4.185595e-09	-4.354391e-09	-3.468144e+01	-5.061987e+02
7.880000e-06	-4.222678e-09	-4.405871e-09	-3.498871e+01	-5.121029e+02
7.890000e-06	-4.259553e-09	-4.459975e-09	-3.529425e+01	-5.179234e+02
7.900000e-06	-4.296223e-09	-4.510382e-09	-3.559809e+01	-5.236615e+02
7.910000e-06	-4.332687e-09	-4.555405e-09	-3.590023e+01	-5.293185e+02
7.920000e-06	-4.368943e-09	-4.599446e-09	-3.620064e+01	-5.348958e+02
7.930000e-06	-4.404981e-09	-4.644068e-09	-3.649925e+01	-5.403946e+02
7.940000e-06	-4.440788e-09	-4.688286e-09	-3.679594e+01	-5.458164e+02
7.950000e-06	-4.476360e-09	-4.730777e-09	-3.709069e+01	-5.511623e+02
7.960000e-06	-4.511707e-09	-4.773398e-09	-3.738357e+01	-5.564337e+02
7.970000e-06	-4.546829e-09	-4.819900e-09	-3.767459e+01	-5.616320e+02
7.980000e-06	-4.581731e-09	-4.868057e-09	-3.796378e+01	-5.667584e+02
7.990000e-06	-4.616422e-09	-4.912518e-09	-3.825123e+01	-5.718141e+02
8.000000e-06	-4.650902e-09	-4.950806e-09	-3.853692e+01	-5.768003e+02
8.010000e-06	-4.685175e-09	-4.987603e-09	-3.882091e+01	-5.817182e+02
8.020000e-06	-4.719250e-09	-5.026678e-09	-3.910325e+01	-5.865689e+02
8.030000e-06	-4.753126e-09	-5.067809e-09	-3.938395e+01	-5.913535e+02
8.040000e-06	-4.786796e-09	-5.107555e-09	-3.966293e+01	-5.960730e+02
8.050000e-06	-4.820255e-09	-5.146090e-09	-3.994017e+01	-6.007284e+02
8.060000e-06	-4.853501e-09	-5.187408e-09	-4.021564e+01	-6.053205e+02
8.070000e-06	-4.886530e-09	-5.227801e-09	-4.048932e+01	-6.098503e+02
8.080000e-06	-4.919341e-09	-5.266602e-09	-4.076118e+01	-6.143186e+02
8.090000e-06	-4.951927e-09	-5.302138e-09	-4.103119e+01	-6.187261e+02
8.100000e-06	-4.984286e-09	-5.334810e-09	-4.129931e+01	-6.230736e+02
8.110000e-06	-5.016409e-09	-5.369750e-09	-4.156548e+01	-6.273615e+02
8.120000e-06	-5.048292e-09	-5.404754e-09	-4.182966e+01	-6.315907e+02
8.130000e-06	-5.079936e-09	-5.440970e-09	-4.209185e+01	-6.357615e+02
8.140000e-06	-5.111337e-09	-5.479214e-09	-4.235205e+01	-6.398745e+02
8.150000e-06	-5.142494e-09	-5.519275e-09	-4.261021e+01	-6.439301e+02
8.160000e-06	-5.173410e-09	-5.559120e-09	-4.286637e+01	-6.479287e+02
8.170000e-06	-5.204086e-09	-5.594282e-09	-4.312055e+01	-6.518708e+02
8.180000e-06	-5.234518e-09	-5.625279e-09	-4.337271e+01	-6.557565e+02
8.190000e-06	-5.264702e-09	-5.653545e-09	-4.362281e+01	-6.595862e+02
8.200000e-06	-5.294644e-09	-5.683535e-09	-4.387090e+01	-6.633603e+02
8.210000e-06	-5.324347e-09	-5.718693e-09	-4.411702e+01	-6.670788e+02
8.220000e-06	-5.353811e-09	-5.757013e-09	-4.436115e+01	-6.707420e+02
8.230000e-06	-5.383035e-09	-5.791278e-09	-4.460331e+01	-6.743501e+02
8.240000e-06	-5.412021e-09	-5.824312e-09	-4.484348e+01	-6.779033e+02
8.250000e-06	-5.440761e-09	-5.855500e-09	-4.508162e+01	-6.814018e+02
8.260000e-06	-5.469245e-09	-5.884575e-09	-4.531763e+01	-6.848457e+02
8.270000e-06	-5.497463e-09	-5.910450e-09	-4.555145e+01	-6.882352e+02
8.280000e-06	-5.525418e-09	-5.934204e-09	-4.578307e+01	-6.915705e+02
8.290000e-06	-5.553109e-09	-5.963353e-09	-4.601252e+01	-6.948517e+02
8.300000e-06	-5.580533e-09	-5.994229e-09	-4.623975e+01	-6.980791e+02
8.310000e-06	-5.607692e-09	-6.028411e-09	-4.646479e+01	-7.012528e+02
8.320000e-06	-5.634592e-09	-6.058736e-09	-4.668768e+01	-7.043731e+02
8.330000e-06	-5.661238e-09	-6.087750e-09	-4.690847e+01	-7.074401e+02
8.340000e-06	-5.687626e-09	-6.119582e-09	-4.712712e+01	-7.104543e+02
8.350000e-06	-5.713753e-09	-6.144286e-09	-4.734360e+01	-7.134158e+02
8.360000e-06	-5.739632e-09	-6.163690e-09	-4.755804e+01	-7.163250e+02
8.370000e-06	-5.765261e-09	-6.180663e-09	-4.777039e+01	-7.191822e+02
8.380000e-06	-5.790627e-09	-6.202252e-09	-4.798057e+01	-7.219877e+02
8.390000e-06	-5.815730e-09	-6.229681e-09	-4.818858e+01	-7.247421e+02
8.400000e-06	-5.840567e-09	-6.260963e-09	-4.839437e+01	-7.274456e+02
8.410000e-06	-5.865131e-09	-6.291645e-09	-4.859791e+01	-7.300989e+02
8.420000e-06	-5.889428e-09	-6.316307e-09	-4.879923e+01	-7.327023e+02
8.430000e-06	-5.913454e-09	-6.338393e-09	-4.899831e+01	-7.352564e+02
8.440000e-06	-5.937191e-09	-6.356969e-09	-4.919499e+01	-7.377618e+02
8.450000e-06	-5.960629e-09	-6.375176e-09	-4.938919e+01	-7.402191e+02
8.460000e-06	-5.983770e-09	-6.390925e-09	-4.958094e+01	-7.426288e+02
8.470000e-06	-6.006602e-09	-6.409772e-09	-4.977012e+01	-7.449916e+02
8.480000e-06	-6.029127e-09	-6.433237e-09	-4.995675e+01	-7.473081e+02
8.490000e-06	-6.051356e-09	-6.458510e-09	-5.014094e+01	-7.495791e+02
8.500000e-06	-6.073298e-09	-6.483590e-09	-5.032275e+01	-7.518052e+02
8.510000e-06	-6.094972e-09	-6.500844e-09	-5.050234e+01	-7.539872e+02
8.520000e-06	-6.116389e-09	-6.516917e-09	-5.067980e+01	-7.561258e+02
8.530000e-06	-6.137554e-09	-6.532633e-09	-5.085517e+01	-7.582218e+02
8.540000e-06	-6.158454e-09	-6.548836e-09	-5.102834e+01	-7.602758e+02
8.550000e-06	-6.179057e-09	-6.564640e-09	-5.119906e+01	-7.622886e+02
8.560000e-06	-6.199357e-09	-6.580457e-09	-5.136727e+01	-7.642610e+02
8.570000e-06	-6.219366e-09	-6.598361e-09	-5.153306e+01	-7.661938e+02
8.580000e-06	-6.239095e-09	-6.616372e-09	-5.169653e+01	-7.680876e+02
8.590000e-06	-6.258561e-09	-6.634415e-09	-5.185782e+01	-7.699432e+02
8.600000e-06	-6.277758e-09	-6.646552e-09	-5.201689e+01	-7.717612e+02
8.610000e-06	-6.296664e-09	-6.658725e-09	-5.217354e+01	-7.735426e+02
8.620000e-06	-6.315281e-09	-6.675338e-09	-5.232780e+01	-7.752877e+02
8.630000e-06	-6.333611e-09	-6.696143e-09	-5.247968e+01	-7.769975e+02
8.640000e-06	-6.351654e-09	-6.713953e-09	-5.262918e+01	-7.786723e+02
8.650000e-06	-6.369419e-09	-6.723763e-09	-5.277638e+01	-7.803130e+02
8.660000e-06	-6.386897e-09	-6.733180e-09	-5.292120e+01	-7.819200e+02
8.670000e-06	-6.404076e-09	-6.743189e-09	-5.306355e+01	-7.834938e+02
8.680000e-06	-6.420958e-09	-6.757242e-09	-5.320343e+01	-7.850350e+02
8.690000e-06	-6.437554e-09	-6.771408e-09	-5.334094e+01	-7.865440e+02
8.700000e-06	-6.453879e-09	-6.785594e-09	-5.347621e+01	-7.880213e+02
8.710000e-06	-6.469932e-09	-6.802676e-09	-5.360922e+01	-7.894672e+02
8.720000e-06	-6.485689e-09	-6.819708e-09	-5.373978e+01	-7.908822e+02
8.730000e-06	-6.501117e-09	-6.833105e-09	-5.386762e+01	-7.922663e+02
8.740000e-06	-6.516200e-09	-6.840144e-09	-5.399260e+01	-7.936201e+02
8.750000e-06	-6.530965e-09	-6.847035e-09	-5.411494e+01	-7.949436e+02
8.760000e-06	-6.545440e-09	-6.855923e-09	-5.423487e+01	-7.962371e+02
8.770000e-06	-6.559616e-09	-6.867872e-09	-5.435233e+01	-7.975007e+02
8.780000e-06	-6.573471e-09	-6.879620e-09	-5.446713e+01	-7.987345e+02
8.790000e-06	-6.587008e-09	-6.890988e-09	-5.457930e+01	-7.999386e+02
8.800000e-06	-6.600251e-09	-6.903771e-09	-5.468903e+01	-8.011130e+02
8.810000e-06	-6.613214e-09	-6.915451e-09	-5.479644e+01	-8.022578e+02
8.820000e-06	-6.625900e-09	-6.924227e-09	-5.490155e+01	-8.033729e+02
8.830000e-06	-6.638274e-09	-6.929045e-09	-5.500409e+01	-8.044582e+02
8.840000e-06	-6.650313e-09	-6.935356e-09	-5.510384e+01	-8.055137e+02
8.850000e-06	-6.662050e-09	-6.942457e-09	-5.520109e+01	-8.065393e+02
8.860000e-06	-6.673514e-09	-6.949693e-09	-5.529608e+01	-8.075348e+02
8.870000e-06	-6.684693e-09	-6.958782e-09	-5.538871e+01	-8.085002e+02
8.880000e-06	-6.695545e-09	-6.969905e-09	-5.547862e+01	-8.094353e+02
8.890000e-06	-6.706034e-09	-6.980423e-09	-5.556553e+01	-8.103400e+02
8.900000e-06	-6.716173e-09	-6.986807e-09	-5.564955e+01	-8.112140e+02
8.910000e-06	-6.725975e-09	-6.992617e-09	-5.573077e+01	-8.120573e+02
8.920000e-06	-6.735423e-09	-6.998671e-09	-5.580905e+01	-8.128697e+02
8.930000e-06	-6.744547e-09	-7.006499e-09	-5.588465e+01	-8.136510e+02
8.940000e-06	-6.753395e-09	-7.013988e-09	-5.595797e+01	-8.144011e+02
8.950000e-06	-6.761987e-09	-7.019199e-09	-5.602915e+01	-8.151199e+02
8.960000e-06	-6.770313e-09	-7.025710e-09	-5.609814e+01	-8.158073e+02
8.970000e-06	-6.778362e-09	-7.029083e-09	-5.616484e+01	-8.164632e+02
8.980000e-06	-6.786118e-09	-7.035403e-09	-5.622910e+01	-8.170876e+02
8.990000e-06	-6.793536e-09	-7.042301e-09	-5.629057e+01	-8.176803e+02
9.000000e-06	-6.800623e-09	-7.045637e-09	-5.634929e+01	-8.182415e+02
9.010000e-06	-6.807414e-09	-7.049345e-09	-5.640557e+01	-8.187711e+02
9.020000e-06	-6.813914e-09	-7.050617e-09	-5.645942e+01	-8.192692e+02
9.030000e-06	-6.820108e-09	-7.054847e-09	-5.651075e+01	-8.197359e+02
9.040000e-06	-6.825959e-09	-7.056412e-09	-5.655922e+01	-8.201713e+02
9.050000e-06	-6.831486e-09	-7.058099e-09	-5.660502e+01	-8.205756e+02
9.060000e-06	-6.836723e-09	-7.062632e-09	-5.664842e+01	-8.209491e+02
9.070000e-06	-6.841657e-09	-7.067458e-09	-5.668930e+01	-8.212919e+02
9.080000e-06	-6.846296e-09	-7.075746e-09	-5.672774e+01	-8.216044e+02
9.090000e-06	-6.850604e-09	-7.077758e-09	-5.676343e+01	-8.218869e+02
9.100000e-06	-6.854574e-09	-7.076444e-09	-5.679633e+01	-8.221397e+02
9.110000e-06	-6.858258e-09	-7.073939e-09	-5.682685e+01	-8.223634e+02
9.120000e-06	-6.861657e-09	-7.071727e-09	-5.685502e+01	-8.225583e+02
9.130000e-06	-6.864763e-09	-7.072701e-09	-5.688075e+01	-8.227249e+02
9.140000e-06	-6.867525e-09	-7.072905e-09	-5.690363e+01	-8.228638e+02
9.150000e-06	-6.869906e-09	-7.077384e-09	-5.692336e+01	-8.229756e+02
9.160000e-06	-6.871948e-09	-7.081651e-09	-5.694029e+01	-8.230608e+02
9.170000e-06	-6.873692e-09	-7.085849e-09	-5.695474e+01	-8.231201e+02
9.180000e-06	-6.875150e-09	-7.087884e-09	-5.696682e+01	-8.231540e+02
9.190000e-06	-6.876274e-09	-7.083805e-09	-5.697613e+01	-8.231634e+02
9.200000e-06	-6.877058e-09	-7.078274e-09	-5.698262e+01	-8.231489e+02
9.210000e-06	-6.877557e-09	-7.068375e-09	-5.698676e+01	-8.231111e+02
