# Temperatura_=_20.0
# Concentracion g/m^3_=_18000.0
# C_Vs_to_Am_M_A/Vsm_=_116720831517.84952
# pendiente_HvsI_1/m_=_3716.3
# ordenada_HvsI_A/m_=_1297.0
# frecuencia_Hz_=_108227.79770900642
# Promedio de 25 ciclos

Tiempo_(s)	Campo_(V.s)	Magnetizacion_(V.s)	Campo_(kA/m)	Magnetizacion_(A/m)
0.000000e+00	-6.927723e-09	-1.319833e-08	-5.697180e+01	-1.532248e+03
1.000000e-08	-6.927936e-09	-1.319995e-08	-5.697355e+01	-1.532844e+03
2.000000e-08	-6.927989e-09	-1.319868e-08	-5.697398e+01	-1.533478e+03
3.000000e-08	-6.927838e-09	-1.319882e-08	-5.697274e+01	-1.534150e+03
4.000000e-08	-6.927394e-09	-1.319704e-08	-5.696909e+01	-1.534857e+03
5.000000e-08	-6.926583e-09	-1.319264e-08	-5.696242e+01	-1.535600e+03
6.000000e-08	-6.925351e-09	-1.319387e-08	-5.695229e+01	-1.536375e+03
7.000000e-08	-6.923599e-09	-1.319743e-08	-5.693789e+01	-1.537181e+03
8.000000e-08	-6.921305e-09	-1.318688e-08	-5.691902e+01	-1.538016e+03
9.000000e-08	-6.918516e-09	-1.316286e-08	-5.689608e+01	-1.538878e+03
1.000000e-07	-6.915268e-09	-1.316703e-08	-5.686937e+01	-1.539762e+03
1.100000e-07	-6.911663e-09	-1.319200e-08	-5.683972e+01	-1.540667e+03
1.200000e-07	-6.907832e-09	-1.319131e-08	-5.680822e+01	-1.541588e+03
1.300000e-07	-6.903863e-09	-1.313058e-08	-5.677558e+01	-1.542523e+03
1.400000e-07	-6.899734e-09	-1.311847e-08	-5.674162e+01	-1.543467e+03
1.500000e-07	-6.895322e-09	-1.323974e-08	-5.670533e+01	-1.544417e+03
1.600000e-07	-6.890518e-09	-1.322964e-08	-5.666583e+01	-1.545368e+03
1.700000e-07	-6.885383e-09	-1.319264e-08	-5.662360e+01	-1.546317e+03
1.800000e-07	-6.879947e-09	-1.343059e-08	-5.657889e+01	-1.547258e+03
1.900000e-07	-6.874190e-09	-1.352141e-08	-5.653155e+01	-1.548189e+03
2.000000e-07	-6.868131e-09	-1.340043e-08	-5.648173e+01	-1.549103e+03
2.100000e-07	-6.861757e-09	-1.352143e-08	-5.642931e+01	-1.549998e+03
2.200000e-07	-6.855010e-09	-1.359413e-08	-5.637382e+01	-1.550869e+03
2.300000e-07	-6.847878e-09	-1.343569e-08	-5.631517e+01	-1.551710e+03
2.400000e-07	-6.840466e-09	-1.347918e-08	-5.625422e+01	-1.552519e+03
2.500000e-07	-6.832836e-09	-1.353842e-08	-5.619146e+01	-1.553291e+03
2.600000e-07	-6.825024e-09	-1.340056e-08	-5.612722e+01	-1.554021e+03
2.700000e-07	-6.817052e-09	-1.343635e-08	-5.606166e+01	-1.554707e+03
2.800000e-07	-6.808853e-09	-1.348485e-08	-5.599423e+01	-1.555344e+03
2.900000e-07	-6.800369e-09	-1.338081e-08	-5.592446e+01	-1.555928e+03
3.000000e-07	-6.791560e-09	-1.340155e-08	-5.585202e+01	-1.556457e+03
3.100000e-07	-6.782301e-09	-1.344324e-08	-5.577588e+01	-1.556928e+03
3.200000e-07	-6.772534e-09	-1.339429e-08	-5.569555e+01	-1.557336e+03
3.300000e-07	-6.762299e-09	-1.342201e-08	-5.561139e+01	-1.557680e+03
3.400000e-07	-6.751562e-09	-1.344036e-08	-5.552309e+01	-1.557958e+03
3.500000e-07	-6.740423e-09	-1.338041e-08	-5.543148e+01	-1.558167e+03
3.600000e-07	-6.729005e-09	-1.340365e-08	-5.533758e+01	-1.558305e+03
3.700000e-07	-6.717289e-09	-1.339736e-08	-5.524123e+01	-1.558370e+03
3.800000e-07	-6.705263e-09	-1.332907e-08	-5.514233e+01	-1.558362e+03
3.900000e-07	-6.692939e-09	-1.333945e-08	-5.504099e+01	-1.558280e+03
4.000000e-07	-6.680296e-09	-1.335715e-08	-5.493702e+01	-1.558123e+03
4.100000e-07	-6.667287e-09	-1.334176e-08	-5.483003e+01	-1.557889e+03
4.200000e-07	-6.653930e-09	-1.334341e-08	-5.472018e+01	-1.557580e+03
4.300000e-07	-6.640255e-09	-1.335155e-08	-5.460772e+01	-1.557196e+03
4.400000e-07	-6.626282e-09	-1.332413e-08	-5.449282e+01	-1.556736e+03
4.500000e-07	-6.611947e-09	-1.331190e-08	-5.437493e+01	-1.556201e+03
4.600000e-07	-6.597161e-09	-1.330836e-08	-5.425333e+01	-1.555593e+03
4.700000e-07	-6.581899e-09	-1.327749e-08	-5.412782e+01	-1.554913e+03
4.800000e-07	-6.566175e-09	-1.327393e-08	-5.399851e+01	-1.554161e+03
4.900000e-07	-6.550032e-09	-1.328623e-08	-5.386575e+01	-1.553339e+03
5.000000e-07	-6.533510e-09	-1.327896e-08	-5.372988e+01	-1.552450e+03
5.100000e-07	-6.516710e-09	-1.326498e-08	-5.359172e+01	-1.551495e+03
5.200000e-07	-6.499659e-09	-1.325693e-08	-5.345149e+01	-1.550476e+03
5.300000e-07	-6.482333e-09	-1.323993e-08	-5.330901e+01	-1.549395e+03
5.400000e-07	-6.464750e-09	-1.322539e-08	-5.316441e+01	-1.548255e+03
5.500000e-07	-6.446879e-09	-1.320996e-08	-5.301745e+01	-1.547058e+03
5.600000e-07	-6.428691e-09	-1.319179e-08	-5.286787e+01	-1.545806e+03
5.700000e-07	-6.410160e-09	-1.318931e-08	-5.271548e+01	-1.544503e+03
5.800000e-07	-6.391296e-09	-1.318164e-08	-5.256035e+01	-1.543150e+03
5.900000e-07	-6.372141e-09	-1.316810e-08	-5.240282e+01	-1.541750e+03
6.000000e-07	-6.352710e-09	-1.315046e-08	-5.224302e+01	-1.540306e+03
6.100000e-07	-6.333081e-09	-1.313828e-08	-5.208160e+01	-1.538820e+03
6.200000e-07	-6.313298e-09	-1.312777e-08	-5.191890e+01	-1.537295e+03
6.300000e-07	-6.293368e-09	-1.311715e-08	-5.175501e+01	-1.535733e+03
6.400000e-07	-6.273288e-09	-1.310761e-08	-5.158987e+01	-1.534136e+03
6.500000e-07	-6.253006e-09	-1.308738e-08	-5.142308e+01	-1.532507e+03
6.600000e-07	-6.232500e-09	-1.307454e-08	-5.125445e+01	-1.530848e+03
6.700000e-07	-6.211729e-09	-1.306062e-08	-5.108363e+01	-1.529160e+03
6.800000e-07	-6.190649e-09	-1.304406e-08	-5.091027e+01	-1.527446e+03
6.900000e-07	-6.169286e-09	-1.302605e-08	-5.073459e+01	-1.525707e+03
7.000000e-07	-6.147653e-09	-1.300737e-08	-5.055668e+01	-1.523944e+03
7.100000e-07	-6.125742e-09	-1.299634e-08	-5.037649e+01	-1.522160e+03
7.200000e-07	-6.103576e-09	-1.298545e-08	-5.019421e+01	-1.520355e+03
7.300000e-07	-6.081153e-09	-1.297497e-08	-5.000980e+01	-1.518530e+03
7.400000e-07	-6.058434e-09	-1.295617e-08	-4.982297e+01	-1.516687e+03
7.500000e-07	-6.035428e-09	-1.293726e-08	-4.963377e+01	-1.514825e+03
7.600000e-07	-6.012155e-09	-1.292153e-08	-4.944238e+01	-1.512945e+03
7.700000e-07	-5.988639e-09	-1.290479e-08	-4.924899e+01	-1.511048e+03
7.800000e-07	-5.964927e-09	-1.288971e-08	-4.905399e+01	-1.509133e+03
7.900000e-07	-5.941008e-09	-1.287246e-08	-4.885728e+01	-1.507201e+03
8.000000e-07	-5.916862e-09	-1.285867e-08	-4.865872e+01	-1.505252e+03
8.100000e-07	-5.892441e-09	-1.284373e-08	-4.845789e+01	-1.503284e+03
8.200000e-07	-5.867644e-09	-1.282544e-08	-4.825396e+01	-1.501298e+03
8.300000e-07	-5.842416e-09	-1.280341e-08	-4.804649e+01	-1.499293e+03
8.400000e-07	-5.816764e-09	-1.278114e-08	-4.783554e+01	-1.497267e+03
8.500000e-07	-5.790633e-09	-1.276245e-08	-4.762064e+01	-1.495221e+03
8.600000e-07	-5.764052e-09	-1.274419e-08	-4.740205e+01	-1.493153e+03
8.700000e-07	-5.737130e-09	-1.272682e-08	-4.718065e+01	-1.491062e+03
8.800000e-07	-5.709917e-09	-1.270621e-08	-4.695686e+01	-1.488947e+03
8.900000e-07	-5.682460e-09	-1.268531e-08	-4.673106e+01	-1.486807e+03
9.000000e-07	-5.654789e-09	-1.266482e-08	-4.650350e+01	-1.484640e+03
9.100000e-07	-5.626927e-09	-1.264578e-08	-4.627437e+01	-1.482445e+03
9.200000e-07	-5.598884e-09	-1.262522e-08	-4.604375e+01	-1.480221e+03
9.300000e-07	-5.570655e-09	-1.260226e-08	-4.581160e+01	-1.477967e+03
9.400000e-07	-5.542238e-09	-1.258323e-08	-4.557791e+01	-1.475680e+03
9.500000e-07	-5.513617e-09	-1.256475e-08	-4.534253e+01	-1.473360e+03
9.600000e-07	-5.484790e-09	-1.254461e-08	-4.510547e+01	-1.471005e+03
9.700000e-07	-5.455720e-09	-1.252107e-08	-4.486640e+01	-1.468614e+03
9.800000e-07	-5.426379e-09	-1.249782e-08	-4.462511e+01	-1.466187e+03
9.900000e-07	-5.396827e-09	-1.247531e-08	-4.438208e+01	-1.463721e+03
1.000000e-06	-5.367057e-09	-1.245209e-08	-4.413726e+01	-1.461215e+03
1.010000e-06	-5.337060e-09	-1.242970e-08	-4.389057e+01	-1.458669e+03
1.020000e-06	-5.306862e-09	-1.240687e-08	-4.364223e+01	-1.456082e+03
1.030000e-06	-5.276442e-09	-1.238381e-08	-4.339206e+01	-1.453453e+03
1.040000e-06	-5.245791e-09	-1.235880e-08	-4.314000e+01	-1.450781e+03
1.050000e-06	-5.214935e-09	-1.233269e-08	-4.288624e+01	-1.448065e+03
1.060000e-06	-5.183873e-09	-1.230843e-08	-4.263080e+01	-1.445305e+03
1.070000e-06	-5.152593e-09	-1.228564e-08	-4.237356e+01	-1.442500e+03
1.080000e-06	-5.121118e-09	-1.226249e-08	-4.211472e+01	-1.439650e+03
1.090000e-06	-5.089463e-09	-1.223891e-08	-4.185440e+01	-1.436755e+03
1.100000e-06	-5.057624e-09	-1.221574e-08	-4.159255e+01	-1.433814e+03
1.110000e-06	-5.025581e-09	-1.219040e-08	-4.132904e+01	-1.430828e+03
1.120000e-06	-4.993325e-09	-1.216222e-08	-4.106377e+01	-1.427796e+03
1.130000e-06	-4.960836e-09	-1.213505e-08	-4.079659e+01	-1.424718e+03
1.140000e-06	-4.928075e-09	-1.210976e-08	-4.052718e+01	-1.421595e+03
1.150000e-06	-4.894985e-09	-1.208457e-08	-4.025506e+01	-1.418427e+03
1.160000e-06	-4.861514e-09	-1.205879e-08	-3.997979e+01	-1.415214e+03
1.170000e-06	-4.827700e-09	-1.203004e-08	-3.970172e+01	-1.411955e+03
1.180000e-06	-4.793560e-09	-1.199904e-08	-3.942096e+01	-1.408652e+03
1.190000e-06	-4.759080e-09	-1.196940e-08	-3.913741e+01	-1.405305e+03
1.200000e-06	-4.724279e-09	-1.194165e-08	-3.885122e+01	-1.401914e+03
1.210000e-06	-4.689184e-09	-1.191527e-08	-3.856260e+01	-1.398480e+03
1.220000e-06	-4.653841e-09	-1.188929e-08	-3.827195e+01	-1.395002e+03
1.230000e-06	-4.618323e-09	-1.186317e-08	-3.797986e+01	-1.391481e+03
1.240000e-06	-4.582646e-09	-1.183494e-08	-3.768645e+01	-1.387917e+03
1.250000e-06	-4.546813e-09	-1.180518e-08	-3.739177e+01	-1.384311e+03
1.260000e-06	-4.510847e-09	-1.177479e-08	-3.709600e+01	-1.380662e+03
1.270000e-06	-4.474725e-09	-1.174319e-08	-3.679894e+01	-1.376971e+03
1.280000e-06	-4.438447e-09	-1.171333e-08	-3.650060e+01	-1.373238e+03
1.290000e-06	-4.402025e-09	-1.168449e-08	-3.620107e+01	-1.369462e+03
1.300000e-06	-4.365434e-09	-1.165519e-08	-3.590016e+01	-1.365643e+03
1.310000e-06	-4.328652e-09	-1.162397e-08	-3.559767e+01	-1.361782e+03
1.320000e-06	-4.291715e-09	-1.159080e-08	-3.529391e+01	-1.357877e+03
1.330000e-06	-4.254625e-09	-1.155762e-08	-3.498889e+01	-1.353928e+03
1.340000e-06	-4.217345e-09	-1.152407e-08	-3.468231e+01	-1.349935e+03
1.350000e-06	-4.179855e-09	-1.149178e-08	-3.437401e+01	-1.345897e+03
1.360000e-06	-4.142177e-09	-1.145971e-08	-3.406415e+01	-1.341813e+03
1.370000e-06	-4.104329e-09	-1.142709e-08	-3.375290e+01	-1.337682e+03
1.380000e-06	-4.066286e-09	-1.139308e-08	-3.344004e+01	-1.333502e+03
1.390000e-06	-4.028058e-09	-1.135714e-08	-3.312567e+01	-1.329274e+03
1.400000e-06	-3.989661e-09	-1.132013e-08	-3.280990e+01	-1.324995e+03
1.410000e-06	-3.951070e-09	-1.128209e-08	-3.249254e+01	-1.320664e+03
1.420000e-06	-3.912318e-09	-1.124525e-08	-3.217385e+01	-1.316280e+03
1.430000e-06	-3.873420e-09	-1.120906e-08	-3.185396e+01	-1.311840e+03
1.440000e-06	-3.834348e-09	-1.117340e-08	-3.153264e+01	-1.307344e+03
1.450000e-06	-3.795136e-09	-1.113521e-08	-3.121017e+01	-1.302790e+03
1.460000e-06	-3.755772e-09	-1.109460e-08	-3.088645e+01	-1.298175e+03
1.470000e-06	-3.716226e-09	-1.105447e-08	-3.056124e+01	-1.293498e+03
1.480000e-06	-3.676521e-09	-1.101383e-08	-3.023471e+01	-1.288757e+03
1.490000e-06	-3.636674e-09	-1.097353e-08	-2.990702e+01	-1.283950e+03
1.500000e-06	-3.596692e-09	-1.093303e-08	-2.957822e+01	-1.279075e+03
1.510000e-06	-3.556571e-09	-1.089265e-08	-2.924827e+01	-1.274130e+03
1.520000e-06	-3.516289e-09	-1.085177e-08	-2.891701e+01	-1.269113e+03
1.530000e-06	-3.475814e-09	-1.081132e-08	-2.858415e+01	-1.264023e+03
1.540000e-06	-3.435166e-09	-1.076992e-08	-2.824986e+01	-1.258857e+03
1.550000e-06	-3.394351e-09	-1.072612e-08	-2.791422e+01	-1.253614e+03
1.560000e-06	-3.353325e-09	-1.068204e-08	-2.757683e+01	-1.248291e+03
1.570000e-06	-3.312084e-09	-1.063740e-08	-2.723768e+01	-1.242888e+03
1.580000e-06	-3.270635e-09	-1.059135e-08	-2.689681e+01	-1.237402e+03
1.590000e-06	-3.228965e-09	-1.054367e-08	-2.655413e+01	-1.231831e+03
1.600000e-06	-3.187116e-09	-1.049547e-08	-2.620997e+01	-1.226176e+03
1.610000e-06	-3.145111e-09	-1.044691e-08	-2.586454e+01	-1.220434e+03
1.620000e-06	-3.102905e-09	-1.039802e-08	-2.551746e+01	-1.214604e+03
1.630000e-06	-3.060486e-09	-1.034781e-08	-2.516861e+01	-1.208686e+03
1.640000e-06	-3.017901e-09	-1.029563e-08	-2.481841e+01	-1.202677e+03
1.650000e-06	-2.975166e-09	-1.024332e-08	-2.446696e+01	-1.196578e+03
1.660000e-06	-2.932285e-09	-1.018691e-08	-2.411432e+01	-1.190388e+03
1.670000e-06	-2.889263e-09	-1.012761e-08	-2.376052e+01	-1.184107e+03
1.680000e-06	-2.846101e-09	-1.006712e-08	-2.340557e+01	-1.177734e+03
1.690000e-06	-2.802815e-09	-1.000798e-08	-2.304960e+01	-1.171268e+03
1.700000e-06	-2.759420e-09	-9.955015e-09	-2.269272e+01	-1.164711e+03
1.710000e-06	-2.715913e-09	-9.899609e-09	-2.233493e+01	-1.158061e+03
1.720000e-06	-2.672300e-09	-9.839046e-09	-2.197627e+01	-1.151320e+03
1.730000e-06	-2.628565e-09	-9.776231e-09	-2.161660e+01	-1.144487e+03
1.740000e-06	-2.584702e-09	-9.716267e-09	-2.125588e+01	-1.137563e+03
1.750000e-06	-2.540732e-09	-9.662309e-09	-2.089428e+01	-1.130548e+03
1.760000e-06	-2.496657e-09	-9.608173e-09	-2.053182e+01	-1.123443e+03
1.770000e-06	-2.452497e-09	-9.553916e-09	-2.016866e+01	-1.116248e+03
1.780000e-06	-2.408267e-09	-9.496752e-09	-1.980492e+01	-1.108965e+03
1.790000e-06	-2.363950e-09	-9.436691e-09	-1.944047e+01	-1.101592e+03
1.800000e-06	-2.319523e-09	-9.371966e-09	-1.907511e+01	-1.094132e+03
1.810000e-06	-2.275003e-09	-9.300214e-09	-1.870899e+01	-1.086585e+03
1.820000e-06	-2.230409e-09	-9.227464e-09	-1.834226e+01	-1.078950e+03
1.830000e-06	-2.185710e-09	-9.157245e-09	-1.797467e+01	-1.071230e+03
1.840000e-06	-2.140922e-09	-9.094896e-09	-1.760635e+01	-1.063423e+03
1.850000e-06	-2.096043e-09	-9.034737e-09	-1.723728e+01	-1.055530e+03
1.860000e-06	-2.051028e-09	-8.972783e-09	-1.686708e+01	-1.047551e+03
1.870000e-06	-2.005899e-09	-8.907708e-09	-1.649596e+01	-1.039487e+03
1.880000e-06	-1.960713e-09	-8.838135e-09	-1.612436e+01	-1.031335e+03
1.890000e-06	-1.915454e-09	-8.764752e-09	-1.575216e+01	-1.023097e+03
1.900000e-06	-1.870083e-09	-8.683229e-09	-1.537903e+01	-1.014771e+03
1.910000e-06	-1.824614e-09	-8.598946e-09	-1.500512e+01	-1.006356e+03
1.920000e-06	-1.779066e-09	-8.516777e-09	-1.463054e+01	-9.978510e+02
1.930000e-06	-1.733463e-09	-8.444153e-09	-1.425551e+01	-9.892538e+02
1.940000e-06	-1.687783e-09	-8.377905e-09	-1.387985e+01	-9.805625e+02
1.950000e-06	-1.642018e-09	-8.310902e-09	-1.350349e+01	-9.717749e+02
1.960000e-06	-1.596187e-09	-8.242275e-09	-1.312658e+01	-9.628881e+02
1.970000e-06	-1.550281e-09	-8.167998e-09	-1.274907e+01	-9.538991e+02
1.980000e-06	-1.504327e-09	-8.088165e-09	-1.237115e+01	-9.448044e+02
1.990000e-06	-1.458316e-09	-8.000612e-09	-1.199277e+01	-9.356002e+02
2.000000e-06	-1.412259e-09	-7.912025e-09	-1.161401e+01	-9.262822e+02
2.010000e-06	-1.366143e-09	-7.824757e-09	-1.123477e+01	-9.168458e+02
2.020000e-06	-1.319937e-09	-7.740172e-09	-1.085478e+01	-9.072859e+02
2.030000e-06	-1.273687e-09	-7.657730e-09	-1.047443e+01	-8.975972e+02
2.040000e-06	-1.227432e-09	-7.572092e-09	-1.009404e+01	-8.877738e+02
2.050000e-06	-1.181122e-09	-7.487785e-09	-9.713200e+00	-8.778096e+02
2.060000e-06	-1.134759e-09	-7.404287e-09	-9.331927e+00	-8.676981e+02
2.070000e-06	-1.088349e-09	-7.319413e-09	-8.950260e+00	-8.574324e+02
2.080000e-06	-1.041873e-09	-7.228593e-09	-8.568052e+00	-8.470054e+02
2.090000e-06	-9.953553e-10	-7.132470e-09	-8.185502e+00	-8.364096e+02
2.100000e-06	-9.488210e-10	-7.034248e-09	-7.802816e+00	-8.256372e+02
2.110000e-06	-9.022475e-10	-6.934843e-09	-7.419808e+00	-8.146804e+02
2.120000e-06	-8.556039e-10	-6.836174e-09	-7.036223e+00	-8.035308e+02
2.130000e-06	-8.089250e-10	-6.736480e-09	-6.652349e+00	-7.921803e+02
2.140000e-06	-7.622185e-10	-6.638731e-09	-6.268247e+00	-7.806202e+02
2.150000e-06	-7.154600e-10	-6.542679e-09	-5.883718e+00	-7.688420e+02
2.160000e-06	-6.686473e-10	-6.447456e-09	-5.498742e+00	-7.568370e+02
2.170000e-06	-6.218011e-10	-6.347667e-09	-5.113491e+00	-7.445966e+02
2.180000e-06	-5.749361e-10	-6.238663e-09	-4.728085e+00	-7.321122e+02
2.190000e-06	-5.280505e-10	-6.124601e-09	-4.342510e+00	-7.193753e+02
2.200000e-06	-4.811138e-10	-6.007814e-09	-3.956515e+00	-7.063773e+02
2.210000e-06	-4.341650e-10	-5.890497e-09	-3.570421e+00	-6.931102e+02
2.220000e-06	-3.871974e-10	-5.773395e-09	-3.184171e+00	-6.795659e+02
2.230000e-06	-3.401924e-10	-5.659412e-09	-2.797613e+00	-6.657367e+02
2.240000e-06	-2.931686e-10	-5.548544e-09	-2.410902e+00	-6.516153e+02
2.250000e-06	-2.461328e-10	-5.434294e-09	-2.024091e+00	-6.371945e+02
2.260000e-06	-1.991265e-10	-5.313175e-09	-1.637524e+00	-6.224679e+02
2.270000e-06	-1.521247e-10	-5.183991e-09	-1.250992e+00	-6.074294e+02
2.280000e-06	-1.051152e-10	-5.050086e-09	-8.643987e-01	-5.920735e+02
2.290000e-06	-5.814261e-11	-4.914035e-09	-4.781086e-01	-5.763952e+02
2.300000e-06	-1.116896e-11	-4.776032e-09	-9.180951e-02	-5.603901e+02
2.310000e-06	3.582529e-11	-4.637513e-09	2.946588e-01	-5.440546e+02
2.320000e-06	8.278483e-11	-4.498611e-09	6.808414e-01	-5.273858e+02
2.330000e-06	1.297353e-10	-4.359801e-09	1.066950e+00	-5.103815e+02
2.340000e-06	1.766985e-10	-4.217398e-09	1.453164e+00	-4.930402e+02
2.350000e-06	2.236387e-10	-4.067415e-09	1.839187e+00	-4.753614e+02
2.360000e-06	2.705475e-10	-3.911158e-09	2.224953e+00	-4.573454e+02
2.370000e-06	3.174413e-10	-3.751763e-09	2.610596e+00	-4.389932e+02
2.380000e-06	3.643017e-10	-3.591228e-09	2.995963e+00	-4.203071e+02
2.390000e-06	4.111328e-10	-3.428609e-09	3.381089e+00	-4.012899e+02
2.400000e-06	4.579620e-10	-3.263923e-09	3.766201e+00	-3.819455e+02
2.410000e-06	5.047939e-10	-3.096512e-09	4.151333e+00	-3.622788e+02
2.420000e-06	5.516184e-10	-2.926700e-09	4.536405e+00	-3.422956e+02
2.430000e-06	5.984133e-10	-2.753729e-09	4.921234e+00	-3.220027e+02
2.440000e-06	6.451717e-10	-2.575076e-09	5.305763e+00	-3.014078e+02
2.450000e-06	6.919063e-10	-2.394656e-09	5.690096e+00	-2.805195e+02
2.460000e-06	7.386362e-10	-2.213088e-09	6.074391e+00	-2.593474e+02
2.470000e-06	7.853458e-10	-2.029153e-09	6.458518e+00	-2.379021e+02
2.480000e-06	8.320140e-10	-1.841204e-09	6.842305e+00	-2.161948e+02
2.490000e-06	8.786536e-10	-1.648403e-09	7.225857e+00	-1.942379e+02
2.500000e-06	9.252626e-10	-1.452383e-09	7.609157e+00	-1.720444e+02
2.510000e-06	9.718370e-10	-1.253860e-09	7.992173e+00	-1.496282e+02
2.520000e-06	1.018391e-09	-1.056632e-09	8.375024e+00	-1.270040e+02
2.530000e-06	1.064912e-09	-8.594950e-10	8.757596e+00	-1.041872e+02
2.540000e-06	1.111387e-09	-6.598933e-10	9.139796e+00	-8.119375e+01
2.550000e-06	1.157829e-09	-4.583075e-10	9.521726e+00	-5.804042e+01
2.560000e-06	1.204239e-09	-2.563925e-10	9.903384e+00	-3.474442e+01
2.570000e-06	1.250574e-09	-5.398758e-11	1.028443e+01	-1.132351e+01
2.580000e-06	1.296864e-09	1.507508e-10	1.066511e+01	1.220408e+01
2.590000e-06	1.343105e-09	3.562019e-10	1.104539e+01	3.581973e+01
2.600000e-06	1.389239e-09	5.609859e-10	1.142478e+01	5.950450e+01
2.610000e-06	1.435329e-09	7.644292e-10	1.180381e+01	8.323917e+01
2.620000e-06	1.481346e-09	9.679887e-10	1.218224e+01	1.070043e+02
2.630000e-06	1.527258e-09	1.172567e-09	1.255981e+01	1.307804e+02
2.640000e-06	1.573119e-09	1.378606e-09	1.293696e+01	1.545477e+02
2.650000e-06	1.618871e-09	1.585562e-09	1.331321e+01	1.782867e+02
2.660000e-06	1.664505e-09	1.791482e-09	1.368850e+01	2.019779e+02
2.670000e-06	1.710058e-09	1.995640e-09	1.406311e+01	2.256018e+02
2.680000e-06	1.755510e-09	2.196661e-09	1.443690e+01	2.491391e+02
2.690000e-06	1.800858e-09	2.394724e-09	1.480983e+01	2.725710e+02
2.700000e-06	1.846113e-09	2.589673e-09	1.518199e+01	2.958789e+02
2.710000e-06	1.891295e-09	2.783949e-09	1.555356e+01	3.190446e+02
2.720000e-06	1.936392e-09	2.978899e-09	1.592442e+01	3.420502e+02
2.730000e-06	1.981399e-09	3.172545e-09	1.629454e+01	3.648787e+02
2.740000e-06	2.026323e-09	3.364250e-09	1.666399e+01	3.875132e+02
2.750000e-06	2.071170e-09	3.553787e-09	1.703280e+01	4.099379e+02
2.760000e-06	2.115939e-09	3.742555e-09	1.740097e+01	4.321374e+02
2.770000e-06	2.160604e-09	3.928300e-09	1.776828e+01	4.540970e+02
2.780000e-06	2.205211e-09	4.107545e-09	1.813511e+01	4.758029e+02
2.790000e-06	2.249748e-09	4.283519e-09	1.850138e+01	4.972419e+02
2.800000e-06	2.294195e-09	4.459999e-09	1.886690e+01	5.184019e+02
2.810000e-06	2.338578e-09	4.636343e-09	1.923189e+01	5.392716e+02
2.820000e-06	2.382885e-09	4.811989e-09	1.959626e+01	5.598403e+02
2.830000e-06	2.427108e-09	4.985045e-09	1.995994e+01	5.800987e+02
2.840000e-06	2.471234e-09	5.156964e-09	2.032282e+01	6.000379e+02
2.850000e-06	2.515297e-09	5.326048e-09	2.068519e+01	6.196503e+02
2.860000e-06	2.559308e-09	5.492412e-09	2.104712e+01	6.389292e+02
2.870000e-06	2.603238e-09	5.652607e-09	2.140839e+01	6.578688e+02
2.880000e-06	2.647045e-09	5.804108e-09	2.176865e+01	6.764641e+02
2.890000e-06	2.690744e-09	5.954064e-09	2.212802e+01	6.947112e+02
2.900000e-06	2.734366e-09	6.104536e-09	2.248676e+01	7.126072e+02
2.910000e-06	2.777863e-09	6.259667e-09	2.284446e+01	7.301499e+02
2.920000e-06	2.821209e-09	6.412797e-09	2.320093e+01	7.473381e+02
2.930000e-06	2.864440e-09	6.560615e-09	2.355645e+01	7.641715e+02
2.940000e-06	2.907540e-09	6.703095e-09	2.391089e+01	7.806507e+02
2.950000e-06	2.950472e-09	6.838088e-09	2.426395e+01	7.967768e+02
2.960000e-06	2.993229e-09	6.967857e-09	2.461557e+01	8.125520e+02
2.970000e-06	3.035799e-09	7.089582e-09	2.496565e+01	8.279792e+02
2.980000e-06	3.078141e-09	7.213787e-09	2.531386e+01	8.430618e+02
2.990000e-06	3.120247e-09	7.341799e-09	2.566013e+01	8.578040e+02
3.000000e-06	3.162159e-09	7.470331e-09	2.600480e+01	8.722106e+02
3.010000e-06	3.203889e-09	7.595399e-09	2.634798e+01	8.862870e+02
3.020000e-06	3.245372e-09	7.708297e-09	2.668912e+01	9.000391e+02
3.030000e-06	3.286575e-09	7.818229e-09	2.702796e+01	9.134731e+02
3.040000e-06	3.327574e-09	7.922747e-09	2.736512e+01	9.265959e+02
3.050000e-06	3.368389e-09	8.027618e-09	2.770078e+01	9.394146e+02
3.060000e-06	3.409013e-09	8.135209e-09	2.803485e+01	9.519365e+02
3.070000e-06	3.449453e-09	8.241619e-09	2.836742e+01	9.641695e+02
3.080000e-06	3.489730e-09	8.350230e-09	2.869865e+01	9.761214e+02
3.090000e-06	3.529887e-09	8.453717e-09	2.902889e+01	9.878004e+02
3.100000e-06	3.569914e-09	8.550722e-09	2.935806e+01	9.992145e+02
3.110000e-06	3.609777e-09	8.639165e-09	2.968589e+01	1.010372e+03
3.120000e-06	3.649498e-09	8.727830e-09	3.001255e+01	1.021281e+03
3.130000e-06	3.689113e-09	8.821113e-09	3.033833e+01	1.031951e+03
3.140000e-06	3.728613e-09	8.916855e-09	3.066316e+01	1.042388e+03
3.150000e-06	3.767990e-09	9.014879e-09	3.098699e+01	1.052602e+03
3.160000e-06	3.807220e-09	9.107396e-09	3.130961e+01	1.062600e+03
3.170000e-06	3.846298e-09	9.196672e-09	3.163098e+01	1.072391e+03
3.180000e-06	3.885258e-09	9.279459e-09	3.195138e+01	1.081980e+03
3.190000e-06	3.924078e-09	9.355564e-09	3.227062e+01	1.091377e+03
3.200000e-06	3.962722e-09	9.428383e-09	3.258842e+01	1.100587e+03
3.210000e-06	4.001204e-09	9.502457e-09	3.290489e+01	1.109618e+03
3.220000e-06	4.039508e-09	9.585916e-09	3.321989e+01	1.118477e+03
3.230000e-06	4.077617e-09	9.673148e-09	3.353329e+01	1.127168e+03
3.240000e-06	4.115545e-09	9.756887e-09	3.384520e+01	1.135698e+03
3.250000e-06	4.153280e-09	9.830656e-09	3.415552e+01	1.144073e+03
3.260000e-06	4.190840e-09	9.897917e-09	3.446440e+01	1.152297e+03
3.270000e-06	4.228208e-09	9.961904e-09	3.477171e+01	1.160376e+03
3.280000e-06	4.265386e-09	1.002496e-08	3.507745e+01	1.168312e+03
3.290000e-06	4.302363e-09	1.008979e-08	3.538154e+01	1.176112e+03
3.300000e-06	4.339113e-09	1.015646e-08	3.568375e+01	1.183777e+03
3.310000e-06	4.375685e-09	1.022972e-08	3.598452e+01	1.191311e+03
3.320000e-06	4.412113e-09	1.030153e-08	3.628409e+01	1.198718e+03
3.330000e-06	4.448374e-09	1.036672e-08	3.658229e+01	1.206000e+03
3.340000e-06	4.484455e-09	1.042483e-08	3.687902e+01	1.213158e+03
3.350000e-06	4.520384e-09	1.048015e-08	3.717449e+01	1.220196e+03
3.360000e-06	4.556164e-09	1.053722e-08	3.746873e+01	1.227114e+03
3.370000e-06	4.591818e-09	1.059220e-08	3.776194e+01	1.233915e+03
3.380000e-06	4.627313e-09	1.064643e-08	3.805385e+01	1.240599e+03
3.390000e-06	4.662574e-09	1.069929e-08	3.834382e+01	1.247168e+03
3.400000e-06	4.697603e-09	1.075401e-08	3.863189e+01	1.253622e+03
3.410000e-06	4.732363e-09	1.080917e-08	3.891774e+01	1.259963e+03
3.420000e-06	4.766801e-09	1.085847e-08	3.920096e+01	1.266190e+03
3.430000e-06	4.800911e-09	1.090614e-08	3.948146e+01	1.272304e+03
3.440000e-06	4.834671e-09	1.095318e-08	3.975909e+01	1.278305e+03
3.450000e-06	4.868090e-09	1.100041e-08	4.003392e+01	1.284194e+03
3.460000e-06	4.901211e-09	1.104750e-08	4.030630e+01	1.289971e+03
3.470000e-06	4.934040e-09	1.109358e-08	4.057627e+01	1.295637e+03
3.480000e-06	4.966592e-09	1.113902e-08	4.084397e+01	1.301191e+03
3.490000e-06	4.998945e-09	1.118340e-08	4.111003e+01	1.306634e+03
3.500000e-06	5.031115e-09	1.122961e-08	4.137459e+01	1.311966e+03
3.510000e-06	5.063094e-09	1.127246e-08	4.163758e+01	1.317188e+03
3.520000e-06	5.094908e-09	1.131024e-08	4.189921e+01	1.322300e+03
3.530000e-06	5.126572e-09	1.134738e-08	4.215961e+01	1.327304e+03
3.540000e-06	5.158072e-09	1.138437e-08	4.241865e+01	1.332199e+03
3.550000e-06	5.189371e-09	1.142305e-08	4.267604e+01	1.336988e+03
3.560000e-06	5.220436e-09	1.146066e-08	4.293152e+01	1.341670e+03
3.570000e-06	5.251274e-09	1.149681e-08	4.318512e+01	1.346247e+03
3.580000e-06	5.281875e-09	1.153415e-08	4.343677e+01	1.350721e+03
3.590000e-06	5.312226e-09	1.157026e-08	4.368637e+01	1.355093e+03
3.600000e-06	5.342354e-09	1.160439e-08	4.393414e+01	1.359366e+03
3.610000e-06	5.372252e-09	1.163511e-08	4.418001e+01	1.363540e+03
3.620000e-06	5.401926e-09	1.166537e-08	4.442404e+01	1.367618e+03
3.630000e-06	5.431393e-09	1.169888e-08	4.466637e+01	1.371603e+03
3.640000e-06	5.460638e-09	1.173702e-08	4.490687e+01	1.375497e+03
3.650000e-06	5.489618e-09	1.177723e-08	4.514520e+01	1.379302e+03
3.660000e-06	5.518340e-09	1.181479e-08	4.538139e+01	1.383021e+03
3.670000e-06	5.546826e-09	1.184530e-08	4.561566e+01	1.386657e+03
3.680000e-06	5.575094e-09	1.186766e-08	4.584813e+01	1.390213e+03
3.690000e-06	5.603166e-09	1.188877e-08	4.607898e+01	1.393692e+03
3.700000e-06	5.631077e-09	1.190984e-08	4.630852e+01	1.397097e+03
3.710000e-06	5.658848e-09	1.193463e-08	4.653690e+01	1.400431e+03
3.720000e-06	5.686440e-09	1.196541e-08	4.676381e+01	1.403698e+03
3.730000e-06	5.713799e-09	1.200019e-08	4.698881e+01	1.406900e+03
3.740000e-06	5.740851e-09	1.203648e-08	4.721127e+01	1.410042e+03
3.750000e-06	5.767546e-09	1.206779e-08	4.743080e+01	1.413126e+03
3.760000e-06	5.793826e-09	1.209322e-08	4.764692e+01	1.416155e+03
3.770000e-06	5.819670e-09	1.211485e-08	4.785946e+01	1.419133e+03
3.780000e-06	5.845072e-09	1.213543e-08	4.806835e+01	1.422063e+03
3.790000e-06	5.870045e-09	1.215488e-08	4.827372e+01	1.424947e+03
3.800000e-06	5.894658e-09	1.217625e-08	4.847613e+01	1.427788e+03
3.810000e-06	5.918983e-09	1.220372e-08	4.867617e+01	1.430590e+03
3.820000e-06	5.943086e-09	1.223442e-08	4.887439e+01	1.433354e+03
3.830000e-06	5.966982e-09	1.226422e-08	4.907090e+01	1.436084e+03
3.840000e-06	5.990659e-09	1.228654e-08	4.926562e+01	1.438781e+03
3.850000e-06	6.014108e-09	1.230450e-08	4.945846e+01	1.441446e+03
3.860000e-06	6.037327e-09	1.232221e-08	4.964940e+01	1.444083e+03
3.870000e-06	6.060270e-09	1.233748e-08	4.983808e+01	1.446693e+03
3.880000e-06	6.082918e-09	1.235365e-08	5.002433e+01	1.449276e+03
3.890000e-06	6.105315e-09	1.237257e-08	5.020852e+01	1.451834e+03
3.900000e-06	6.127482e-09	1.239661e-08	5.039081e+01	1.454368e+03
3.910000e-06	6.149406e-09	1.242466e-08	5.057111e+01	1.456879e+03
3.920000e-06	6.171045e-09	1.245060e-08	5.074906e+01	1.459366e+03
3.930000e-06	6.192406e-09	1.247154e-08	5.092473e+01	1.461829e+03
3.940000e-06	6.213490e-09	1.249030e-08	5.109811e+01	1.464270e+03
3.950000e-06	6.234266e-09	1.250732e-08	5.126897e+01	1.466686e+03
3.960000e-06	6.254763e-09	1.252093e-08	5.143753e+01	1.469078e+03
3.970000e-06	6.275017e-09	1.253416e-08	5.160409e+01	1.471444e+03
3.980000e-06	6.295069e-09	1.254849e-08	5.176900e+01	1.473784e+03
3.990000e-06	6.314944e-09	1.256538e-08	5.193245e+01	1.476097e+03
4.000000e-06	6.334658e-09	1.258443e-08	5.209457e+01	1.478380e+03
4.010000e-06	6.354194e-09	1.260471e-08	5.225523e+01	1.480632e+03
4.020000e-06	6.373476e-09	1.262570e-08	5.241380e+01	1.482852e+03
4.030000e-06	6.392420e-09	1.264359e-08	5.256959e+01	1.485037e+03
4.040000e-06	6.410999e-09	1.265703e-08	5.272238e+01	1.487186e+03
4.050000e-06	6.429231e-09	1.266827e-08	5.287231e+01	1.489296e+03
4.060000e-06	6.447122e-09	1.268008e-08	5.301944e+01	1.491365e+03
4.070000e-06	6.464685e-09	1.269401e-08	5.316388e+01	1.493391e+03
4.080000e-06	6.481968e-09	1.270973e-08	5.330601e+01	1.495372e+03
4.090000e-06	6.499002e-09	1.272449e-08	5.344609e+01	1.497305e+03
4.100000e-06	6.515784e-09	1.273914e-08	5.358410e+01	1.499188e+03
4.110000e-06	6.532340e-09	1.275579e-08	5.372025e+01	1.501020e+03
4.120000e-06	6.548626e-09	1.277319e-08	5.385419e+01	1.502797e+03
4.130000e-06	6.564548e-09	1.278785e-08	5.398512e+01	1.504519e+03
4.140000e-06	6.580070e-09	1.279749e-08	5.411277e+01	1.506182e+03
4.150000e-06	6.595169e-09	1.280305e-08	5.423695e+01	1.507786e+03
4.160000e-06	6.609914e-09	1.280603e-08	5.435820e+01	1.509329e+03
4.170000e-06	6.624316e-09	1.281116e-08	5.447664e+01	1.510809e+03
4.180000e-06	6.638375e-09	1.282044e-08	5.459225e+01	1.512225e+03
4.190000e-06	6.652179e-09	1.283480e-08	5.470577e+01	1.513577e+03
4.200000e-06	6.665703e-09	1.285085e-08	5.481700e+01	1.514862e+03
4.210000e-06	6.678919e-09	1.286424e-08	5.492568e+01	1.516082e+03
4.220000e-06	6.691797e-09	1.287602e-08	5.503158e+01	1.517236e+03
4.230000e-06	6.704324e-09	1.288381e-08	5.513460e+01	1.518324e+03
4.240000e-06	6.716569e-09	1.288968e-08	5.523530e+01	1.519345e+03
4.250000e-06	6.728566e-09	1.289584e-08	5.533396e+01	1.520301e+03
4.260000e-06	6.740305e-09	1.290406e-08	5.543050e+01	1.521193e+03
4.270000e-06	6.751755e-09	1.291482e-08	5.552465e+01	1.522022e+03
4.280000e-06	6.762835e-09	1.292408e-08	5.561577e+01	1.522789e+03
4.290000e-06	6.773489e-09	1.293264e-08	5.570339e+01	1.523495e+03
4.300000e-06	6.783637e-09	1.293858e-08	5.578684e+01	1.524144e+03
4.310000e-06	6.793208e-09	1.294441e-08	5.586555e+01	1.524736e+03
4.320000e-06	6.802267e-09	1.294982e-08	5.594005e+01	1.525275e+03
4.330000e-06	6.810895e-09	1.295607e-08	5.601100e+01	1.525764e+03
4.340000e-06	6.819193e-09	1.296616e-08	5.607924e+01	1.526205e+03
4.350000e-06	6.827245e-09	1.297571e-08	5.614546e+01	1.526601e+03
4.360000e-06	6.835089e-09	1.298521e-08	5.620997e+01	1.526957e+03
4.370000e-06	6.842727e-09	1.299102e-08	5.627278e+01	1.527275e+03
4.380000e-06	6.850139e-09	1.299456e-08	5.633373e+01	1.527559e+03
4.390000e-06	6.857261e-09	1.299717e-08	5.639230e+01	1.527814e+03
4.400000e-06	6.864034e-09	1.299892e-08	5.644800e+01	1.528042e+03
4.410000e-06	6.870458e-09	1.300197e-08	5.650083e+01	1.528249e+03
4.420000e-06	6.876562e-09	1.300535e-08	5.655103e+01	1.528437e+03
4.430000e-06	6.882405e-09	1.301295e-08	5.659907e+01	1.528613e+03
4.440000e-06	6.887964e-09	1.302232e-08	5.664480e+01	1.528778e+03
4.450000e-06	6.893207e-09	1.303027e-08	5.668791e+01	1.528939e+03
4.460000e-06	6.898124e-09	1.303311e-08	5.672834e+01	1.529098e+03
4.470000e-06	6.902690e-09	1.303284e-08	5.676589e+01	1.529260e+03
4.480000e-06	6.906983e-09	1.303533e-08	5.680120e+01	1.529429e+03
4.490000e-06	6.911073e-09	1.303804e-08	5.683483e+01	1.529608e+03
4.500000e-06	6.914980e-09	1.304146e-08	5.686696e+01	1.529801e+03
4.510000e-06	6.918726e-09	1.304521e-08	5.689777e+01	1.530011e+03
4.520000e-06	6.922277e-09	1.305253e-08	5.692697e+01	1.530243e+03
4.530000e-06	6.925572e-09	1.306074e-08	5.695407e+01	1.530498e+03
4.540000e-06	6.928499e-09	1.306525e-08	5.697814e+01	1.530780e+03
4.550000e-06	6.931003e-09	1.306644e-08	5.699873e+01	1.531091e+03
4.560000e-06	6.933008e-09	1.306647e-08	5.701522e+01	1.531433e+03
4.570000e-06	6.934459e-09	1.306960e-08	5.702715e+01	1.531809e+03
4.580000e-06	6.935385e-09	1.307188e-08	5.703476e+01	1.532219e+03
4.590000e-06	6.935910e-09	1.307210e-08	5.703908e+01	1.532666e+03
4.600000e-06	6.936161e-09	1.307241e-08	5.704114e+01	1.533150e+03
4.610000e-06	6.936175e-09	1.307650e-08	5.704126e+01	1.533672e+03
4.620000e-06	6.936001e-09	1.308214e-08	5.703983e+01	1.534233e+03
4.630000e-06	6.935636e-09	1.308590e-08	5.703683e+01	1.534831e+03
4.640000e-06	6.935020e-09	1.308782e-08	5.703176e+01	1.535468e+03
4.650000e-06	6.934109e-09	1.308559e-08	5.702426e+01	1.536141e+03
4.660000e-06	6.932867e-09	1.308530e-08	5.701405e+01	1.536851e+03
4.670000e-06	6.931290e-09	1.308157e-08	5.700108e+01	1.537596e+03
4.680000e-06	6.929427e-09	1.306497e-08	5.698576e+01	1.538373e+03
4.690000e-06	6.927309e-09	1.305706e-08	5.696834e+01	1.539181e+03
4.700000e-06	6.924955e-09	1.308675e-08	5.694898e+01	1.540018e+03
4.710000e-06	6.922347e-09	1.309619e-08	5.692754e+01	1.540881e+03
4.720000e-06	6.919400e-09	1.305588e-08	5.690330e+01	1.541767e+03
4.730000e-06	6.916034e-09	1.306207e-08	5.687561e+01	1.542674e+03
4.740000e-06	6.912269e-09	1.313387e-08	5.684465e+01	1.543597e+03
4.750000e-06	6.908263e-09	1.314151e-08	5.681171e+01	1.544532e+03
4.760000e-06	6.904132e-09	1.303856e-08	5.677774e+01	1.545478e+03
4.770000e-06	6.899833e-09	1.307023e-08	5.674238e+01	1.546428e+03
4.780000e-06	6.895283e-09	1.317010e-08	5.670497e+01	1.547380e+03
4.790000e-06	6.890471e-09	1.299918e-08	5.666539e+01	1.548329e+03
4.800000e-06	6.885307e-09	1.290803e-08	5.662292e+01	1.549272e+03
4.810000e-06	6.879593e-09	1.308138e-08	5.657593e+01	1.550202e+03
4.820000e-06	6.873254e-09	1.304143e-08	5.652380e+01	1.551117e+03
4.830000e-06	6.866354e-09	1.295290e-08	5.646705e+01	1.552011e+03
4.840000e-06	6.858992e-09	1.312177e-08	5.640651e+01	1.552882e+03
4.850000e-06	6.851299e-09	1.312179e-08	5.634324e+01	1.553723e+03
4.860000e-06	6.843389e-09	1.300723e-08	5.627819e+01	1.554531e+03
4.870000e-06	6.835290e-09	1.317533e-08	5.621159e+01	1.555302e+03
4.880000e-06	6.827011e-09	1.325289e-08	5.614350e+01	1.556032e+03
4.890000e-06	6.818524e-09	1.324533e-08	5.607371e+01	1.556716e+03
4.900000e-06	6.809764e-09	1.342294e-08	5.600166e+01	1.557352e+03
4.910000e-06	6.800730e-09	1.342603e-08	5.592737e+01	1.557935e+03
4.920000e-06	6.791407e-09	1.337567e-08	5.585070e+01	1.558462e+03
4.930000e-06	6.781774e-09	1.347885e-08	5.577149e+01	1.558931e+03
4.940000e-06	6.771862e-09	1.342315e-08	5.568997e+01	1.559338e+03
4.950000e-06	6.761699e-09	1.337034e-08	5.560639e+01	1.559680e+03
4.960000e-06	6.751246e-09	1.346455e-08	5.552043e+01	1.559956e+03
4.970000e-06	6.740469e-09	1.338817e-08	5.543180e+01	1.560162e+03
4.980000e-06	6.729386e-09	1.336807e-08	5.534065e+01	1.560298e+03
4.990000e-06	6.717975e-09	1.345999e-08	5.524681e+01	1.560362e+03
5.000000e-06	6.706236e-09	1.338934e-08	5.515028e+01	1.560352e+03
5.010000e-06	6.694194e-09	1.338938e-08	5.505124e+01	1.560267e+03
5.020000e-06	6.681826e-09	1.341646e-08	5.494953e+01	1.560107e+03
5.030000e-06	6.669129e-09	1.337474e-08	5.484512e+01	1.559872e+03
5.040000e-06	6.656006e-09	1.338430e-08	5.473720e+01	1.559561e+03
5.050000e-06	6.642373e-09	1.336615e-08	5.462508e+01	1.559174e+03
5.060000e-06	6.628210e-09	1.334682e-08	5.450861e+01	1.558712e+03
5.070000e-06	6.613479e-09	1.334889e-08	5.438746e+01	1.558175e+03
5.080000e-06	6.598283e-09	1.334649e-08	5.426250e+01	1.557565e+03
5.090000e-06	6.582737e-09	1.334984e-08	5.413465e+01	1.556882e+03
5.100000e-06	6.566887e-09	1.332583e-08	5.400430e+01	1.556128e+03
5.110000e-06	6.550814e-09	1.332259e-08	5.387212e+01	1.555305e+03
5.120000e-06	6.534536e-09	1.333386e-08	5.373825e+01	1.554413e+03
5.130000e-06	6.518028e-09	1.330543e-08	5.360249e+01	1.553456e+03
5.140000e-06	6.501243e-09	1.330242e-08	5.346446e+01	1.552435e+03
5.150000e-06	6.484125e-09	1.328639e-08	5.332368e+01	1.551353e+03
5.160000e-06	6.466672e-09	1.326895e-08	5.318015e+01	1.550211e+03
5.170000e-06	6.448923e-09	1.328560e-08	5.303419e+01	1.549013e+03
5.180000e-06	6.430914e-09	1.325665e-08	5.288609e+01	1.547760e+03
5.190000e-06	6.412631e-09	1.325073e-08	5.273574e+01	1.546455e+03
5.200000e-06	6.394096e-09	1.324646e-08	5.258331e+01	1.545101e+03
5.210000e-06	6.375296e-09	1.322855e-08	5.242870e+01	1.543700e+03
5.220000e-06	6.356215e-09	1.323384e-08	5.227178e+01	1.542255e+03
5.230000e-06	6.336861e-09	1.321229e-08	5.211262e+01	1.540768e+03
5.240000e-06	6.317244e-09	1.320285e-08	5.195129e+01	1.539242e+03
5.250000e-06	6.297421e-09	1.318610e-08	5.178827e+01	1.537679e+03
5.260000e-06	6.277438e-09	1.317372e-08	5.162393e+01	1.536082e+03
5.270000e-06	6.257307e-09	1.316874e-08	5.145838e+01	1.534452e+03
5.280000e-06	6.237024e-09	1.314669e-08	5.129158e+01	1.532792e+03
5.290000e-06	6.216555e-09	1.314377e-08	5.112325e+01	1.531104e+03
5.300000e-06	6.195837e-09	1.313051e-08	5.095287e+01	1.529390e+03
5.310000e-06	6.174781e-09	1.312127e-08	5.077970e+01	1.527650e+03
5.320000e-06	6.153298e-09	1.310842e-08	5.060304e+01	1.525888e+03
5.330000e-06	6.131319e-09	1.308427e-08	5.042228e+01	1.524103e+03
5.340000e-06	6.108844e-09	1.307226e-08	5.023746e+01	1.522298e+03
5.350000e-06	6.085943e-09	1.305704e-08	5.004913e+01	1.520473e+03
5.360000e-06	6.062658e-09	1.304833e-08	4.985764e+01	1.518629e+03
5.370000e-06	6.039049e-09	1.303456e-08	4.966348e+01	1.516767e+03
5.380000e-06	6.015195e-09	1.302027e-08	4.946731e+01	1.514887e+03
5.390000e-06	5.991137e-09	1.301019e-08	4.926946e+01	1.512990e+03
5.400000e-06	5.966878e-09	1.299538e-08	4.906996e+01	1.511076e+03
5.410000e-06	5.942404e-09	1.297929e-08	4.886869e+01	1.509143e+03
5.420000e-06	5.917690e-09	1.295659e-08	4.866546e+01	1.507194e+03
5.430000e-06	5.892703e-09	1.294090e-08	4.845997e+01	1.505226e+03
5.440000e-06	5.867418e-09	1.292892e-08	4.825203e+01	1.503240e+03
5.450000e-06	5.841828e-09	1.291766e-08	4.804158e+01	1.501234e+03
5.460000e-06	5.815955e-09	1.290489e-08	4.782881e+01	1.499209e+03
5.470000e-06	5.789834e-09	1.288665e-08	4.761400e+01	1.497163e+03
5.480000e-06	5.763482e-09	1.287110e-08	4.739729e+01	1.495094e+03
5.490000e-06	5.736857e-09	1.285012e-08	4.717833e+01	1.493003e+03
5.500000e-06	5.709924e-09	1.283122e-08	4.695684e+01	1.490888e+03
5.510000e-06	5.682718e-09	1.281302e-08	4.673311e+01	1.488747e+03
5.520000e-06	5.655274e-09	1.279526e-08	4.650741e+01	1.486580e+03
5.530000e-06	5.627620e-09	1.278083e-08	4.627999e+01	1.484384e+03
5.540000e-06	5.599763e-09	1.276070e-08	4.605090e+01	1.482160e+03
5.550000e-06	5.571756e-09	1.274125e-08	4.582057e+01	1.479904e+03
5.560000e-06	5.543601e-09	1.271922e-08	4.558904e+01	1.477617e+03
5.570000e-06	5.515278e-09	1.270332e-08	4.535612e+01	1.475296e+03
5.580000e-06	5.486781e-09	1.268721e-08	4.512177e+01	1.472940e+03
5.590000e-06	5.458060e-09	1.266562e-08	4.488557e+01	1.470549e+03
5.600000e-06	5.429074e-09	1.264698e-08	4.464719e+01	1.468120e+03
5.610000e-06	5.399772e-09	1.262567e-08	4.440623e+01	1.465653e+03
5.620000e-06	5.370107e-09	1.260796e-08	4.416227e+01	1.463147e+03
5.630000e-06	5.340094e-09	1.258783e-08	4.391545e+01	1.460600e+03
5.640000e-06	5.309741e-09	1.256846e-08	4.366584e+01	1.458012e+03
5.650000e-06	5.279020e-09	1.255038e-08	4.341320e+01	1.455382e+03
5.660000e-06	5.247943e-09	1.252922e-08	4.315763e+01	1.452708e+03
5.670000e-06	5.216565e-09	1.250391e-08	4.289959e+01	1.449991e+03
5.680000e-06	5.184938e-09	1.246974e-08	4.263950e+01	1.447230e+03
5.690000e-06	5.153081e-09	1.243872e-08	4.237751e+01	1.444424e+03
5.700000e-06	5.121019e-09	1.241180e-08	4.211384e+01	1.441573e+03
5.710000e-06	5.088769e-09	1.238781e-08	4.184862e+01	1.438677e+03
5.720000e-06	5.056321e-09	1.236644e-08	4.158178e+01	1.435735e+03
5.730000e-06	5.023680e-09	1.234727e-08	4.131335e+01	1.432748e+03
5.740000e-06	4.990842e-09	1.232956e-08	4.104330e+01	1.429715e+03
5.750000e-06	4.957801e-09	1.230734e-08	4.077158e+01	1.426636e+03
5.760000e-06	4.924525e-09	1.227879e-08	4.049792e+01	1.423512e+03
5.770000e-06	4.890997e-09	1.224434e-08	4.022220e+01	1.420342e+03
5.780000e-06	4.857237e-09	1.221163e-08	3.994456e+01	1.417128e+03
5.790000e-06	4.823240e-09	1.218189e-08	3.966498e+01	1.413868e+03
5.800000e-06	4.789016e-09	1.215562e-08	3.938353e+01	1.410564e+03
5.810000e-06	4.754570e-09	1.213178e-08	3.910025e+01	1.407216e+03
5.820000e-06	4.719892e-09	1.210767e-08	3.881507e+01	1.403824e+03
5.830000e-06	4.684998e-09	1.208115e-08	3.852811e+01	1.400388e+03
5.840000e-06	4.649904e-09	1.204990e-08	3.823950e+01	1.396909e+03
5.850000e-06	4.614603e-09	1.201717e-08	3.794921e+01	1.393388e+03
5.860000e-06	4.579133e-09	1.198005e-08	3.765750e+01	1.389823e+03
5.870000e-06	4.543511e-09	1.194278e-08	3.736456e+01	1.386216e+03
5.880000e-06	4.507730e-09	1.190918e-08	3.707030e+01	1.382566e+03
5.890000e-06	4.471808e-09	1.187881e-08	3.677489e+01	1.378874e+03
5.900000e-06	4.435753e-09	1.185121e-08	3.647838e+01	1.375139e+03
5.910000e-06	4.399554e-09	1.181981e-08	3.618069e+01	1.371362e+03
5.920000e-06	4.363207e-09	1.178632e-08	3.588178e+01	1.367543e+03
5.930000e-06	4.326716e-09	1.175265e-08	3.558168e+01	1.363680e+03
5.940000e-06	4.290055e-09	1.171914e-08	3.528019e+01	1.359774e+03
5.950000e-06	4.253187e-09	1.168153e-08	3.497700e+01	1.355824e+03
5.960000e-06	4.216079e-09	1.164095e-08	3.467184e+01	1.351830e+03
5.970000e-06	4.178711e-09	1.160098e-08	3.436453e+01	1.347791e+03
5.980000e-06	4.141063e-09	1.156153e-08	3.405493e+01	1.343705e+03
5.990000e-06	4.103119e-09	1.152412e-08	3.374288e+01	1.339573e+03
6.000000e-06	4.064949e-09	1.148401e-08	3.342898e+01	1.335392e+03
6.010000e-06	4.026517e-09	1.144539e-08	3.311293e+01	1.331162e+03
6.020000e-06	3.987784e-09	1.140885e-08	3.279440e+01	1.326882e+03
6.030000e-06	3.948781e-09	1.137587e-08	3.247366e+01	1.322549e+03
6.040000e-06	3.909525e-09	1.134160e-08	3.215082e+01	1.318163e+03
6.050000e-06	3.870050e-09	1.130044e-08	3.182619e+01	1.313722e+03
6.060000e-06	3.830390e-09	1.125771e-08	3.150004e+01	1.309224e+03
6.070000e-06	3.790569e-09	1.121093e-08	3.117256e+01	1.304668e+03
6.080000e-06	3.750568e-09	1.116313e-08	3.084360e+01	1.300051e+03
6.090000e-06	3.710410e-09	1.111334e-08	3.051335e+01	1.295372e+03
6.100000e-06	3.670086e-09	1.106695e-08	3.018174e+01	1.290628e+03
6.110000e-06	3.629615e-09	1.102843e-08	2.984891e+01	1.285819e+03
6.120000e-06	3.589036e-09	1.099208e-08	2.951520e+01	1.280942e+03
6.130000e-06	3.548328e-09	1.095465e-08	2.918043e+01	1.275995e+03
6.140000e-06	3.507464e-09	1.090973e-08	2.884437e+01	1.270976e+03
6.150000e-06	3.466447e-09	1.086109e-08	2.850706e+01	1.265883e+03
6.160000e-06	3.425292e-09	1.080960e-08	2.816861e+01	1.260714e+03
6.170000e-06	3.384005e-09	1.075759e-08	2.782908e+01	1.255468e+03
6.180000e-06	3.342564e-09	1.070769e-08	2.748828e+01	1.250142e+03
6.190000e-06	3.300955e-09	1.065985e-08	2.714609e+01	1.244736e+03
6.200000e-06	3.259204e-09	1.061551e-08	2.680275e+01	1.239247e+03
6.210000e-06	3.217310e-09	1.056885e-08	2.645822e+01	1.233674e+03
6.220000e-06	3.175253e-09	1.052150e-08	2.611235e+01	1.228016e+03
6.230000e-06	3.133056e-09	1.047200e-08	2.576534e+01	1.222270e+03
6.240000e-06	3.090727e-09	1.042296e-08	2.541724e+01	1.216437e+03
6.250000e-06	3.048268e-09	1.037319e-08	2.506806e+01	1.210516e+03
6.260000e-06	3.005710e-09	1.032076e-08	2.471807e+01	1.204504e+03
6.270000e-06	2.963039e-09	1.026882e-08	2.436717e+01	1.198402e+03
6.280000e-06	2.920256e-09	1.021641e-08	2.401532e+01	1.192209e+03
6.290000e-06	2.877330e-09	1.016466e-08	2.366231e+01	1.185924e+03
6.300000e-06	2.834302e-09	1.010987e-08	2.330846e+01	1.179547e+03
6.310000e-06	2.791207e-09	1.005650e-08	2.295406e+01	1.173079e+03
6.320000e-06	2.748016e-09	1.000236e-08	2.259886e+01	1.166518e+03
6.330000e-06	2.704729e-09	9.946705e-09	2.224289e+01	1.159865e+03
6.340000e-06	2.661320e-09	9.890270e-09	2.188591e+01	1.153121e+03
6.350000e-06	2.617804e-09	9.831427e-09	2.152804e+01	1.146285e+03
6.360000e-06	2.574200e-09	9.774696e-09	2.116945e+01	1.139357e+03
6.370000e-06	2.530490e-09	9.716981e-09	2.080998e+01	1.132339e+03
6.380000e-06	2.486672e-09	9.657042e-09	2.044964e+01	1.125231e+03
6.390000e-06	2.442753e-09	9.595697e-09	2.008845e+01	1.118033e+03
6.400000e-06	2.398743e-09	9.537369e-09	1.972653e+01	1.110746e+03
6.410000e-06	2.354649e-09	9.480038e-09	1.936391e+01	1.103371e+03
6.420000e-06	2.310458e-09	9.419957e-09	1.900049e+01	1.095908e+03
6.430000e-06	2.266187e-09	9.357719e-09	1.863642e+01	1.088357e+03
6.440000e-06	2.221832e-09	9.293333e-09	1.827166e+01	1.080720e+03
6.450000e-06	2.177384e-09	9.229259e-09	1.790613e+01	1.072996e+03
6.460000e-06	2.132850e-09	9.162989e-09	1.753989e+01	1.065186e+03
6.470000e-06	2.088239e-09	9.096093e-09	1.717302e+01	1.057290e+03
6.480000e-06	2.043532e-09	9.029588e-09	1.680536e+01	1.049309e+03
6.490000e-06	1.998732e-09	8.964451e-09	1.643694e+01	1.041241e+03
6.500000e-06	1.953844e-09	8.898913e-09	1.606779e+01	1.033086e+03
6.510000e-06	1.908875e-09	8.829296e-09	1.569798e+01	1.024845e+03
6.520000e-06	1.863853e-09	8.758334e-09	1.532773e+01	1.016516e+03
6.530000e-06	1.818767e-09	8.686441e-09	1.495695e+01	1.008098e+03
6.540000e-06	1.773586e-09	8.614821e-09	1.458540e+01	9.995894e+02
6.550000e-06	1.728316e-09	8.542078e-09	1.421311e+01	9.909887e+02
6.560000e-06	1.682986e-09	8.467275e-09	1.384033e+01	9.822940e+02
6.570000e-06	1.637577e-09	8.393345e-09	1.346690e+01	9.735027e+02
6.580000e-06	1.592130e-09	8.317294e-09	1.309316e+01	9.646122e+02
6.590000e-06	1.546652e-09	8.237479e-09	1.271916e+01	9.556193e+02
6.600000e-06	1.501097e-09	8.156777e-09	1.234453e+01	9.465206e+02
6.610000e-06	1.455472e-09	8.078401e-09	1.196932e+01	9.373121e+02
6.620000e-06	1.409802e-09	8.000763e-09	1.159374e+01	9.279897e+02
6.630000e-06	1.364076e-09	7.919277e-09	1.121771e+01	9.185486e+02
6.640000e-06	1.318303e-09	7.835310e-09	1.084128e+01	9.089838e+02
6.650000e-06	1.272482e-09	7.750615e-09	1.046446e+01	8.992899e+02
6.660000e-06	1.226596e-09	7.663747e-09	1.008711e+01	8.894610e+02
6.670000e-06	1.180650e-09	7.572437e-09	9.709262e+00	8.794911e+02
6.680000e-06	1.134646e-09	7.476284e-09	9.330937e+00	8.693736e+02
6.690000e-06	1.088613e-09	7.383096e-09	8.952379e+00	8.591015e+02
6.700000e-06	1.042538e-09	7.294928e-09	8.573467e+00	8.486678e+02
6.710000e-06	9.963661e-10	7.205940e-09	8.193762e+00	8.380650e+02
6.720000e-06	9.501580e-10	7.114542e-09	7.813758e+00	8.272853e+02
6.730000e-06	9.039089e-10	7.018997e-09	7.433416e+00	8.163207e+02
6.740000e-06	8.575857e-10	6.921117e-09	7.052466e+00	8.051630e+02
6.750000e-06	8.112183e-10	6.818121e-09	6.671152e+00	7.938039e+02
6.760000e-06	7.647953e-10	6.710593e-09	6.289381e+00	7.822350e+02
6.770000e-06	7.183302e-10	6.602951e-09	5.907263e+00	7.704475e+02
6.780000e-06	6.718258e-10	6.497085e-09	5.524824e+00	7.584329e+02
6.790000e-06	6.252769e-10	6.393330e-09	5.142018e+00	7.461825e+02
6.800000e-06	5.786971e-10	6.287572e-09	4.758958e+00	7.336877e+02
6.810000e-06	5.321077e-10	6.178969e-09	4.375818e+00	7.209400e+02
6.820000e-06	4.855137e-10	6.065931e-09	3.992641e+00	7.079309e+02
6.830000e-06	4.388615e-10	5.952323e-09	3.608984e+00	6.946523e+02
6.840000e-06	3.921694e-10	5.838096e-09	3.225000e+00	6.810962e+02
6.850000e-06	3.455049e-10	5.720974e-09	2.841243e+00	6.672548e+02
6.860000e-06	2.988498e-10	5.602220e-09	2.457564e+00	6.531208e+02
6.870000e-06	2.521886e-10	5.480760e-09	2.073833e+00	6.386873e+02
6.880000e-06	2.055039e-10	5.358500e-09	1.689910e+00	6.239477e+02
6.890000e-06	1.588164e-10	5.231865e-09	1.305964e+00	6.088959e+02
6.900000e-06	1.121336e-10	5.100574e-09	9.220557e-01	5.935264e+02
6.910000e-06	6.546107e-11	4.967672e-09	5.382326e-01	5.778344e+02
6.920000e-06	1.879312e-11	4.835662e-09	1.544472e-01	5.618154e+02
6.930000e-06	-2.788806e-11	4.704341e-09	-2.294468e-01	5.454659e+02
6.940000e-06	-7.456714e-11	4.570229e-09	-6.133244e-01	5.287830e+02
6.950000e-06	-1.212140e-10	4.432505e-09	-9.969368e-01	5.117645e+02
6.960000e-06	-1.678221e-10	4.287826e-09	-1.380231e+00	4.944090e+02
6.970000e-06	-2.144190e-10	4.138546e-09	-1.763432e+00	4.767160e+02
6.980000e-06	-2.609756e-10	3.987441e-09	-2.146302e+00	4.586858e+02
6.990000e-06	-3.075139e-10	3.836742e-09	-2.529021e+00	4.403195e+02
7.000000e-06	-3.540399e-10	3.685278e-09	-2.911639e+00	4.216194e+02
7.010000e-06	-4.005127e-10	3.527863e-09	-3.293819e+00	4.025884e+02
7.020000e-06	-4.469876e-10	3.365764e-09	-3.676017e+00	3.832304e+02
7.030000e-06	-4.934511e-10	3.198964e-09	-4.058121e+00	3.635504e+02
7.040000e-06	-5.399050e-10	3.028006e-09	-4.440146e+00	3.435542e+02
7.050000e-06	-5.863365e-10	2.852098e-09	-4.821987e+00	3.232486e+02
7.060000e-06	-6.327142e-10	2.672284e-09	-5.203385e+00	3.026413e+02
7.070000e-06	-6.790726e-10	2.492539e-09	-5.584625e+00	2.817411e+02
7.080000e-06	-7.254318e-10	2.311485e-09	-5.965871e+00	2.605576e+02
7.090000e-06	-7.717890e-10	2.127913e-09	-6.347101e+00	2.391012e+02
7.100000e-06	-8.181023e-10	1.941264e-09	-6.727970e+00	2.173835e+02
7.110000e-06	-8.643564e-10	1.749242e-09	-7.108351e+00	1.954167e+02
7.120000e-06	-9.105766e-10	1.550252e-09	-7.488455e+00	1.732140e+02
7.130000e-06	-9.567784e-10	1.351642e-09	-7.868406e+00	1.507892e+02
7.140000e-06	-1.002956e-09	1.157205e-09	-8.248163e+00	1.281571e+02
7.150000e-06	-1.049075e-09	9.600310e-10	-8.627430e+00	1.053330e+02
7.160000e-06	-1.095138e-09	7.574349e-10	-9.006238e+00	8.233310e+01
7.170000e-06	-1.141174e-09	5.496840e-10	-9.384824e+00	5.917403e+01
7.180000e-06	-1.187159e-09	3.428028e-10	-9.762993e+00	3.587309e+01
7.190000e-06	-1.233061e-09	1.391399e-10	-1.014048e+01	1.244804e+01
7.200000e-06	-1.278893e-09	-6.365478e-11	-1.051739e+01	-1.108287e+01
7.210000e-06	-1.324680e-09	-2.668899e-10	-1.089393e+01	-3.470101e+01
7.220000e-06	-1.370408e-09	-4.734163e-10	-1.126998e+01	-5.838741e+01
7.230000e-06	-1.416047e-09	-6.807656e-10	-1.164531e+01	-8.212285e+01
7.240000e-06	-1.461603e-09	-8.893083e-10	-1.201995e+01	-1.058879e+02
7.250000e-06	-1.507125e-09	-1.098493e-09	-1.239431e+01	-1.296630e+02
7.260000e-06	-1.552559e-09	-1.306355e-09	-1.276794e+01	-1.534285e+02
7.270000e-06	-1.597875e-09	-1.511875e-09	-1.314061e+01	-1.771648e+02
7.280000e-06	-1.643126e-09	-1.711745e-09	-1.351275e+01	-2.008524e+02
7.290000e-06	-1.688312e-09	-1.910944e-09	-1.388434e+01	-2.244718e+02
7.300000e-06	-1.733413e-09	-2.110422e-09	-1.425524e+01	-2.480039e+02
7.310000e-06	-1.778438e-09	-2.309500e-09	-1.462551e+01	-2.714297e+02
7.320000e-06	-1.823371e-09	-2.509383e-09	-1.499503e+01	-2.947307e+02
7.330000e-06	-1.868216e-09	-2.708276e-09	-1.536383e+01	-3.178886e+02
7.340000e-06	-1.912995e-09	-2.903911e-09	-1.573208e+01	-3.408858e+02
7.350000e-06	-1.957697e-09	-3.095787e-09	-1.609969e+01	-3.637050e+02
7.360000e-06	-2.002315e-09	-3.287323e-09	-1.646662e+01	-3.863296e+02
7.370000e-06	-2.046860e-09	-3.477278e-09	-1.683294e+01	-4.087436e+02
7.380000e-06	-2.091351e-09	-3.666625e-09	-1.719883e+01	-4.309318e+02
7.390000e-06	-2.135759e-09	-3.855413e-09	-1.756403e+01	-4.528794e+02
7.400000e-06	-2.180070e-09	-4.042269e-09	-1.792844e+01	-4.745727e+02
7.410000e-06	-2.224286e-09	-4.227196e-09	-1.829205e+01	-4.959987e+02
7.420000e-06	-2.268432e-09	-4.408509e-09	-1.865510e+01	-5.171451e+02
7.430000e-06	-2.312541e-09	-4.585984e-09	-1.901785e+01	-5.380006e+02
7.440000e-06	-2.356575e-09	-4.758587e-09	-1.937997e+01	-5.585549e+02
7.450000e-06	-2.400526e-09	-4.926728e-09	-1.974141e+01	-5.787982e+02
7.460000e-06	-2.444408e-09	-5.093216e-09	-2.010228e+01	-5.987222e+02
7.470000e-06	-2.488220e-09	-5.259606e-09	-2.046259e+01	-6.183190e+02
7.480000e-06	-2.531939e-09	-5.424038e-09	-2.082212e+01	-6.375820e+02
7.490000e-06	-2.575577e-09	-5.585788e-09	-2.118099e+01	-6.565054e+02
7.500000e-06	-2.619121e-09	-5.746694e-09	-2.153908e+01	-6.750844e+02
7.510000e-06	-2.662550e-09	-5.903557e-09	-2.189623e+01	-6.933151e+02
7.520000e-06	-2.705889e-09	-6.054532e-09	-2.225264e+01	-7.111945e+02
7.530000e-06	-2.749131e-09	-6.200255e-09	-2.260825e+01	-7.287205e+02
7.540000e-06	-2.792254e-09	-6.342526e-09	-2.296288e+01	-7.458921e+02
7.550000e-06	-2.835253e-09	-6.482775e-09	-2.331649e+01	-7.627088e+02
7.560000e-06	-2.878126e-09	-6.621846e-09	-2.366907e+01	-7.791713e+02
7.570000e-06	-2.920882e-09	-6.758445e-09	-2.402068e+01	-7.952809e+02
7.580000e-06	-2.963537e-09	-6.891209e-09	-2.437147e+01	-8.110396e+02
7.590000e-06	-3.006055e-09	-7.021647e-09	-2.472112e+01	-8.264505e+02
7.600000e-06	-3.048430e-09	-7.149674e-09	-2.506960e+01	-8.415169e+02
7.610000e-06	-3.090673e-09	-7.276289e-09	-2.541700e+01	-8.562432e+02
7.620000e-06	-3.132719e-09	-7.400194e-09	-2.576277e+01	-8.706342e+02
7.630000e-06	-3.174558e-09	-7.521209e-09	-2.610685e+01	-8.846951e+02
7.640000e-06	-3.216249e-09	-7.637885e-09	-2.644970e+01	-8.984320e+02
7.650000e-06	-3.257773e-09	-7.748419e-09	-2.679118e+01	-9.118511e+02
7.660000e-06	-3.299151e-09	-7.855694e-09	-2.713147e+01	-9.249593e+02
7.670000e-06	-3.340406e-09	-7.965129e-09	-2.747074e+01	-9.377637e+02
7.680000e-06	-3.381524e-09	-8.076942e-09	-2.780888e+01	-9.502717e+02
7.690000e-06	-3.422499e-09	-8.189445e-09	-2.814585e+01	-9.624911e+02
7.700000e-06	-3.463322e-09	-8.301277e-09	-2.848156e+01	-9.744298e+02
7.710000e-06	-3.504017e-09	-8.410806e-09	-2.881623e+01	-9.860959e+02
7.720000e-06	-3.544598e-09	-8.515463e-09	-2.914996e+01	-9.974975e+02
7.730000e-06	-3.585059e-09	-8.610156e-09	-2.948270e+01	-1.008643e+03
7.740000e-06	-3.625395e-09	-8.699423e-09	-2.981441e+01	-1.019541e+03
7.750000e-06	-3.665605e-09	-8.785632e-09	-3.014509e+01	-1.030199e+03
7.760000e-06	-3.705703e-09	-8.873987e-09	-3.047485e+01	-1.040625e+03
7.770000e-06	-3.745690e-09	-8.969329e-09	-3.080369e+01	-1.050828e+03
7.780000e-06	-3.785519e-09	-9.066653e-09	-3.113123e+01	-1.060816e+03
7.790000e-06	-3.825208e-09	-9.163095e-09	-3.145763e+01	-1.070596e+03
7.800000e-06	-3.864762e-09	-9.253610e-09	-3.178291e+01	-1.080176e+03
7.810000e-06	-3.904153e-09	-9.339276e-09	-3.210685e+01	-1.089563e+03
7.820000e-06	-3.943353e-09	-9.417684e-09	-3.242922e+01	-1.098765e+03
7.830000e-06	-3.982317e-09	-9.488687e-09	-3.274965e+01	-1.107787e+03
7.840000e-06	-4.021041e-09	-9.562640e-09	-3.306810e+01	-1.116637e+03
7.850000e-06	-4.059504e-09	-9.640936e-09	-3.338441e+01	-1.125320e+03
7.860000e-06	-4.097681e-09	-9.720709e-09	-3.369837e+01	-1.133843e+03
7.870000e-06	-4.135571e-09	-9.795858e-09	-3.400996e+01	-1.142210e+03
7.880000e-06	-4.173158e-09	-9.868741e-09	-3.431906e+01	-1.150426e+03
7.890000e-06	-4.210477e-09	-9.939355e-09	-3.462596e+01	-1.158497e+03
7.900000e-06	-4.247536e-09	-1.000522e-08	-3.493072e+01	-1.166427e+03
7.910000e-06	-4.284345e-09	-1.006829e-08	-3.523343e+01	-1.174219e+03
7.920000e-06	-4.320952e-09	-1.012941e-08	-3.553447e+01	-1.181878e+03
7.930000e-06	-4.357368e-09	-1.019417e-08	-3.583395e+01	-1.189406e+03
7.940000e-06	-4.393600e-09	-1.025826e-08	-3.613191e+01	-1.196806e+03
7.950000e-06	-4.429662e-09	-1.031829e-08	-3.642849e+01	-1.204081e+03
7.960000e-06	-4.465594e-09	-1.037303e-08	-3.672398e+01	-1.211233e+03
7.970000e-06	-4.501386e-09	-1.042583e-08	-3.701832e+01	-1.218265e+03
7.980000e-06	-4.537027e-09	-1.047897e-08	-3.731142e+01	-1.225177e+03
7.990000e-06	-4.572490e-09	-1.053390e-08	-3.760306e+01	-1.231972e+03
8.000000e-06	-4.607719e-09	-1.059298e-08	-3.789278e+01	-1.238650e+03
8.010000e-06	-4.642756e-09	-1.064825e-08	-3.818091e+01	-1.245213e+03
8.020000e-06	-4.677612e-09	-1.070131e-08	-3.846756e+01	-1.251661e+03
8.030000e-06	-4.712240e-09	-1.075286e-08	-3.875233e+01	-1.257995e+03
8.040000e-06	-4.746627e-09	-1.080085e-08	-3.903512e+01	-1.264216e+03
8.050000e-06	-4.780778e-09	-1.084697e-08	-3.931596e+01	-1.270324e+03
8.060000e-06	-4.814712e-09	-1.089244e-08	-3.959503e+01	-1.276320e+03
8.070000e-06	-4.848422e-09	-1.093841e-08	-3.987225e+01	-1.282203e+03
8.080000e-06	-4.881884e-09	-1.098482e-08	-4.014744e+01	-1.287975e+03
8.090000e-06	-4.915142e-09	-1.103617e-08	-4.042094e+01	-1.293634e+03
8.100000e-06	-4.948208e-09	-1.108757e-08	-4.069287e+01	-1.299182e+03
8.110000e-06	-4.981064e-09	-1.113221e-08	-4.096306e+01	-1.304620e+03
8.120000e-06	-5.013731e-09	-1.117162e-08	-4.123171e+01	-1.309946e+03
8.130000e-06	-5.046214e-09	-1.121140e-08	-4.149884e+01	-1.315163e+03
8.140000e-06	-5.078519e-09	-1.125446e-08	-4.176451e+01	-1.320269e+03
8.150000e-06	-5.110658e-09	-1.129705e-08	-4.202881e+01	-1.325267e+03
8.160000e-06	-5.142608e-09	-1.134025e-08	-4.229156e+01	-1.330157e+03
8.170000e-06	-5.174368e-09	-1.138487e-08	-4.255275e+01	-1.334940e+03
8.180000e-06	-5.205926e-09	-1.142876e-08	-4.281227e+01	-1.339616e+03
8.190000e-06	-5.237210e-09	-1.146964e-08	-4.306954e+01	-1.344188e+03
8.200000e-06	-5.268178e-09	-1.150828e-08	-4.332421e+01	-1.348657e+03
8.210000e-06	-5.298801e-09	-1.154827e-08	-4.357605e+01	-1.353024e+03
8.220000e-06	-5.329034e-09	-1.158960e-08	-4.382467e+01	-1.357291e+03
8.230000e-06	-5.358880e-09	-1.162956e-08	-4.407012e+01	-1.361460e+03
8.240000e-06	-5.388358e-09	-1.166670e-08	-4.431254e+01	-1.365533e+03
8.250000e-06	-5.417475e-09	-1.170018e-08	-4.455198e+01	-1.369513e+03
8.260000e-06	-5.446288e-09	-1.173587e-08	-4.478893e+01	-1.373402e+03
8.270000e-06	-5.474854e-09	-1.177582e-08	-4.502385e+01	-1.377202e+03
8.280000e-06	-5.503197e-09	-1.181402e-08	-4.525694e+01	-1.380917e+03
8.290000e-06	-5.531361e-09	-1.185122e-08	-4.548855e+01	-1.384548e+03
8.300000e-06	-5.559361e-09	-1.188509e-08	-4.571882e+01	-1.388100e+03
8.310000e-06	-5.587186e-09	-1.191612e-08	-4.594764e+01	-1.391574e+03
8.320000e-06	-5.614791e-09	-1.194486e-08	-4.617466e+01	-1.394975e+03
8.330000e-06	-5.642184e-09	-1.197067e-08	-4.639993e+01	-1.398306e+03
8.340000e-06	-5.669349e-09	-1.200116e-08	-4.662333e+01	-1.401569e+03
8.350000e-06	-5.696202e-09	-1.203802e-08	-4.684416e+01	-1.404767e+03
8.360000e-06	-5.722780e-09	-1.208054e-08	-4.706273e+01	-1.407905e+03
8.370000e-06	-5.749102e-09	-1.211906e-08	-4.727919e+01	-1.410986e+03
8.380000e-06	-5.775160e-09	-1.214876e-08	-4.749349e+01	-1.414012e+03
8.390000e-06	-5.800972e-09	-1.217438e-08	-4.770576e+01	-1.416987e+03
8.400000e-06	-5.826501e-09	-1.219502e-08	-4.791570e+01	-1.419913e+03
8.410000e-06	-5.851744e-09	-1.221474e-08	-4.812329e+01	-1.422794e+03
8.420000e-06	-5.876743e-09	-1.223777e-08	-4.832887e+01	-1.425633e+03
8.430000e-06	-5.901498e-09	-1.226917e-08	-4.853245e+01	-1.428432e+03
8.440000e-06	-5.926018e-09	-1.230755e-08	-4.873409e+01	-1.431194e+03
8.450000e-06	-5.950351e-09	-1.234551e-08	-4.893421e+01	-1.433921e+03
8.460000e-06	-5.974512e-09	-1.237875e-08	-4.913290e+01	-1.436616e+03
8.470000e-06	-5.998506e-09	-1.240299e-08	-4.933022e+01	-1.439279e+03
8.480000e-06	-6.022340e-09	-1.242136e-08	-4.952623e+01	-1.441914e+03
8.490000e-06	-6.045923e-09	-1.243834e-08	-4.972017e+01	-1.444522e+03
8.500000e-06	-6.069196e-09	-1.245920e-08	-4.991156e+01	-1.447103e+03
8.510000e-06	-6.092123e-09	-1.248483e-08	-5.010010e+01	-1.449659e+03
8.520000e-06	-6.114656e-09	-1.251183e-08	-5.028541e+01	-1.452191e+03
8.530000e-06	-6.136743e-09	-1.253983e-08	-5.046704e+01	-1.454699e+03
8.540000e-06	-6.158373e-09	-1.256772e-08	-5.064491e+01	-1.457184e+03
8.550000e-06	-6.179576e-09	-1.259137e-08	-5.081929e+01	-1.459646e+03
8.560000e-06	-6.200395e-09	-1.260724e-08	-5.099049e+01	-1.462084e+03
8.570000e-06	-6.220904e-09	-1.262238e-08	-5.115915e+01	-1.464499e+03
8.580000e-06	-6.241196e-09	-1.264061e-08	-5.132603e+01	-1.466889e+03
8.590000e-06	-6.261315e-09	-1.266274e-08	-5.149148e+01	-1.469253e+03
8.600000e-06	-6.281248e-09	-1.268531e-08	-5.165541e+01	-1.471591e+03
8.610000e-06	-6.300991e-09	-1.270507e-08	-5.181777e+01	-1.473901e+03
8.620000e-06	-6.320502e-09	-1.272447e-08	-5.197822e+01	-1.476182e+03
8.630000e-06	-6.339727e-09	-1.274559e-08	-5.213633e+01	-1.478432e+03
8.640000e-06	-6.358633e-09	-1.276794e-08	-5.229180e+01	-1.480650e+03
8.650000e-06	-6.377228e-09	-1.278409e-08	-5.244472e+01	-1.482833e+03
8.660000e-06	-6.395571e-09	-1.279590e-08	-5.259557e+01	-1.484979e+03
8.670000e-06	-6.413670e-09	-1.280944e-08	-5.274441e+01	-1.487086e+03
8.680000e-06	-6.431521e-09	-1.282582e-08	-5.289121e+01	-1.489153e+03
8.690000e-06	-6.449097e-09	-1.284207e-08	-5.303575e+01	-1.491176e+03
8.700000e-06	-6.466359e-09	-1.285495e-08	-5.317770e+01	-1.493154e+03
8.710000e-06	-6.483306e-09	-1.286715e-08	-5.331708e+01	-1.495084e+03
8.720000e-06	-6.499963e-09	-1.288174e-08	-5.345406e+01	-1.496965e+03
8.730000e-06	-6.516374e-09	-1.289781e-08	-5.358902e+01	-1.498793e+03
8.740000e-06	-6.532599e-09	-1.291105e-08	-5.372245e+01	-1.500567e+03
8.750000e-06	-6.548663e-09	-1.292311e-08	-5.385456e+01	-1.502286e+03
8.760000e-06	-6.564516e-09	-1.293619e-08	-5.398492e+01	-1.503946e+03
8.770000e-06	-6.580084e-09	-1.295159e-08	-5.411295e+01	-1.505546e+03
8.780000e-06	-6.595244e-09	-1.296665e-08	-5.423762e+01	-1.507085e+03
8.790000e-06	-6.609938e-09	-1.297803e-08	-5.435846e+01	-1.508562e+03
8.800000e-06	-6.624166e-09	-1.298835e-08	-5.447547e+01	-1.509974e+03
8.810000e-06	-6.637863e-09	-1.299934e-08	-5.458811e+01	-1.511322e+03
8.820000e-06	-6.651078e-09	-1.301069e-08	-5.469678e+01	-1.512604e+03
8.830000e-06	-6.663916e-09	-1.302091e-08	-5.480235e+01	-1.513821e+03
8.840000e-06	-6.676432e-09	-1.302951e-08	-5.490528e+01	-1.514971e+03
8.850000e-06	-6.688683e-09	-1.303698e-08	-5.500603e+01	-1.516054e+03
8.860000e-06	-6.700670e-09	-1.304472e-08	-5.510461e+01	-1.517072e+03
8.870000e-06	-6.712351e-09	-1.305242e-08	-5.520066e+01	-1.518025e+03
8.880000e-06	-6.723720e-09	-1.305964e-08	-5.529416e+01	-1.518913e+03
8.890000e-06	-6.734754e-09	-1.306843e-08	-5.538490e+01	-1.519738e+03
8.900000e-06	-6.745462e-09	-1.307797e-08	-5.547296e+01	-1.520501e+03
8.910000e-06	-6.755890e-09	-1.308827e-08	-5.555872e+01	-1.521204e+03
8.920000e-06	-6.766029e-09	-1.309835e-08	-5.564210e+01	-1.521850e+03
8.930000e-06	-6.775910e-09	-1.310653e-08	-5.572335e+01	-1.522439e+03
8.940000e-06	-6.785485e-09	-1.311451e-08	-5.580210e+01	-1.522975e+03
8.950000e-06	-6.794680e-09	-1.312208e-08	-5.587771e+01	-1.523460e+03
8.960000e-06	-6.803540e-09	-1.312632e-08	-5.595058e+01	-1.523898e+03
8.970000e-06	-6.812095e-09	-1.312602e-08	-5.602093e+01	-1.524292e+03
8.980000e-06	-6.820402e-09	-1.312617e-08	-5.608924e+01	-1.524645e+03
8.990000e-06	-6.828540e-09	-1.313197e-08	-5.615616e+01	-1.524961e+03
9.000000e-06	-6.836527e-09	-1.314264e-08	-5.622185e+01	-1.525242e+03
9.010000e-06	-6.844298e-09	-1.315148e-08	-5.628576e+01	-1.525495e+03
9.020000e-06	-6.851782e-09	-1.315528e-08	-5.634730e+01	-1.525721e+03
9.030000e-06	-6.858903e-09	-1.315626e-08	-5.640586e+01	-1.525926e+03
9.040000e-06	-6.865530e-09	-1.315716e-08	-5.646036e+01	-1.526113e+03
9.050000e-06	-6.871612e-09	-1.315960e-08	-5.651037e+01	-1.526287e+03
9.060000e-06	-6.877163e-09	-1.316188e-08	-5.655602e+01	-1.526451e+03
9.070000e-06	-6.882263e-09	-1.316496e-08	-5.659796e+01	-1.526611e+03
9.080000e-06	-6.886984e-09	-1.317147e-08	-5.663679e+01	-1.526769e+03
9.090000e-06	-6.891405e-09	-1.318029e-08	-5.667314e+01	-1.526930e+03
9.100000e-06	-6.895626e-09	-1.318656e-08	-5.670785e+01	-1.527098e+03
9.110000e-06	-6.899687e-09	-1.318629e-08	-5.674125e+01	-1.527276e+03
9.120000e-06	-6.903578e-09	-1.318366e-08	-5.677325e+01	-1.527469e+03
9.130000e-06	-6.907230e-09	-1.318547e-08	-5.680328e+01	-1.527679e+03
9.140000e-06	-6.910578e-09	-1.319151e-08	-5.683081e+01	-1.527911e+03
9.150000e-06	-6.913601e-09	-1.319455e-08	-5.685567e+01	-1.528166e+03
9.160000e-06	-6.916305e-09	-1.319300e-08	-5.687791e+01	-1.528448e+03
9.170000e-06	-6.918725e-09	-1.319242e-08	-5.689781e+01	-1.528759e+03
9.180000e-06	-6.920904e-09	-1.319524e-08	-5.691573e+01	-1.529102e+03
9.190000e-06	-6.922868e-09	-1.319786e-08	-5.693188e+01	-1.529478e+03
9.200000e-06	-6.924503e-09	-1.319515e-08	-5.694532e+01	-1.529889e+03
9.210000e-06	-6.925668e-09	-1.318974e-08	-5.695490e+01	-1.530336e+03
9.220000e-06	-6.926502e-09	-1.318817e-08	-5.696176e+01	-1.530821e+03
9.230000e-06	-6.927143e-09	-1.319149e-08	-5.696703e+01	-1.531344e+03
