# Temperatura_=_20.0
# Concentracion g/m^3_=_18000.0
# C_Vs_to_Am_M_A/Vsm_=_116720831517.84952
# pendiente_HvsI_1/m_=_3716.3
# ordenada_HvsI_A/m_=_1297.0
# frecuencia_Hz_=_108146.70072511164
# Promedio de 20 ciclos

Tiempo_(s)	Campo_(V.s)	Magnetizacion_(V.s)	Campo_(kA/m)	Magnetizacion_(A/m)
0.000000e+00	-7.025692e-09	-7.660286e-09	-5.700036e+01	-8.875223e+02
1.000000e-08	-7.025784e-09	-7.660036e-09	-5.700111e+01	-8.874712e+02
2.000000e-08	-7.025684e-09	-7.660824e-09	-5.700029e+01	-8.874002e+02
3.000000e-08	-7.025426e-09	-7.663068e-09	-5.699820e+01	-8.873099e+02
4.000000e-08	-7.024969e-09	-7.663953e-09	-5.699449e+01	-8.872013e+02
5.000000e-08	-7.024217e-09	-7.662460e-09	-5.698840e+01	-8.870750e+02
6.000000e-08	-7.023085e-09	-7.661582e-09	-5.697921e+01	-8.869318e+02
7.000000e-08	-7.021496e-09	-7.660131e-09	-5.696632e+01	-8.867725e+02
8.000000e-08	-7.019364e-09	-7.660031e-09	-5.694902e+01	-8.865979e+02
9.000000e-08	-7.016658e-09	-7.666279e-09	-5.692707e+01	-8.864088e+02
1.000000e-07	-7.013420e-09	-7.678145e-09	-5.690080e+01	-8.862058e+02
1.100000e-07	-7.009755e-09	-7.670838e-09	-5.687106e+01	-8.859896e+02
1.200000e-07	-7.005794e-09	-7.636639e-09	-5.683893e+01	-8.857609e+02
1.300000e-07	-7.001656e-09	-7.617116e-09	-5.680535e+01	-8.855204e+02
1.400000e-07	-6.997365e-09	-7.627497e-09	-5.677054e+01	-8.852687e+02
1.500000e-07	-6.992832e-09	-7.651117e-09	-5.673377e+01	-8.850063e+02
1.600000e-07	-6.987988e-09	-7.612610e-09	-5.669447e+01	-8.847337e+02
1.700000e-07	-6.982825e-09	-7.568426e-09	-5.665257e+01	-8.844513e+02
1.800000e-07	-6.977338e-09	-7.614806e-09	-5.660806e+01	-8.841597e+02
1.900000e-07	-6.971525e-09	-7.594148e-09	-5.656090e+01	-8.838591e+02
2.000000e-07	-6.965390e-09	-7.547872e-09	-5.651112e+01	-8.835499e+02
2.100000e-07	-6.958916e-09	-7.599473e-09	-5.645860e+01	-8.832323e+02
2.200000e-07	-6.952083e-09	-7.589999e-09	-5.640316e+01	-8.829064e+02
2.300000e-07	-6.944898e-09	-7.548952e-09	-5.634487e+01	-8.825726e+02
2.400000e-07	-6.937428e-09	-7.588481e-09	-5.628426e+01	-8.822308e+02
2.500000e-07	-6.929714e-09	-7.596768e-09	-5.622168e+01	-8.818810e+02
2.600000e-07	-6.921776e-09	-7.547342e-09	-5.615728e+01	-8.815234e+02
2.700000e-07	-6.913642e-09	-7.577674e-09	-5.609129e+01	-8.811578e+02
2.800000e-07	-6.905318e-09	-7.584074e-09	-5.602375e+01	-8.807841e+02
2.900000e-07	-6.896775e-09	-7.530424e-09	-5.595444e+01	-8.804021e+02
3.000000e-07	-6.887891e-09	-7.552002e-09	-5.588237e+01	-8.800118e+02
3.100000e-07	-6.878537e-09	-7.545424e-09	-5.580647e+01	-8.796128e+02
3.200000e-07	-6.868688e-09	-7.530234e-09	-5.572657e+01	-8.792050e+02
3.300000e-07	-6.858368e-09	-7.553141e-09	-5.564284e+01	-8.787880e+02
3.400000e-07	-6.847599e-09	-7.548176e-09	-5.555547e+01	-8.783616e+02
3.500000e-07	-6.836396e-09	-7.532198e-09	-5.546458e+01	-8.779254e+02
3.600000e-07	-6.824793e-09	-7.546099e-09	-5.537044e+01	-8.774791e+02
3.700000e-07	-6.812891e-09	-7.537157e-09	-5.527388e+01	-8.770223e+02
3.800000e-07	-6.800725e-09	-7.508345e-09	-5.517517e+01	-8.765548e+02
3.900000e-07	-6.788257e-09	-7.518450e-09	-5.507402e+01	-8.760761e+02
4.000000e-07	-6.775450e-09	-7.511608e-09	-5.497012e+01	-8.755859e+02
4.100000e-07	-6.762279e-09	-7.503999e-09	-5.486326e+01	-8.750839e+02
4.200000e-07	-6.748754e-09	-7.507092e-09	-5.475353e+01	-8.745698e+02
4.300000e-07	-6.734880e-09	-7.505899e-09	-5.464097e+01	-8.740432e+02
4.400000e-07	-6.720674e-09	-7.503193e-09	-5.452571e+01	-8.735038e+02
4.500000e-07	-6.706089e-09	-7.503052e-09	-5.440738e+01	-8.729514e+02
4.600000e-07	-6.691047e-09	-7.506219e-09	-5.428535e+01	-8.723858e+02
4.700000e-07	-6.675513e-09	-7.486914e-09	-5.415932e+01	-8.718067e+02
4.800000e-07	-6.659478e-09	-7.482323e-09	-5.402923e+01	-8.712139e+02
4.900000e-07	-6.642990e-09	-7.479874e-09	-5.389545e+01	-8.706074e+02
5.000000e-07	-6.626145e-09	-7.471794e-09	-5.375879e+01	-8.699869e+02
5.100000e-07	-6.608998e-09	-7.471527e-09	-5.361967e+01	-8.693524e+02
5.200000e-07	-6.591600e-09	-7.468411e-09	-5.347852e+01	-8.687039e+02
5.300000e-07	-6.573951e-09	-7.467863e-09	-5.333533e+01	-8.680414e+02
5.400000e-07	-6.556036e-09	-7.461419e-09	-5.318999e+01	-8.673649e+02
5.500000e-07	-6.537883e-09	-7.456517e-09	-5.304271e+01	-8.666745e+02
5.600000e-07	-6.519433e-09	-7.446256e-09	-5.289302e+01	-8.659702e+02
5.700000e-07	-6.500664e-09	-7.441139e-09	-5.274075e+01	-8.652523e+02
5.800000e-07	-6.481588e-09	-7.437651e-09	-5.258598e+01	-8.645209e+02
5.900000e-07	-6.462203e-09	-7.430420e-09	-5.242871e+01	-8.637761e+02
6.000000e-07	-6.442534e-09	-7.425528e-09	-5.226913e+01	-8.630183e+02
6.100000e-07	-6.422645e-09	-7.415649e-09	-5.210777e+01	-8.622477e+02
6.200000e-07	-6.402598e-09	-7.408975e-09	-5.194513e+01	-8.614646e+02
6.300000e-07	-6.382417e-09	-7.401205e-09	-5.178140e+01	-8.606692e+02
6.400000e-07	-6.362074e-09	-7.398517e-09	-5.161635e+01	-8.598618e+02
6.500000e-07	-6.341537e-09	-7.392216e-09	-5.144973e+01	-8.590429e+02
6.600000e-07	-6.320760e-09	-7.385837e-09	-5.128116e+01	-8.582126e+02
6.700000e-07	-6.299695e-09	-7.381068e-09	-5.111026e+01	-8.573714e+02
6.800000e-07	-6.278331e-09	-7.372622e-09	-5.093693e+01	-8.565196e+02
6.900000e-07	-6.256677e-09	-7.367802e-09	-5.076126e+01	-8.556574e+02
7.000000e-07	-6.234760e-09	-7.356712e-09	-5.058343e+01	-8.547853e+02
7.100000e-07	-6.212587e-09	-7.347074e-09	-5.040354e+01	-8.539034e+02
7.200000e-07	-6.190122e-09	-7.336435e-09	-5.022128e+01	-8.530121e+02
7.300000e-07	-6.167359e-09	-7.328632e-09	-5.003661e+01	-8.521115e+02
7.400000e-07	-6.144310e-09	-7.322035e-09	-4.984960e+01	-8.512021e+02
7.500000e-07	-6.120981e-09	-7.313418e-09	-4.966033e+01	-8.502838e+02
7.600000e-07	-6.097389e-09	-7.309186e-09	-4.946893e+01	-8.493570e+02
7.700000e-07	-6.073576e-09	-7.301662e-09	-4.927573e+01	-8.484216e+02
7.800000e-07	-6.049564e-09	-7.293348e-09	-4.908092e+01	-8.474779e+02
7.900000e-07	-6.025340e-09	-7.279591e-09	-4.888438e+01	-8.465258e+02
8.000000e-07	-6.000879e-09	-7.267831e-09	-4.868593e+01	-8.455654e+02
8.100000e-07	-5.976123e-09	-7.257930e-09	-4.848508e+01	-8.445965e+02
8.200000e-07	-5.950971e-09	-7.247570e-09	-4.828102e+01	-8.436192e+02
8.300000e-07	-5.925375e-09	-7.240476e-09	-4.807336e+01	-8.426333e+02
8.400000e-07	-5.899367e-09	-7.233043e-09	-4.786235e+01	-8.416385e+02
8.500000e-07	-5.872939e-09	-7.227751e-09	-4.764794e+01	-8.406347e+02
8.600000e-07	-5.846063e-09	-7.219813e-09	-4.742989e+01	-8.396215e+02
8.700000e-07	-5.818795e-09	-7.210893e-09	-4.720866e+01	-8.385987e+02
8.800000e-07	-5.791238e-09	-7.199567e-09	-4.698509e+01	-8.375659e+02
8.900000e-07	-5.763459e-09	-7.188865e-09	-4.675971e+01	-8.365227e+02
9.000000e-07	-5.735491e-09	-7.179146e-09	-4.653280e+01	-8.354685e+02
9.100000e-07	-5.707335e-09	-7.168472e-09	-4.630437e+01	-8.344031e+02
9.200000e-07	-5.678974e-09	-7.159203e-09	-4.607427e+01	-8.333257e+02
9.300000e-07	-5.650422e-09	-7.149227e-09	-4.584263e+01	-8.322359e+02
9.400000e-07	-5.621686e-09	-7.142371e-09	-4.560948e+01	-8.311331e+02
9.500000e-07	-5.592724e-09	-7.135016e-09	-4.537451e+01	-8.300167e+02
9.600000e-07	-5.563532e-09	-7.128004e-09	-4.513768e+01	-8.288860e+02
9.700000e-07	-5.534096e-09	-7.117321e-09	-4.489886e+01	-8.277406e+02
9.800000e-07	-5.504409e-09	-7.102960e-09	-4.465800e+01	-8.265796e+02
9.900000e-07	-5.474496e-09	-7.089343e-09	-4.441531e+01	-8.254026e+02
1.000000e-06	-5.444363e-09	-7.076109e-09	-4.417084e+01	-8.242088e+02
1.010000e-06	-5.414012e-09	-7.064796e-09	-4.392460e+01	-8.229976e+02
1.020000e-06	-5.383463e-09	-7.052256e-09	-4.367675e+01	-8.217685e+02
1.030000e-06	-5.352708e-09	-7.039484e-09	-4.342723e+01	-8.205208e+02
1.040000e-06	-5.321718e-09	-7.026272e-09	-4.317581e+01	-8.192539e+02
1.050000e-06	-5.290513e-09	-7.016010e-09	-4.292264e+01	-8.179673e+02
1.060000e-06	-5.259089e-09	-7.005773e-09	-4.266769e+01	-8.166605e+02
1.070000e-06	-5.227465e-09	-6.994290e-09	-4.241112e+01	-8.153330e+02
1.080000e-06	-5.195654e-09	-6.984851e-09	-4.215303e+01	-8.139844e+02
1.090000e-06	-5.163616e-09	-6.974290e-09	-4.189310e+01	-8.126142e+02
1.100000e-06	-5.131369e-09	-6.962192e-09	-4.163148e+01	-8.112222e+02
1.110000e-06	-5.098952e-09	-6.944819e-09	-4.136847e+01	-8.098079e+02
1.120000e-06	-5.066315e-09	-6.925145e-09	-4.110369e+01	-8.083712e+02
1.130000e-06	-5.033361e-09	-6.908207e-09	-4.083632e+01	-8.069119e+02
1.140000e-06	-5.000067e-09	-6.896791e-09	-4.056621e+01	-8.054298e+02
1.150000e-06	-4.966467e-09	-6.890461e-09	-4.029361e+01	-8.039248e+02
1.160000e-06	-4.932519e-09	-6.885566e-09	-4.001818e+01	-8.023969e+02
1.170000e-06	-4.898198e-09	-6.879938e-09	-3.973973e+01	-8.008461e+02
1.180000e-06	-4.863529e-09	-6.866510e-09	-3.945846e+01	-7.992724e+02
1.190000e-06	-4.828534e-09	-6.846886e-09	-3.917454e+01	-7.976761e+02
1.200000e-06	-4.793256e-09	-6.824156e-09	-3.888833e+01	-7.960573e+02
1.210000e-06	-4.757707e-09	-6.803917e-09	-3.859991e+01	-7.944162e+02
1.220000e-06	-4.721915e-09	-6.787789e-09	-3.830952e+01	-7.927530e+02
1.230000e-06	-4.685951e-09	-6.775199e-09	-3.801774e+01	-7.910682e+02
1.240000e-06	-4.649835e-09	-6.765986e-09	-3.772473e+01	-7.893620e+02
1.250000e-06	-4.613567e-09	-6.755996e-09	-3.743048e+01	-7.876348e+02
1.260000e-06	-4.577176e-09	-6.744981e-09	-3.713524e+01	-7.858870e+02
1.270000e-06	-4.540656e-09	-6.728908e-09	-3.683894e+01	-7.841191e+02
1.280000e-06	-4.503969e-09	-6.709837e-09	-3.654130e+01	-7.823315e+02
1.290000e-06	-4.467116e-09	-6.689192e-09	-3.624231e+01	-7.805247e+02
1.300000e-06	-4.430074e-09	-6.669855e-09	-3.594178e+01	-7.786991e+02
1.310000e-06	-4.392847e-09	-6.655736e-09	-3.563975e+01	-7.768551e+02
1.320000e-06	-4.355459e-09	-6.645077e-09	-3.533642e+01	-7.749933e+02
1.330000e-06	-4.317879e-09	-6.634412e-09	-3.503153e+01	-7.731140e+02
1.340000e-06	-4.280081e-09	-6.621527e-09	-3.472487e+01	-7.712177e+02
1.350000e-06	-4.242085e-09	-6.605686e-09	-3.441660e+01	-7.693047e+02
1.360000e-06	-4.203925e-09	-6.587687e-09	-3.410701e+01	-7.673754e+02
1.370000e-06	-4.165578e-09	-6.568595e-09	-3.379589e+01	-7.654300e+02
1.380000e-06	-4.127019e-09	-6.548419e-09	-3.348305e+01	-7.634689e+02
1.390000e-06	-4.088281e-09	-6.532091e-09	-3.316877e+01	-7.614921e+02
1.400000e-06	-4.049372e-09	-6.517228e-09	-3.285310e+01	-7.594998e+02
1.410000e-06	-4.010285e-09	-6.501351e-09	-3.253598e+01	-7.574922e+02
1.420000e-06	-3.971035e-09	-6.482643e-09	-3.221754e+01	-7.554690e+02
1.430000e-06	-3.931618e-09	-6.461905e-09	-3.189774e+01	-7.534303e+02
1.440000e-06	-3.892069e-09	-6.443328e-09	-3.157688e+01	-7.513759e+02
1.450000e-06	-3.852398e-09	-6.425292e-09	-3.125502e+01	-7.493055e+02
1.460000e-06	-3.812571e-09	-6.410464e-09	-3.093190e+01	-7.472187e+02
1.470000e-06	-3.772567e-09	-6.396197e-09	-3.060734e+01	-7.451152e+02
1.480000e-06	-3.732394e-09	-6.381759e-09	-3.028141e+01	-7.429943e+02
1.490000e-06	-3.692088e-09	-6.365767e-09	-2.995440e+01	-7.408555e+02
1.500000e-06	-3.651638e-09	-6.344299e-09	-2.962622e+01	-7.386980e+02
1.510000e-06	-3.610999e-09	-6.317545e-09	-2.929651e+01	-7.365211e+02
1.520000e-06	-3.570152e-09	-6.286724e-09	-2.896512e+01	-7.343237e+02
1.530000e-06	-3.529124e-09	-6.262275e-09	-2.863225e+01	-7.321049e+02
1.540000e-06	-3.487916e-09	-6.244187e-09	-2.829793e+01	-7.298637e+02
1.550000e-06	-3.446490e-09	-6.230614e-09	-2.796184e+01	-7.275988e+02
1.560000e-06	-3.404841e-09	-6.217419e-09	-2.762394e+01	-7.253091e+02
1.570000e-06	-3.362985e-09	-6.198872e-09	-2.728435e+01	-7.229931e+02
1.580000e-06	-3.320919e-09	-6.177211e-09	-2.694307e+01	-7.206496e+02
1.590000e-06	-3.278631e-09	-6.150579e-09	-2.659998e+01	-7.182770e+02
1.600000e-06	-3.236116e-09	-6.122956e-09	-2.625505e+01	-7.158739e+02
1.610000e-06	-3.193424e-09	-6.095770e-09	-2.590869e+01	-7.134387e+02
1.620000e-06	-3.150566e-09	-6.075190e-09	-2.556097e+01	-7.109699e+02
1.630000e-06	-3.107534e-09	-6.061260e-09	-2.521185e+01	-7.084657e+02
1.640000e-06	-3.064333e-09	-6.047557e-09	-2.486136e+01	-7.059247e+02
1.650000e-06	-3.020963e-09	-6.031109e-09	-2.450949e+01	-7.033450e+02
1.660000e-06	-2.977468e-09	-6.008023e-09	-2.415661e+01	-7.007251e+02
1.670000e-06	-2.933857e-09	-5.983169e-09	-2.380279e+01	-6.980634e+02
1.680000e-06	-2.890116e-09	-5.956859e-09	-2.344791e+01	-6.953580e+02
1.690000e-06	-2.846254e-09	-5.931637e-09	-2.309205e+01	-6.926076e+02
1.700000e-06	-2.802289e-09	-5.904719e-09	-2.273536e+01	-6.898103e+02
1.710000e-06	-2.758231e-09	-5.875625e-09	-2.237792e+01	-6.869648e+02
1.720000e-06	-2.714081e-09	-5.847651e-09	-2.201972e+01	-6.840696e+02
1.730000e-06	-2.669850e-09	-5.819674e-09	-2.166086e+01	-6.811231e+02
1.740000e-06	-2.625521e-09	-5.792136e-09	-2.130122e+01	-6.781241e+02
1.750000e-06	-2.581088e-09	-5.763454e-09	-2.094073e+01	-6.750712e+02
1.760000e-06	-2.536569e-09	-5.738337e-09	-2.057954e+01	-6.719633e+02
1.770000e-06	-2.491932e-09	-5.716612e-09	-2.021739e+01	-6.687992e+02
1.780000e-06	-2.447187e-09	-5.695226e-09	-1.985437e+01	-6.655780e+02
1.790000e-06	-2.402369e-09	-5.669021e-09	-1.949075e+01	-6.622986e+02
1.800000e-06	-2.357460e-09	-5.637944e-09	-1.912640e+01	-6.589603e+02
1.810000e-06	-2.312427e-09	-5.607098e-09	-1.876104e+01	-6.555624e+02
1.820000e-06	-2.267270e-09	-5.577097e-09	-1.839468e+01	-6.521043e+02
1.830000e-06	-2.222023e-09	-5.549421e-09	-1.802758e+01	-6.485855e+02
1.840000e-06	-2.176666e-09	-5.521124e-09	-1.765960e+01	-6.450056e+02
1.850000e-06	-2.131185e-09	-5.492591e-09	-1.729060e+01	-6.413644e+02
1.860000e-06	-2.085590e-09	-5.464821e-09	-1.692068e+01	-6.376617e+02
1.870000e-06	-2.039875e-09	-5.435412e-09	-1.654979e+01	-6.338975e+02
1.880000e-06	-1.994056e-09	-5.403450e-09	-1.617805e+01	-6.300718e+02
1.890000e-06	-1.948151e-09	-5.367570e-09	-1.580562e+01	-6.261849e+02
1.900000e-06	-1.902191e-09	-5.329321e-09	-1.543274e+01	-6.222369e+02
1.910000e-06	-1.856150e-09	-5.291522e-09	-1.505920e+01	-6.182282e+02
1.920000e-06	-1.809996e-09	-5.257087e-09	-1.468475e+01	-6.141592e+02
1.930000e-06	-1.763754e-09	-5.225940e-09	-1.430959e+01	-6.100305e+02
1.940000e-06	-1.717434e-09	-5.196617e-09	-1.393379e+01	-6.058426e+02
1.950000e-06	-1.671074e-09	-5.167725e-09	-1.355766e+01	-6.015961e+02
1.960000e-06	-1.624666e-09	-5.135792e-09	-1.318115e+01	-5.972916e+02
1.970000e-06	-1.578169e-09	-5.102246e-09	-1.280391e+01	-5.929298e+02
1.980000e-06	-1.531589e-09	-5.066743e-09	-1.242600e+01	-5.885115e+02
1.990000e-06	-1.484947e-09	-5.027363e-09	-1.204759e+01	-5.840372e+02
2.000000e-06	-1.438281e-09	-4.985516e-09	-1.166898e+01	-5.795078e+02
2.010000e-06	-1.391599e-09	-4.943893e-09	-1.129024e+01	-5.749238e+02
2.020000e-06	-1.344871e-09	-4.904055e-09	-1.091113e+01	-5.702859e+02
2.030000e-06	-1.298095e-09	-4.863747e-09	-1.053163e+01	-5.655946e+02
2.040000e-06	-1.251266e-09	-4.823027e-09	-1.015170e+01	-5.608506e+02
2.050000e-06	-1.204386e-09	-4.782758e-09	-9.771357e+00	-5.560541e+02
2.060000e-06	-1.157462e-09	-4.742014e-09	-9.390659e+00	-5.512056e+02
2.070000e-06	-1.110479e-09	-4.700619e-09	-9.009477e+00	-5.463052e+02
2.080000e-06	-1.063457e-09	-4.657620e-09	-8.627985e+00	-5.413531e+02
2.090000e-06	-1.016404e-09	-4.613491e-09	-8.246235e+00	-5.363492e+02
2.100000e-06	-9.693093e-10	-4.569494e-09	-7.864151e+00	-5.312934e+02
2.110000e-06	-9.221728e-10	-4.526442e-09	-7.481727e+00	-5.261854e+02
2.120000e-06	-8.749733e-10	-4.483700e-09	-7.098792e+00	-5.210246e+02
2.130000e-06	-8.277092e-10	-4.438794e-09	-6.715332e+00	-5.158104e+02
2.140000e-06	-7.803983e-10	-4.390983e-09	-6.331493e+00	-5.105420e+02
2.150000e-06	-7.330601e-10	-4.342217e-09	-5.947431e+00	-5.052182e+02
2.160000e-06	-6.856904e-10	-4.294069e-09	-5.563115e+00	-4.998380e+02
2.170000e-06	-6.382731e-10	-4.247371e-09	-5.178411e+00	-4.943998e+02
2.180000e-06	-5.908214e-10	-4.202026e-09	-4.793430e+00	-4.889019e+02
2.190000e-06	-5.433450e-10	-4.153873e-09	-4.408247e+00	-4.833426e+02
2.200000e-06	-4.958435e-10	-4.103937e-09	-4.022861e+00	-4.777198e+02
2.210000e-06	-4.483387e-10	-4.051004e-09	-3.637448e+00	-4.720312e+02
2.220000e-06	-4.008305e-10	-3.994119e-09	-3.252007e+00	-4.662744e+02
2.230000e-06	-3.532913e-10	-3.937522e-09	-2.866315e+00	-4.604467e+02
2.240000e-06	-3.057236e-10	-3.883434e-09	-2.480392e+00	-4.545453e+02
2.250000e-06	-2.581411e-10	-3.833619e-09	-2.094348e+00	-4.485670e+02
2.260000e-06	-2.105659e-10	-3.784169e-09	-1.708363e+00	-4.425088e+02
2.270000e-06	-1.629920e-10	-3.732819e-09	-1.322390e+00	-4.363672e+02
2.280000e-06	-1.153914e-10	-3.679135e-09	-9.362003e-01	-4.301387e+02
2.290000e-06	-6.779720e-11	-3.622676e-09	-5.500627e-01	-4.238196e+02
2.300000e-06	-2.022687e-11	-3.564540e-09	-1.641184e-01	-4.174063e+02
2.310000e-06	2.735070e-11	-3.502306e-09	2.218854e-01	-4.108947e+02
2.320000e-06	7.494040e-11	-3.438570e-09	6.079874e-01	-4.042808e+02
2.330000e-06	1.225264e-10	-3.374978e-09	9.940589e-01	-3.975608e+02
2.340000e-06	1.700936e-10	-3.315545e-09	1.379979e+00	-3.907304e+02
2.350000e-06	2.176243e-10	-3.258969e-09	1.765602e+00	-3.837855e+02
2.360000e-06	2.651134e-10	-3.198968e-09	2.150888e+00	-3.767221e+02
2.370000e-06	3.125682e-10	-3.138333e-09	2.535895e+00	-3.695361e+02
2.380000e-06	3.599957e-10	-3.075219e-09	2.920681e+00	-3.622233e+02
2.390000e-06	4.074139e-10	-3.010444e-09	3.305392e+00	-3.547798e+02
2.400000e-06	4.548180e-10	-2.942944e-09	3.689987e+00	-3.472017e+02
2.410000e-06	5.022074e-10	-2.875092e-09	4.074463e+00	-3.394853e+02
2.420000e-06	5.495822e-10	-2.807407e-09	4.458821e+00	-3.316269e+02
2.430000e-06	5.969158e-10	-2.738873e-09	4.842844e+00	-3.236232e+02
2.440000e-06	6.442199e-10	-2.670207e-09	5.226628e+00	-3.154707e+02
2.450000e-06	6.915176e-10	-2.598735e-09	5.610361e+00	-3.071666e+02
2.460000e-06	7.388113e-10	-2.527826e-09	5.994060e+00	-2.987079e+02
2.470000e-06	7.860832e-10	-2.457180e-09	6.377583e+00	-2.900923e+02
2.480000e-06	8.333257e-10	-2.385812e-09	6.760868e+00	-2.813174e+02
2.490000e-06	8.805433e-10	-2.310936e-09	7.143951e+00	-2.723815e+02
2.500000e-06	9.277204e-10	-2.232481e-09	7.526705e+00	-2.632828e+02
2.510000e-06	9.748529e-10	-2.153271e-09	7.909098e+00	-2.540203e+02
2.520000e-06	1.021971e-09	-2.073993e-09	8.291370e+00	-2.445930e+02
2.530000e-06	1.069077e-09	-1.994568e-09	8.673552e+00	-2.350005e+02
2.540000e-06	1.116137e-09	-1.911630e-09	9.055352e+00	-2.252427e+02
2.550000e-06	1.163149e-09	-1.828284e-09	9.436773e+00	-2.153201e+02
2.560000e-06	1.210143e-09	-1.745355e-09	9.818041e+00	-2.052335e+02
2.570000e-06	1.257104e-09	-1.660909e-09	1.019904e+01	-1.949841e+02
2.580000e-06	1.303993e-09	-1.574239e-09	1.057946e+01	-1.845736e+02
2.590000e-06	1.350795e-09	-1.483366e-09	1.095916e+01	-1.740042e+02
2.600000e-06	1.397523e-09	-1.388722e-09	1.133828e+01	-1.632784e+02
2.610000e-06	1.444215e-09	-1.291780e-09	1.171709e+01	-1.523995e+02
2.620000e-06	1.490839e-09	-1.195538e-09	1.209536e+01	-1.413708e+02
2.630000e-06	1.537374e-09	-1.098076e-09	1.247291e+01	-1.301965e+02
2.640000e-06	1.583825e-09	-9.984100e-10	1.284976e+01	-1.188810e+02
2.650000e-06	1.630181e-09	-8.973363e-10	1.322586e+01	-1.074291e+02
2.660000e-06	1.676450e-09	-7.948994e-10	1.360125e+01	-9.584621e+01
2.670000e-06	1.722645e-09	-6.927307e-10	1.397603e+01	-8.413809e+01
2.680000e-06	1.768769e-09	-5.900987e-10	1.435024e+01	-7.231088e+01
2.690000e-06	1.814792e-09	-4.844343e-10	1.472363e+01	-6.037115e+01
2.700000e-06	1.860696e-09	-3.751076e-10	1.509606e+01	-4.832585e+01
2.710000e-06	1.906493e-09	-2.668771e-10	1.546761e+01	-3.618226e+01
2.720000e-06	1.952219e-09	-1.599355e-10	1.583860e+01	-2.394801e+01
2.730000e-06	1.997869e-09	-5.274418e-11	1.620896e+01	-1.163104e+01
2.740000e-06	2.043407e-09	5.338504e-11	1.657842e+01	7.604246e-01
2.750000e-06	2.088842e-09	1.608922e-10	1.694704e+01	1.321790e+01
2.760000e-06	2.134167e-09	2.686995e-10	1.731476e+01	2.573266e+01
2.770000e-06	2.179399e-09	3.780312e-10	1.768174e+01	3.829580e+01
2.780000e-06	2.224544e-09	4.890529e-10	1.804800e+01	5.089822e+01
2.790000e-06	2.269594e-09	5.990720e-10	1.841350e+01	6.353069e+01
2.800000e-06	2.314582e-09	7.099020e-10	1.877850e+01	7.618386e+01
2.810000e-06	2.359519e-09	8.224352e-10	1.914307e+01	8.884832e+01
2.820000e-06	2.404369e-09	9.377148e-10	1.950695e+01	1.015146e+02
2.830000e-06	2.449117e-09	1.053832e-09	1.987000e+01	1.141732e+02
2.840000e-06	2.493785e-09	1.167034e-09	2.023239e+01	1.268147e+02
2.850000e-06	2.538374e-09	1.275825e-09	2.059415e+01	1.394297e+02
2.860000e-06	2.582876e-09	1.383884e-09	2.095520e+01	1.520088e+02
2.870000e-06	2.627303e-09	1.493185e-09	2.131564e+01	1.645429e+02
2.880000e-06	2.671640e-09	1.601080e-09	2.167536e+01	1.770229e+02
2.890000e-06	2.715878e-09	1.707494e-09	2.203426e+01	1.894400e+02
2.900000e-06	2.760035e-09	1.812715e-09	2.239252e+01	2.017855e+02
2.910000e-06	2.804114e-09	1.918628e-09	2.275014e+01	2.140509e+02
2.920000e-06	2.848093e-09	2.024284e-09	2.310695e+01	2.262282e+02
2.930000e-06	2.891962e-09	2.127975e-09	2.346286e+01	2.383094e+02
2.940000e-06	2.935724e-09	2.228779e-09	2.381791e+01	2.502870e+02
2.950000e-06	2.979366e-09	2.327576e-09	2.417199e+01	2.621539e+02
2.960000e-06	3.022845e-09	2.426249e-09	2.452473e+01	2.739031e+02
2.970000e-06	3.066126e-09	2.523497e-09	2.487588e+01	2.855282e+02
2.980000e-06	3.109229e-09	2.620369e-09	2.522557e+01	2.970231e+02
2.990000e-06	3.152132e-09	2.716459e-09	2.557366e+01	3.083821e+02
3.000000e-06	3.194805e-09	2.811704e-09	2.591987e+01	3.196001e+02
3.010000e-06	3.237253e-09	2.906422e-09	2.626425e+01	3.306721e+02
3.020000e-06	3.279451e-09	2.998304e-09	2.660660e+01	3.415939e+02
3.030000e-06	3.321375e-09	3.086488e-09	2.694674e+01	3.523615e+02
3.040000e-06	3.363072e-09	3.174205e-09	2.728503e+01	3.629715e+02
3.050000e-06	3.404556e-09	3.262807e-09	2.762159e+01	3.734208e+02
3.060000e-06	3.445783e-09	3.348669e-09	2.795608e+01	3.837069e+02
3.070000e-06	3.486802e-09	3.432592e-09	2.828887e+01	3.938276e+02
3.080000e-06	3.527659e-09	3.516011e-09	2.862035e+01	4.037814e+02
3.090000e-06	3.568363e-09	3.597465e-09	2.895058e+01	4.135670e+02
3.100000e-06	3.608927e-09	3.676848e-09	2.927969e+01	4.231836e+02
3.110000e-06	3.649347e-09	3.754715e-09	2.960762e+01	4.326309e+02
3.120000e-06	3.689622e-09	3.832414e-09	2.993438e+01	4.419088e+02
3.130000e-06	3.729759e-09	3.908781e-09	3.026001e+01	4.510179e+02
3.140000e-06	3.769767e-09	3.984387e-09	3.058460e+01	4.599589e+02
3.150000e-06	3.809651e-09	4.057880e-09	3.090819e+01	4.687330e+02
3.160000e-06	3.849395e-09	4.127403e-09	3.123064e+01	4.773417e+02
3.170000e-06	3.889013e-09	4.195161e-09	3.155206e+01	4.857869e+02
3.180000e-06	3.928520e-09	4.263073e-09	3.187259e+01	4.940707e+02
3.190000e-06	3.967874e-09	4.333879e-09	3.219187e+01	5.021954e+02
3.200000e-06	4.007063e-09	4.404098e-09	3.250981e+01	5.101637e+02
3.210000e-06	4.046087e-09	4.470125e-09	3.282642e+01	5.179786e+02
3.220000e-06	4.084920e-09	4.534267e-09	3.314148e+01	5.256432e+02
3.230000e-06	4.123572e-09	4.598771e-09	3.345507e+01	5.331606e+02
3.240000e-06	4.162072e-09	4.663372e-09	3.376742e+01	5.405343e+02
3.250000e-06	4.200370e-09	4.724788e-09	3.407814e+01	5.477680e+02
3.260000e-06	4.238449e-09	4.783105e-09	3.438708e+01	5.548651e+02
3.270000e-06	4.276339e-09	4.840547e-09	3.469449e+01	5.618296e+02
3.280000e-06	4.314026e-09	4.900865e-09	3.500025e+01	5.686651e+02
3.290000e-06	4.351489e-09	4.962913e-09	3.530419e+01	5.753756e+02
3.300000e-06	4.388764e-09	5.021685e-09	3.560660e+01	5.819648e+02
3.310000e-06	4.425851e-09	5.077671e-09	3.590750e+01	5.884366e+02
3.320000e-06	4.462737e-09	5.133736e-09	3.620676e+01	5.947947e+02
3.330000e-06	4.499444e-09	5.192166e-09	3.650456e+01	6.010429e+02
3.340000e-06	4.535979e-09	5.250422e-09	3.680098e+01	6.071848e+02
3.350000e-06	4.572353e-09	5.306554e-09	3.709609e+01	6.132240e+02
3.360000e-06	4.608584e-09	5.360575e-09	3.739004e+01	6.191639e+02
3.370000e-06	4.644677e-09	5.413819e-09	3.768286e+01	6.250079e+02
3.380000e-06	4.680620e-09	5.466318e-09	3.797447e+01	6.307590e+02
3.390000e-06	4.716410e-09	5.513794e-09	3.826485e+01	6.364204e+02
3.400000e-06	4.752001e-09	5.556679e-09	3.855360e+01	6.419948e+02
3.410000e-06	4.787344e-09	5.599908e-09	3.884034e+01	6.474850e+02
3.420000e-06	4.822418e-09	5.646781e-09	3.912490e+01	6.528935e+02
3.430000e-06	4.857173e-09	5.696260e-09	3.940687e+01	6.582224e+02
3.440000e-06	4.891588e-09	5.744718e-09	3.968609e+01	6.634741e+02
3.450000e-06	4.925660e-09	5.791408e-09	3.996251e+01	6.686503e+02
3.460000e-06	4.959367e-09	5.838992e-09	4.023598e+01	6.737527e+02
3.470000e-06	4.992735e-09	5.886423e-09	4.050670e+01	6.787830e+02
3.480000e-06	5.025796e-09	5.929707e-09	4.077492e+01	6.837424e+02
3.490000e-06	5.058594e-09	5.968198e-09	4.104102e+01	6.886320e+02
3.500000e-06	5.091178e-09	6.003276e-09	4.130538e+01	6.934528e+02
3.510000e-06	5.123574e-09	6.038890e-09	4.156821e+01	6.982055e+02
3.520000e-06	5.155812e-09	6.076542e-09	4.182976e+01	7.028908e+02
3.530000e-06	5.187897e-09	6.114626e-09	4.209008e+01	7.075089e+02
3.540000e-06	5.219813e-09	6.153728e-09	4.234901e+01	7.120602e+02
3.550000e-06	5.251557e-09	6.193632e-09	4.260656e+01	7.165448e+02
3.560000e-06	5.283119e-09	6.233498e-09	4.286263e+01	7.209627e+02
3.570000e-06	5.314445e-09	6.271400e-09	4.311678e+01	7.253136e+02
3.580000e-06	5.345499e-09	6.304967e-09	4.336872e+01	7.295974e+02
3.590000e-06	5.376291e-09	6.334956e-09	4.361854e+01	7.338136e+02
3.600000e-06	5.406850e-09	6.365013e-09	4.386647e+01	7.379618e+02
3.610000e-06	5.437167e-09	6.398360e-09	4.411244e+01	7.420416e+02
3.620000e-06	5.467252e-09	6.433358e-09	4.435652e+01	7.460522e+02
3.630000e-06	5.497138e-09	6.468082e-09	4.459900e+01	7.499932e+02
3.640000e-06	5.526798e-09	6.501976e-09	4.483963e+01	7.538638e+02
3.650000e-06	5.556197e-09	6.533914e-09	4.507815e+01	7.576634e+02
3.660000e-06	5.585328e-09	6.562659e-09	4.531449e+01	7.613914e+02
3.670000e-06	5.614203e-09	6.586947e-09	4.554876e+01	7.650471e+02
3.680000e-06	5.642854e-09	6.609816e-09	4.578121e+01	7.686299e+02
3.690000e-06	5.671314e-09	6.635048e-09	4.601211e+01	7.721392e+02
3.700000e-06	5.699590e-09	6.661955e-09	4.624151e+01	7.755746e+02
3.710000e-06	5.727684e-09	6.688155e-09	4.646945e+01	7.789355e+02
3.720000e-06	5.755609e-09	6.713010e-09	4.669601e+01	7.822215e+02
3.730000e-06	5.783363e-09	6.737656e-09	4.692118e+01	7.854325e+02
3.740000e-06	5.810878e-09	6.762807e-09	4.714441e+01	7.885681e+02
3.750000e-06	5.838058e-09	6.788060e-09	4.736493e+01	7.916283e+02
3.760000e-06	5.864849e-09	6.811593e-09	4.758228e+01	7.946130e+02
3.770000e-06	5.891188e-09	6.832413e-09	4.779597e+01	7.975225e+02
3.780000e-06	5.917072e-09	6.853508e-09	4.800597e+01	8.003568e+02
3.790000e-06	5.942515e-09	6.877066e-09	4.821239e+01	8.031165e+02
3.800000e-06	5.967570e-09	6.898256e-09	4.841567e+01	8.058019e+02
3.810000e-06	5.992313e-09	6.915765e-09	4.861641e+01	8.084136e+02
3.820000e-06	6.016779e-09	6.933433e-09	4.881491e+01	8.109524e+02
3.830000e-06	6.041025e-09	6.953410e-09	4.901162e+01	8.134192e+02
3.840000e-06	6.065071e-09	6.974094e-09	4.920671e+01	8.158148e+02
3.850000e-06	6.088922e-09	6.992517e-09	4.940022e+01	8.181405e+02
3.860000e-06	6.112541e-09	7.010006e-09	4.959184e+01	8.203973e+02
3.870000e-06	6.135888e-09	7.028890e-09	4.978126e+01	8.225867e+02
3.880000e-06	6.158945e-09	7.050319e-09	4.996832e+01	8.247100e+02
3.890000e-06	6.181703e-09	7.070253e-09	5.015296e+01	8.267688e+02
3.900000e-06	6.204198e-09	7.084709e-09	5.033547e+01	8.287646e+02
3.910000e-06	6.226453e-09	7.095899e-09	5.051603e+01	8.306992e+02
3.920000e-06	6.248457e-09	7.107932e-09	5.069455e+01	8.325743e+02
3.930000e-06	6.270190e-09	7.122979e-09	5.087087e+01	8.343918e+02
3.940000e-06	6.291626e-09	7.137923e-09	5.104478e+01	8.361535e+02
3.950000e-06	6.312760e-09	7.154195e-09	5.121625e+01	8.378614e+02
3.960000e-06	6.333593e-09	7.174780e-09	5.138526e+01	8.395175e+02
3.970000e-06	6.354160e-09	7.197920e-09	5.155213e+01	8.411236e+02
3.980000e-06	6.374521e-09	7.217931e-09	5.171732e+01	8.426820e+02
3.990000e-06	6.394716e-09	7.229849e-09	5.188117e+01	8.441945e+02
4.000000e-06	6.414745e-09	7.237495e-09	5.204367e+01	8.456631e+02
4.010000e-06	6.434583e-09	7.246032e-09	5.220461e+01	8.470899e+02
4.020000e-06	6.454187e-09	7.257960e-09	5.236366e+01	8.484768e+02
4.030000e-06	6.473478e-09	7.272925e-09	5.252017e+01	8.498257e+02
4.040000e-06	6.492407e-09	7.289985e-09	5.267375e+01	8.511385e+02
4.050000e-06	6.510970e-09	7.307843e-09	5.282435e+01	8.524171e+02
4.060000e-06	6.529189e-09	7.324487e-09	5.297216e+01	8.536632e+02
4.070000e-06	6.547101e-09	7.336813e-09	5.311748e+01	8.548784e+02
4.080000e-06	6.564758e-09	7.342125e-09	5.326074e+01	8.560644e+02
4.090000e-06	6.582195e-09	7.343792e-09	5.340221e+01	8.572227e+02
4.100000e-06	6.599397e-09	7.347589e-09	5.354177e+01	8.583547e+02
4.110000e-06	6.616358e-09	7.357651e-09	5.367937e+01	8.594618e+02
4.120000e-06	6.633063e-09	7.372751e-09	5.381490e+01	8.605452e+02
4.130000e-06	6.649426e-09	7.386560e-09	5.394766e+01	8.616060e+02
4.140000e-06	6.665377e-09	7.396641e-09	5.407707e+01	8.626453e+02
4.150000e-06	6.680934e-09	7.404711e-09	5.420329e+01	8.636639e+02
4.160000e-06	6.696068e-09	7.412586e-09	5.432607e+01	8.646627e+02
4.170000e-06	6.710789e-09	7.418286e-09	5.444551e+01	8.656424e+02
4.180000e-06	6.725161e-09	7.422216e-09	5.456211e+01	8.666035e+02
4.190000e-06	6.739228e-09	7.427228e-09	5.467624e+01	8.675465e+02
4.200000e-06	6.753006e-09	7.436120e-09	5.478802e+01	8.684718e+02
4.210000e-06	6.766464e-09	7.448133e-09	5.489721e+01	8.693796e+02
4.220000e-06	6.779589e-09	7.457648e-09	5.500369e+01	8.702702e+02
4.230000e-06	6.792402e-09	7.463318e-09	5.510765e+01	8.711436e+02
4.240000e-06	6.804933e-09	7.467807e-09	5.520931e+01	8.719997e+02
4.250000e-06	6.817183e-09	7.474158e-09	5.530870e+01	8.728386e+02
4.260000e-06	6.829176e-09	7.480855e-09	5.540600e+01	8.736599e+02
4.270000e-06	6.840883e-09	7.487167e-09	5.550098e+01	8.744634e+02
4.280000e-06	6.852205e-09	7.493650e-09	5.559284e+01	8.752489e+02
4.290000e-06	6.863044e-09	7.500667e-09	5.568077e+01	8.760160e+02
4.300000e-06	6.873335e-09	7.506445e-09	5.576427e+01	8.767641e+02
4.310000e-06	6.883099e-09	7.509077e-09	5.584348e+01	8.774929e+02
4.320000e-06	6.892370e-09	7.509807e-09	5.591870e+01	8.782019e+02
4.330000e-06	6.901209e-09	7.511475e-09	5.599041e+01	8.788905e+02
4.340000e-06	6.909720e-09	7.516981e-09	5.605946e+01	8.795582e+02
4.350000e-06	6.917983e-09	7.523942e-09	5.612650e+01	8.802043e+02
4.360000e-06	6.926068e-09	7.530010e-09	5.619210e+01	8.808285e+02
4.370000e-06	6.933963e-09	7.534201e-09	5.625615e+01	8.814300e+02
4.380000e-06	6.941588e-09	7.537865e-09	5.631801e+01	8.820084e+02
4.390000e-06	6.948880e-09	7.541977e-09	5.637717e+01	8.825632e+02
4.400000e-06	6.955814e-09	7.545615e-09	5.643343e+01	8.830937e+02
4.410000e-06	6.962418e-09	7.549226e-09	5.648701e+01	8.835997e+02
4.420000e-06	6.968705e-09	7.551237e-09	5.653802e+01	8.840805e+02
4.430000e-06	6.974715e-09	7.552431e-09	5.658678e+01	8.845359e+02
4.440000e-06	6.980460e-09	7.554026e-09	5.663338e+01	8.849655e+02
4.450000e-06	6.985876e-09	7.556945e-09	5.667733e+01	8.853691e+02
4.460000e-06	6.990939e-09	7.560743e-09	5.671840e+01	8.857463e+02
4.470000e-06	6.995672e-09	7.563916e-09	5.675680e+01	8.860971e+02
4.480000e-06	7.000146e-09	7.567850e-09	5.679310e+01	8.864213e+02
4.490000e-06	7.004445e-09	7.571367e-09	5.682798e+01	8.867189e+02
4.500000e-06	7.008570e-09	7.572394e-09	5.686144e+01	8.869898e+02
4.510000e-06	7.012494e-09	7.569935e-09	5.689328e+01	8.872343e+02
4.520000e-06	7.016199e-09	7.567540e-09	5.692334e+01	8.874524e+02
4.530000e-06	7.019607e-09	7.568289e-09	5.695099e+01	8.876443e+02
4.540000e-06	7.022616e-09	7.570745e-09	5.697540e+01	8.878104e+02
4.550000e-06	7.025114e-09	7.574007e-09	5.699567e+01	8.879510e+02
4.560000e-06	7.027065e-09	7.575976e-09	5.701150e+01	8.880665e+02
4.570000e-06	7.028507e-09	7.577386e-09	5.702320e+01	8.881573e+02
4.580000e-06	7.029503e-09	7.578966e-09	5.703128e+01	8.882239e+02
4.590000e-06	7.030144e-09	7.580534e-09	5.703648e+01	8.882670e+02
4.600000e-06	7.030533e-09	7.581816e-09	5.703963e+01	8.882871e+02
4.610000e-06	7.030735e-09	7.582190e-09	5.704128e+01	8.882849e+02
4.620000e-06	7.030727e-09	7.583429e-09	5.704121e+01	8.882610e+02
4.630000e-06	7.030468e-09	7.585209e-09	5.703910e+01	8.882162e+02
4.640000e-06	7.029909e-09	7.588248e-09	5.703458e+01	8.881512e+02
4.650000e-06	7.029033e-09	7.591422e-09	5.702746e+01	8.880667e+02
4.660000e-06	7.027845e-09	7.593628e-09	5.701783e+01	8.879636e+02
4.670000e-06	7.026341e-09	7.595969e-09	5.700562e+01	8.878426e+02
4.680000e-06	7.024560e-09	7.598447e-09	5.699118e+01	8.877046e+02
4.690000e-06	7.022550e-09	7.601746e-09	5.697487e+01	8.875501e+02
4.700000e-06	7.020303e-09	7.598104e-09	5.695664e+01	8.873802e+02
4.710000e-06	7.017736e-09	7.580455e-09	5.693581e+01	8.871954e+02
4.720000e-06	7.014778e-09	7.558403e-09	5.691182e+01	8.869965e+02
4.730000e-06	7.011432e-09	7.582028e-09	5.688467e+01	8.867843e+02
4.740000e-06	7.007776e-09	7.626368e-09	5.685500e+01	8.865595e+02
4.750000e-06	7.003938e-09	7.634410e-09	5.682387e+01	8.863225e+02
4.760000e-06	6.999951e-09	7.582786e-09	5.679152e+01	8.860742e+02
4.770000e-06	6.995734e-09	7.551053e-09	5.675731e+01	8.858150e+02
4.780000e-06	6.991211e-09	7.580472e-09	5.672061e+01	8.855455e+02
4.790000e-06	6.986354e-09	7.530019e-09	5.668121e+01	8.852662e+02
4.800000e-06	6.981060e-09	7.486206e-09	5.663825e+01	8.849774e+02
4.810000e-06	6.975147e-09	7.549286e-09	5.659028e+01	8.846796e+02
4.820000e-06	6.968609e-09	7.548098e-09	5.653724e+01	8.843730e+02
4.830000e-06	6.961613e-09	7.509015e-09	5.648048e+01	8.840580e+02
4.840000e-06	6.954278e-09	7.573210e-09	5.642097e+01	8.837348e+02
4.850000e-06	6.946683e-09	7.610310e-09	5.635935e+01	8.834034e+02
4.860000e-06	6.938875e-09	7.555578e-09	5.629601e+01	8.830641e+02
4.870000e-06	6.930845e-09	7.575482e-09	5.623086e+01	8.827169e+02
4.880000e-06	6.922590e-09	7.600307e-09	5.616388e+01	8.823618e+02
4.890000e-06	6.914099e-09	7.544607e-09	5.609499e+01	8.819987e+02
4.900000e-06	6.905299e-09	7.568923e-09	5.602360e+01	8.816276e+02
4.910000e-06	6.896142e-09	7.571958e-09	5.594930e+01	8.812483e+02
4.920000e-06	6.886710e-09	7.536603e-09	5.587279e+01	8.808607e+02
4.930000e-06	6.877059e-09	7.559154e-09	5.579448e+01	8.804646e+02
4.940000e-06	6.867141e-09	7.540990e-09	5.571402e+01	8.800596e+02
4.950000e-06	6.856945e-09	7.531626e-09	5.563130e+01	8.796456e+02
4.960000e-06	6.846422e-09	7.557619e-09	5.554592e+01	8.792222e+02
4.970000e-06	6.835546e-09	7.541575e-09	5.545769e+01	8.787892e+02
4.980000e-06	6.824376e-09	7.532212e-09	5.536707e+01	8.783461e+02
4.990000e-06	6.812896e-09	7.548916e-09	5.527392e+01	8.778928e+02
5.000000e-06	6.801098e-09	7.511255e-09	5.517820e+01	8.774287e+02
5.010000e-06	6.788993e-09	7.506691e-09	5.508000e+01	8.769536e+02
5.020000e-06	6.776520e-09	7.516635e-09	5.497880e+01	8.764672e+02
5.030000e-06	6.763619e-09	7.491408e-09	5.487414e+01	8.759690e+02
5.040000e-06	6.750183e-09	7.515404e-09	5.476512e+01	8.754587e+02
5.050000e-06	6.736163e-09	7.504795e-09	5.465138e+01	8.749361e+02
5.060000e-06	6.721636e-09	7.497377e-09	5.453352e+01	8.744008e+02
5.070000e-06	6.706656e-09	7.504205e-09	5.441199e+01	8.738526e+02
5.080000e-06	6.691304e-09	7.477534e-09	5.428744e+01	8.732912e+02
5.090000e-06	6.675678e-09	7.476270e-09	5.416066e+01	8.727163e+02
5.100000e-06	6.659816e-09	7.460937e-09	5.403197e+01	8.721279e+02
5.110000e-06	6.643730e-09	7.452120e-09	5.390146e+01	8.715257e+02
5.120000e-06	6.627394e-09	7.463432e-09	5.376892e+01	8.709096e+02
5.130000e-06	6.610751e-09	7.457455e-09	5.363389e+01	8.702795e+02
5.140000e-06	6.593781e-09	7.453363e-09	5.349622e+01	8.696354e+02
5.150000e-06	6.576522e-09	7.449870e-09	5.335619e+01	8.689773e+02
5.160000e-06	6.558970e-09	7.441215e-09	5.321379e+01	8.683052e+02
5.170000e-06	6.541113e-09	7.438835e-09	5.306892e+01	8.676191e+02
5.180000e-06	6.522984e-09	7.424226e-09	5.292183e+01	8.669191e+02
5.190000e-06	6.504599e-09	7.411953e-09	5.277267e+01	8.662054e+02
5.200000e-06	6.485917e-09	7.409465e-09	5.262110e+01	8.654782e+02
5.210000e-06	6.466920e-09	7.397935e-09	5.246697e+01	8.647375e+02
5.220000e-06	6.447664e-09	7.399585e-09	5.231075e+01	8.639838e+02
5.230000e-06	6.428192e-09	7.390078e-09	5.215277e+01	8.632171e+02
5.240000e-06	6.408528e-09	7.385870e-09	5.199323e+01	8.624378e+02
5.250000e-06	6.388722e-09	7.384965e-09	5.183255e+01	8.616461e+02
5.260000e-06	6.368765e-09	7.372831e-09	5.167064e+01	8.608424e+02
5.270000e-06	6.348618e-09	7.371772e-09	5.150718e+01	8.600270e+02
5.280000e-06	6.328243e-09	7.355553e-09	5.134187e+01	8.592001e+02
5.290000e-06	6.307550e-09	7.351222e-09	5.117399e+01	8.583622e+02
5.300000e-06	6.286423e-09	7.345404e-09	5.100258e+01	8.575136e+02
5.310000e-06	6.264796e-09	7.336631e-09	5.082712e+01	8.566545e+02
5.320000e-06	6.242689e-09	7.335343e-09	5.064776e+01	8.557854e+02
5.330000e-06	6.220135e-09	7.323460e-09	5.046478e+01	8.549064e+02
5.340000e-06	6.197186e-09	7.322558e-09	5.027860e+01	8.540179e+02
5.350000e-06	6.173908e-09	7.313350e-09	5.008974e+01	8.531201e+02
5.360000e-06	6.150357e-09	7.306192e-09	4.989866e+01	8.522133e+02
5.370000e-06	6.126593e-09	7.298581e-09	4.970587e+01	8.512977e+02
5.380000e-06	6.102645e-09	7.289376e-09	4.951157e+01	8.503734e+02
5.390000e-06	6.078477e-09	7.285115e-09	4.931549e+01	8.494406e+02
5.400000e-06	6.054056e-09	7.272882e-09	4.911736e+01	8.484994e+02
5.410000e-06	6.029371e-09	7.267188e-09	4.891709e+01	8.475498e+02
5.420000e-06	6.004414e-09	7.258151e-09	4.871461e+01	8.465919e+02
5.430000e-06	5.979174e-09	7.252096e-09	4.850983e+01	8.456256e+02
5.440000e-06	5.953651e-09	7.244300e-09	4.830276e+01	8.446508e+02
5.450000e-06	5.927847e-09	7.235779e-09	4.809341e+01	8.436675e+02
5.460000e-06	5.901758e-09	7.231731e-09	4.788175e+01	8.426754e+02
5.470000e-06	5.875388e-09	7.223066e-09	4.766781e+01	8.416743e+02
5.480000e-06	5.848719e-09	7.217658e-09	4.745144e+01	8.406641e+02
5.490000e-06	5.821779e-09	7.207724e-09	4.723287e+01	8.396442e+02
5.500000e-06	5.794602e-09	7.199548e-09	4.701238e+01	8.386145e+02
5.510000e-06	5.767204e-09	7.188393e-09	4.679010e+01	8.375745e+02
5.520000e-06	5.739622e-09	7.175893e-09	4.656632e+01	8.365238e+02
5.530000e-06	5.711868e-09	7.167073e-09	4.634114e+01	8.354618e+02
5.540000e-06	5.683940e-09	7.158427e-09	4.611456e+01	8.343881e+02
5.550000e-06	5.655826e-09	7.154153e-09	4.588647e+01	8.333022e+02
5.560000e-06	5.627502e-09	7.144047e-09	4.565668e+01	8.322035e+02
5.570000e-06	5.598914e-09	7.132514e-09	4.542473e+01	8.310914e+02
5.580000e-06	5.570019e-09	7.120121e-09	4.519031e+01	8.299652e+02
5.590000e-06	5.540801e-09	7.109482e-09	4.495326e+01	8.288244e+02
5.600000e-06	5.511219e-09	7.099995e-09	4.471326e+01	8.276683e+02
5.610000e-06	5.481238e-09	7.087118e-09	4.447002e+01	8.264964e+02
5.620000e-06	5.450872e-09	7.075856e-09	4.422365e+01	8.253078e+02
5.630000e-06	5.420158e-09	7.064800e-09	4.397447e+01	8.241022e+02
5.640000e-06	5.389136e-09	7.055910e-09	4.372279e+01	8.228787e+02
5.650000e-06	5.357833e-09	7.044678e-09	4.346882e+01	8.216368e+02
5.660000e-06	5.326276e-09	7.031925e-09	4.321280e+01	8.203760e+02
5.670000e-06	5.294525e-09	7.019479e-09	4.295519e+01	8.190956e+02
5.680000e-06	5.262604e-09	7.006993e-09	4.269621e+01	8.177952e+02
5.690000e-06	5.230516e-09	6.995655e-09	4.243588e+01	8.164742e+02
5.700000e-06	5.198226e-09	6.983950e-09	4.217391e+01	8.151323e+02
5.710000e-06	5.165713e-09	6.973127e-09	4.191012e+01	8.137689e+02
5.720000e-06	5.132971e-09	6.960382e-09	4.164448e+01	8.123837e+02
5.730000e-06	5.099966e-09	6.947475e-09	4.137671e+01	8.109764e+02
5.740000e-06	5.066724e-09	6.935642e-09	4.110702e+01	8.095468e+02
5.750000e-06	5.033279e-09	6.924406e-09	4.083567e+01	8.080946e+02
5.760000e-06	4.999609e-09	6.913581e-09	4.056250e+01	8.066196e+02
5.770000e-06	4.965692e-09	6.902775e-09	4.028733e+01	8.051217e+02
5.780000e-06	4.931511e-09	6.893316e-09	4.001001e+01	8.036010e+02
5.790000e-06	4.897081e-09	6.880147e-09	3.973068e+01	8.020574e+02
5.800000e-06	4.862422e-09	6.863595e-09	3.944948e+01	8.004909e+02
5.810000e-06	4.827530e-09	6.846964e-09	3.916640e+01	7.989016e+02
5.820000e-06	4.792436e-09	6.832407e-09	3.888168e+01	7.972898e+02
5.830000e-06	4.757166e-09	6.820828e-09	3.859553e+01	7.956556e+02
5.840000e-06	4.721719e-09	6.809257e-09	3.830795e+01	7.939993e+02
5.850000e-06	4.686102e-09	6.796831e-09	3.801897e+01	7.923212e+02
5.860000e-06	4.650329e-09	6.784372e-09	3.772874e+01	7.906217e+02
5.870000e-06	4.614422e-09	6.772284e-09	3.743742e+01	7.889010e+02
5.880000e-06	4.578372e-09	6.755192e-09	3.714495e+01	7.871596e+02
5.890000e-06	4.542159e-09	6.734204e-09	3.685114e+01	7.853979e+02
5.900000e-06	4.505753e-09	6.716518e-09	3.655578e+01	7.836164e+02
5.910000e-06	4.469127e-09	6.703502e-09	3.625863e+01	7.818155e+02
5.920000e-06	4.432250e-09	6.693582e-09	3.595944e+01	7.799957e+02
5.930000e-06	4.395135e-09	6.682635e-09	3.565833e+01	7.781574e+02
5.940000e-06	4.357768e-09	6.669888e-09	3.535516e+01	7.763011e+02
5.950000e-06	4.320078e-09	6.656404e-09	3.504938e+01	7.744272e+02
5.960000e-06	4.282097e-09	6.641844e-09	3.474124e+01	7.725361e+02
5.970000e-06	4.243867e-09	6.624962e-09	3.443108e+01	7.706282e+02
5.980000e-06	4.205365e-09	6.606139e-09	3.411870e+01	7.687039e+02
5.990000e-06	4.166614e-09	6.588297e-09	3.380431e+01	7.667635e+02
6.000000e-06	4.127659e-09	6.572618e-09	3.348826e+01	7.648072e+02
6.010000e-06	4.088478e-09	6.559251e-09	3.317038e+01	7.628352e+02
6.020000e-06	4.049065e-09	6.545513e-09	3.285062e+01	7.608478e+02
6.030000e-06	4.009469e-09	6.530300e-09	3.252938e+01	7.588448e+02
6.040000e-06	3.969733e-09	6.514417e-09	3.220699e+01	7.568264e+02
6.050000e-06	3.929869e-09	6.498518e-09	3.188356e+01	7.547925e+02
6.060000e-06	3.889870e-09	6.481654e-09	3.155905e+01	7.527430e+02
6.070000e-06	3.849724e-09	6.463254e-09	3.123334e+01	7.506775e+02
6.080000e-06	3.809412e-09	6.445040e-09	3.090628e+01	7.485959e+02
6.090000e-06	3.768945e-09	6.426943e-09	3.057797e+01	7.464975e+02
6.100000e-06	3.728327e-09	6.408811e-09	3.024843e+01	7.443821e+02
6.110000e-06	3.687539e-09	6.389527e-09	2.991751e+01	7.422489e+02
6.120000e-06	3.646606e-09	6.369864e-09	2.958542e+01	7.400972e+02
6.130000e-06	3.605517e-09	6.351629e-09	2.925205e+01	7.379263e+02
6.140000e-06	3.564226e-09	6.334526e-09	2.891706e+01	7.357353e+02
6.150000e-06	3.522740e-09	6.316912e-09	2.858047e+01	7.335233e+02
6.160000e-06	3.481081e-09	6.297598e-09	2.824249e+01	7.312891e+02
6.170000e-06	3.439269e-09	6.278411e-09	2.790327e+01	7.290317e+02
6.180000e-06	3.397310e-09	6.257659e-09	2.756285e+01	7.267498e+02
6.190000e-06	3.355221e-09	6.235629e-09	2.722138e+01	7.244421e+02
6.200000e-06	3.312957e-09	6.213362e-09	2.687848e+01	7.221072e+02
6.210000e-06	3.270542e-09	6.189366e-09	2.653436e+01	7.197438e+02
6.220000e-06	3.228037e-09	6.165181e-09	2.618952e+01	7.173503e+02
6.230000e-06	3.185408e-09	6.143087e-09	2.584366e+01	7.149253e+02
6.240000e-06	3.142654e-09	6.125231e-09	2.549679e+01	7.124670e+02
6.250000e-06	3.099780e-09	6.108147e-09	2.514894e+01	7.099740e+02
6.260000e-06	3.056776e-09	6.086958e-09	2.480005e+01	7.074446e+02
6.270000e-06	3.013664e-09	6.061778e-09	2.445027e+01	7.048772e+02
6.280000e-06	2.970471e-09	6.035947e-09	2.409985e+01	7.022700e+02
6.290000e-06	2.927178e-09	6.009609e-09	2.374860e+01	6.996214e+02
6.300000e-06	2.883795e-09	5.981514e-09	2.339663e+01	6.969298e+02
6.310000e-06	2.840332e-09	5.953290e-09	2.304401e+01	6.941935e+02
6.320000e-06	2.796776e-09	5.924262e-09	2.269063e+01	6.914110e+02
6.330000e-06	2.753133e-09	5.896507e-09	2.233655e+01	6.885808e+02
6.340000e-06	2.709409e-09	5.871480e-09	2.198181e+01	6.857012e+02
6.350000e-06	2.665586e-09	5.847885e-09	2.162627e+01	6.827708e+02
6.360000e-06	2.621660e-09	5.825189e-09	2.126989e+01	6.797883e+02
6.370000e-06	2.577638e-09	5.798098e-09	2.091274e+01	6.767524e+02
6.380000e-06	2.533525e-09	5.768947e-09	2.055484e+01	6.736617e+02
6.390000e-06	2.489322e-09	5.740291e-09	2.019621e+01	6.705153e+02
6.400000e-06	2.445036e-09	5.712631e-09	1.983692e+01	6.673120e+02
6.410000e-06	2.400649e-09	5.685029e-09	1.947679e+01	6.640508e+02
6.420000e-06	2.356154e-09	5.654084e-09	1.911580e+01	6.607310e+02
6.430000e-06	2.311556e-09	5.623429e-09	1.875397e+01	6.573518e+02
6.440000e-06	2.266819e-09	5.593426e-09	1.839101e+01	6.539125e+02
6.450000e-06	2.221955e-09	5.564871e-09	1.802703e+01	6.504127e+02
6.460000e-06	2.177014e-09	5.532746e-09	1.766241e+01	6.468519e+02
6.470000e-06	2.132008e-09	5.498705e-09	1.729728e+01	6.432299e+02
6.480000e-06	2.086903e-09	5.469085e-09	1.693133e+01	6.395464e+02
6.490000e-06	2.041666e-09	5.442266e-09	1.656432e+01	6.358014e+02
6.500000e-06	1.996327e-09	5.416391e-09	1.619648e+01	6.319949e+02
6.510000e-06	1.950903e-09	5.386027e-09	1.582795e+01	6.281270e+02
6.520000e-06	1.905386e-09	5.352428e-09	1.545867e+01	6.241981e+02
6.530000e-06	1.859806e-09	5.317115e-09	1.508886e+01	6.202083e+02
6.540000e-06	1.814165e-09	5.281976e-09	1.471857e+01	6.161581e+02
6.550000e-06	1.768450e-09	5.247619e-09	1.434768e+01	6.120480e+02
6.560000e-06	1.722663e-09	5.214422e-09	1.397621e+01	6.078785e+02
6.570000e-06	1.676779e-09	5.182937e-09	1.360394e+01	6.036502e+02
6.580000e-06	1.630785e-09	5.148107e-09	1.323079e+01	5.993637e+02
6.590000e-06	1.584735e-09	5.109762e-09	1.285718e+01	5.950197e+02
6.600000e-06	1.538665e-09	5.068399e-09	1.248341e+01	5.906189e+02
6.610000e-06	1.492541e-09	5.027564e-09	1.210920e+01	5.861621e+02
6.620000e-06	1.446354e-09	4.988073e-09	1.173448e+01	5.816497e+02
6.630000e-06	1.400119e-09	4.949622e-09	1.135936e+01	5.770827e+02
6.640000e-06	1.353829e-09	4.912471e-09	1.098381e+01	5.724615e+02
6.650000e-06	1.307478e-09	4.873523e-09	1.060775e+01	5.677869e+02
6.660000e-06	1.261063e-09	4.834065e-09	1.023119e+01	5.630592e+02
6.670000e-06	1.214606e-09	4.793024e-09	9.854271e+00	5.582790e+02
6.680000e-06	1.168112e-09	4.750365e-09	9.477061e+00	5.534467e+02
6.690000e-06	1.121557e-09	4.707483e-09	9.099348e+00	5.485624e+02
6.700000e-06	1.074960e-09	4.664235e-09	8.721304e+00	5.436264e+02
6.710000e-06	1.028320e-09	4.620361e-09	8.342906e+00	5.386387e+02
6.720000e-06	9.816317e-10	4.576590e-09	7.964115e+00	5.335991e+02
6.730000e-06	9.348951e-10	4.535038e-09	7.584935e+00	5.285073e+02
6.740000e-06	8.880949e-10	4.493087e-09	7.205238e+00	5.233630e+02
6.750000e-06	8.412495e-10	4.447970e-09	6.825176e+00	5.181655e+02
6.760000e-06	7.943624e-10	4.401266e-09	6.444775e+00	5.129141e+02
6.770000e-06	7.474479e-10	4.355732e-09	6.064151e+00	5.076077e+02
6.780000e-06	7.005050e-10	4.310256e-09	5.683297e+00	5.022452e+02
6.790000e-06	6.535056e-10	4.262360e-09	5.301985e+00	4.968251e+02
6.800000e-06	6.064647e-10	4.211946e-09	4.920335e+00	4.913460e+02
6.810000e-06	5.593691e-10	4.161967e-09	4.538243e+00	4.858061e+02
6.820000e-06	5.122579e-10	4.115354e-09	4.156024e+00	4.802032e+02
6.830000e-06	4.651609e-10	4.068700e-09	3.773920e+00	4.745354e+02
6.840000e-06	4.180147e-10	4.018608e-09	3.391418e+00	4.688001e+02
6.850000e-06	3.708198e-10	3.963798e-09	3.008519e+00	4.629947e+02
6.860000e-06	3.236109e-10	3.908763e-09	2.625507e+00	4.571165e+02
6.870000e-06	2.764103e-10	3.857601e-09	2.242563e+00	4.511625e+02
6.880000e-06	2.292150e-10	3.806423e-09	1.859661e+00	4.451295e+02
6.890000e-06	1.820095e-10	3.751798e-09	1.476677e+00	4.390142e+02
6.900000e-06	1.348030e-10	3.693788e-09	1.093686e+00	4.328132e+02
6.910000e-06	8.760650e-11	3.635765e-09	7.107748e-01	4.265227e+02
6.920000e-06	4.040582e-11	3.578784e-09	3.278300e-01	4.201391e+02
6.930000e-06	-6.813546e-12	3.521909e-09	-5.526597e-02	4.136586e+02
6.940000e-06	-5.400736e-11	3.463770e-09	-4.381550e-01	4.070770e+02
6.950000e-06	-1.011372e-10	3.405837e-09	-8.205254e-01	4.003905e+02
6.960000e-06	-1.482177e-10	3.349776e-09	-1.202495e+00	3.935949e+02
6.970000e-06	-1.952996e-10	3.293654e-09	-1.584477e+00	3.866862e+02
6.980000e-06	-2.423623e-10	3.234408e-09	-1.966302e+00	3.796602e+02
6.990000e-06	-2.893931e-10	3.170455e-09	-2.347869e+00	3.725128e+02
7.000000e-06	-3.364081e-10	3.106435e-09	-2.729308e+00	3.652399e+02
7.010000e-06	-3.833952e-10	3.043859e-09	-3.110521e+00	3.578376e+02
7.020000e-06	-4.303776e-10	2.980169e-09	-3.491695e+00	3.503019e+02
7.030000e-06	-4.773399e-10	2.913290e-09	-3.872706e+00	3.426291e+02
7.040000e-06	-5.242863e-10	2.846748e-09	-4.253587e+00	3.348153e+02
7.050000e-06	-5.712117e-10	2.780904e-09	-4.634300e+00	3.268573e+02
7.060000e-06	-6.181239e-10	2.712852e-09	-5.014904e+00	3.187515e+02
7.070000e-06	-6.650065e-10	2.641691e-09	-5.395269e+00	3.104950e+02
7.080000e-06	-7.118558e-10	2.568926e-09	-5.775364e+00	3.020849e+02
7.090000e-06	-7.586889e-10	2.498649e-09	-6.155328e+00	2.935185e+02
7.100000e-06	-8.054875e-10	2.429599e-09	-6.535010e+00	2.847936e+02
7.110000e-06	-8.522429e-10	2.359630e-09	-6.914343e+00	2.759081e+02
7.120000e-06	-8.989849e-10	2.284073e-09	-7.293567e+00	2.668604e+02
7.130000e-06	-9.457108e-10	2.204444e-09	-7.672661e+00	2.576491e+02
7.140000e-06	-9.923808e-10	2.122621e-09	-8.051302e+00	2.482733e+02
7.150000e-06	-1.039009e-09	2.039680e-09	-8.429601e+00	2.387324e+02
7.160000e-06	-1.085596e-09	1.959002e-09	-8.807568e+00	2.290262e+02
7.170000e-06	-1.132152e-09	1.877373e-09	-9.185283e+00	2.191551e+02
7.180000e-06	-1.178679e-09	1.796622e-09	-9.562767e+00	2.091196e+02
7.190000e-06	-1.225150e-09	1.717051e-09	-9.939792e+00	1.989208e+02
7.200000e-06	-1.271557e-09	1.634425e-09	-1.031630e+01	1.885604e+02
7.210000e-06	-1.317908e-09	1.545971e-09	-1.069235e+01	1.780404e+02
7.220000e-06	-1.364214e-09	1.451048e-09	-1.106804e+01	1.673632e+02
7.230000e-06	-1.410446e-09	1.355414e-09	-1.144312e+01	1.565318e+02
7.240000e-06	-1.456596e-09	1.261560e-09	-1.181754e+01	1.455495e+02
7.250000e-06	-1.502685e-09	1.170035e-09	-1.219147e+01	1.344203e+02
7.260000e-06	-1.548704e-09	1.077508e-09	-1.256483e+01	1.231484e+02
7.270000e-06	-1.594633e-09	9.832695e-10	-1.293746e+01	1.117385e+02
7.280000e-06	-1.640475e-09	8.896886e-10	-1.330938e+01	1.001960e+02
7.290000e-06	-1.686246e-09	7.936525e-10	-1.368073e+01	8.852642e+01
7.300000e-06	-1.731949e-09	6.919147e-10	-1.405152e+01	7.673577e+01
7.310000e-06	-1.777579e-09	5.831939e-10	-1.442172e+01	6.483052e+01
7.320000e-06	-1.823120e-09	4.738537e-10	-1.479120e+01	5.281748e+01
7.330000e-06	-1.868552e-09	3.678961e-10	-1.515980e+01	4.070385e+01
7.340000e-06	-1.913874e-09	2.657130e-10	-1.552750e+01	2.849714e+01
7.350000e-06	-1.959118e-09	1.635685e-10	-1.589457e+01	1.620521e+01
7.360000e-06	-2.004298e-09	5.786343e-11	-1.626112e+01	3.836185e+00
7.370000e-06	-2.049388e-09	-4.806659e-11	-1.662695e+01	-8.601522e+00
7.380000e-06	-2.094386e-09	-1.538362e-10	-1.699201e+01	-2.109927e+01
7.390000e-06	-2.139303e-09	-2.633274e-10	-1.735643e+01	-3.364819e+01
7.400000e-06	-2.184126e-09	-3.784709e-10	-1.772009e+01	-4.623924e+01
7.410000e-06	-2.228863e-09	-4.936866e-10	-1.808305e+01	-5.886324e+01
7.420000e-06	-2.273511e-09	-6.037787e-10	-1.844528e+01	-7.151087e+01
7.430000e-06	-2.318069e-09	-7.089721e-10	-1.880679e+01	-8.417274e+01
7.440000e-06	-2.362553e-09	-8.139349e-10	-1.916769e+01	-9.683937e+01
7.450000e-06	-2.406949e-09	-9.223883e-10	-1.952788e+01	-1.095013e+02
7.460000e-06	-2.451262e-09	-1.030994e-09	-1.988739e+01	-1.221491e+02
7.470000e-06	-2.495483e-09	-1.136680e-09	-2.024617e+01	-1.347733e+02
7.480000e-06	-2.539632e-09	-1.240065e-09	-2.060435e+01	-1.473645e+02
7.490000e-06	-2.583720e-09	-1.345679e-09	-2.096205e+01	-1.599136e+02
7.500000e-06	-2.627710e-09	-1.455899e-09	-2.131895e+01	-1.724114e+02
7.510000e-06	-2.671610e-09	-1.565714e-09	-2.167512e+01	-1.848490e+02
7.520000e-06	-2.715441e-09	-1.671903e-09	-2.203072e+01	-1.972176e+02
7.530000e-06	-2.759191e-09	-1.777142e-09	-2.238567e+01	-2.095089e+02
7.540000e-06	-2.802834e-09	-1.884586e-09	-2.273975e+01	-2.217145e+02
7.550000e-06	-2.846359e-09	-1.990594e-09	-2.309288e+01	-2.338264e+02
7.560000e-06	-2.889790e-09	-2.092047e-09	-2.344524e+01	-2.458371e+02
7.570000e-06	-2.933116e-09	-2.192010e-09	-2.379675e+01	-2.577393e+02
7.580000e-06	-2.976297e-09	-2.294001e-09	-2.414709e+01	-2.695259e+02
7.590000e-06	-3.019350e-09	-2.398013e-09	-2.449638e+01	-2.811903e+02
7.600000e-06	-3.062304e-09	-2.500286e-09	-2.484487e+01	-2.927265e+02
7.610000e-06	-3.105133e-09	-2.597220e-09	-2.519235e+01	-3.041285e+02
7.620000e-06	-3.147811e-09	-2.690108e-09	-2.553860e+01	-3.153910e+02
7.630000e-06	-3.190348e-09	-2.783034e-09	-2.588371e+01	-3.265091e+02
7.640000e-06	-3.232740e-09	-2.875995e-09	-2.622764e+01	-3.374782e+02
7.650000e-06	-3.274996e-09	-2.966410e-09	-2.657047e+01	-3.482943e+02
7.660000e-06	-3.317098e-09	-3.055462e-09	-2.691205e+01	-3.589538e+02
7.670000e-06	-3.359031e-09	-3.145356e-09	-2.725226e+01	-3.694536e+02
7.680000e-06	-3.400802e-09	-3.236671e-09	-2.759115e+01	-3.797909e+02
7.690000e-06	-3.442408e-09	-3.325547e-09	-2.792871e+01	-3.899635e+02
7.700000e-06	-3.483849e-09	-3.408728e-09	-2.826492e+01	-3.999696e+02
7.710000e-06	-3.525124e-09	-3.489455e-09	-2.859979e+01	-4.098078e+02
7.720000e-06	-3.566233e-09	-3.571134e-09	-2.893331e+01	-4.194772e+02
7.730000e-06	-3.607205e-09	-3.653197e-09	-2.926572e+01	-4.289774e+02
7.740000e-06	-3.648039e-09	-3.729679e-09	-2.959702e+01	-4.383082e+02
7.750000e-06	-3.688708e-09	-3.802332e-09	-2.992696e+01	-4.474700e+02
7.760000e-06	-3.729241e-09	-3.876607e-09	-3.025581e+01	-4.564634e+02
7.770000e-06	-3.769651e-09	-3.953493e-09	-3.058367e+01	-4.652896e+02
7.780000e-06	-3.809908e-09	-4.031004e-09	-3.091028e+01	-4.739498e+02
7.790000e-06	-3.850043e-09	-4.104757e-09	-3.123590e+01	-4.824459e+02
7.800000e-06	-3.890066e-09	-4.175515e-09	-3.156061e+01	-4.907799e+02
7.810000e-06	-3.929960e-09	-4.245858e-09	-3.188428e+01	-4.989541e+02
7.820000e-06	-3.969714e-09	-4.317227e-09	-3.220681e+01	-5.069710e+02
7.830000e-06	-4.009338e-09	-4.386969e-09	-3.252829e+01	-5.148336e+02
7.840000e-06	-4.048834e-09	-4.451893e-09	-3.284872e+01	-5.225449e+02
7.850000e-06	-4.088201e-09	-4.514694e-09	-3.316811e+01	-5.301080e+02
7.860000e-06	-4.127403e-09	-4.577612e-09	-3.348616e+01	-5.375263e+02
7.870000e-06	-4.166378e-09	-4.640723e-09	-3.380237e+01	-5.448034e+02
7.880000e-06	-4.205096e-09	-4.701824e-09	-3.411650e+01	-5.519429e+02
7.890000e-06	-4.243552e-09	-4.760922e-09	-3.442849e+01	-5.589485e+02
7.900000e-06	-4.281728e-09	-4.819950e-09	-3.473821e+01	-5.658240e+02
7.910000e-06	-4.319604e-09	-4.878617e-09	-3.504551e+01	-5.725733e+02
7.920000e-06	-4.357135e-09	-4.937698e-09	-3.535000e+01	-5.792001e+02
7.930000e-06	-4.394321e-09	-4.992833e-09	-3.565170e+01	-5.857082e+02
7.940000e-06	-4.431216e-09	-5.043775e-09	-3.595103e+01	-5.921016e+02
7.950000e-06	-4.467842e-09	-5.093764e-09	-3.624818e+01	-5.983838e+02
7.960000e-06	-4.504228e-09	-5.143788e-09	-3.654339e+01	-6.045587e+02
7.970000e-06	-4.540398e-09	-5.195383e-09	-3.683684e+01	-6.106297e+02
7.980000e-06	-4.576402e-09	-5.246988e-09	-3.712894e+01	-6.166004e+02
7.990000e-06	-4.612262e-09	-5.301135e-09	-3.741988e+01	-6.224742e+02
8.000000e-06	-4.647979e-09	-5.358541e-09	-3.770966e+01	-6.282541e+02
8.010000e-06	-4.683557e-09	-5.416264e-09	-3.799831e+01	-6.339433e+02
8.020000e-06	-4.718980e-09	-5.469379e-09	-3.828570e+01	-6.395448e+02
8.030000e-06	-4.754220e-09	-5.514215e-09	-3.857161e+01	-6.450612e+02
8.040000e-06	-4.789268e-09	-5.554203e-09	-3.885595e+01	-6.504950e+02
8.050000e-06	-4.824102e-09	-5.594497e-09	-3.913857e+01	-6.558487e+02
8.060000e-06	-4.858693e-09	-5.640632e-09	-3.941921e+01	-6.611244e+02
8.070000e-06	-4.893058e-09	-5.689878e-09	-3.969802e+01	-6.663241e+02
8.080000e-06	-4.927208e-09	-5.737395e-09	-3.997508e+01	-6.714496e+02
8.090000e-06	-4.961141e-09	-5.785483e-09	-4.025038e+01	-6.765024e+02
8.100000e-06	-4.994840e-09	-5.834023e-09	-4.052379e+01	-6.814839e+02
8.110000e-06	-5.028315e-09	-5.879370e-09	-4.079537e+01	-6.863953e+02
8.120000e-06	-5.061573e-09	-5.918064e-09	-4.106521e+01	-6.912376e+02
8.130000e-06	-5.094570e-09	-5.952566e-09	-4.133291e+01	-6.960116e+02
8.140000e-06	-5.127334e-09	-5.989798e-09	-4.159873e+01	-7.007180e+02
8.150000e-06	-5.159909e-09	-6.032709e-09	-4.186301e+01	-7.053572e+02
8.160000e-06	-5.192283e-09	-6.075605e-09	-4.212567e+01	-7.099294e+02
8.170000e-06	-5.224469e-09	-6.114500e-09	-4.238680e+01	-7.144350e+02
8.180000e-06	-5.256495e-09	-6.152933e-09	-4.264663e+01	-7.188738e+02
8.190000e-06	-5.288338e-09	-6.192575e-09	-4.290498e+01	-7.232457e+02
8.200000e-06	-5.319972e-09	-6.232291e-09	-4.316163e+01	-7.275506e+02
8.210000e-06	-5.351413e-09	-6.269231e-09	-4.341671e+01	-7.317880e+02
8.220000e-06	-5.382611e-09	-6.304691e-09	-4.366983e+01	-7.359576e+02
8.230000e-06	-5.413507e-09	-6.341739e-09	-4.392049e+01	-7.400588e+02
8.240000e-06	-5.444068e-09	-6.379724e-09	-4.416844e+01	-7.440912e+02
8.250000e-06	-5.474244e-09	-6.415402e-09	-4.441326e+01	-7.480540e+02
8.260000e-06	-5.503990e-09	-6.446361e-09	-4.465459e+01	-7.519467e+02
8.270000e-06	-5.533326e-09	-6.477734e-09	-4.489259e+01	-7.557686e+02
8.280000e-06	-5.562281e-09	-6.512621e-09	-4.512751e+01	-7.595191e+02
8.290000e-06	-5.590865e-09	-6.549977e-09	-4.535941e+01	-7.631974e+02
8.300000e-06	-5.619172e-09	-6.586301e-09	-4.558907e+01	-7.668031e+02
8.310000e-06	-5.647268e-09	-6.619784e-09	-4.581702e+01	-7.703354e+02
8.320000e-06	-5.675184e-09	-6.650118e-09	-4.604350e+01	-7.737939e+02
8.330000e-06	-5.702956e-09	-6.677651e-09	-4.626883e+01	-7.771781e+02
8.340000e-06	-5.730559e-09	-6.708641e-09	-4.649277e+01	-7.804876e+02
8.350000e-06	-5.757964e-09	-6.739722e-09	-4.671511e+01	-7.837220e+02
8.360000e-06	-5.785141e-09	-6.767829e-09	-4.693560e+01	-7.868812e+02
8.370000e-06	-5.812049e-09	-6.793371e-09	-4.715391e+01	-7.899649e+02
8.380000e-06	-5.838669e-09	-6.815714e-09	-4.736988e+01	-7.929732e+02
8.390000e-06	-5.865031e-09	-6.838230e-09	-4.758376e+01	-7.959062e+02
8.400000e-06	-5.891147e-09	-6.859728e-09	-4.779565e+01	-7.987640e+02
8.410000e-06	-5.916975e-09	-6.882008e-09	-4.800519e+01	-8.015469e+02
8.420000e-06	-5.942506e-09	-6.906770e-09	-4.821232e+01	-8.042554e+02
8.430000e-06	-5.967774e-09	-6.932284e-09	-4.841733e+01	-8.068901e+02
8.440000e-06	-5.992771e-09	-6.957093e-09	-4.862014e+01	-8.094516e+02
8.450000e-06	-6.017501e-09	-6.979016e-09	-4.882077e+01	-8.119407e+02
8.460000e-06	-6.041972e-09	-6.999509e-09	-4.901931e+01	-8.143585e+02
8.470000e-06	-6.066199e-09	-7.020138e-09	-4.921586e+01	-8.167058e+02
8.480000e-06	-6.090241e-09	-7.040999e-09	-4.941092e+01	-8.189840e+02
8.490000e-06	-6.114136e-09	-7.061840e-09	-4.960478e+01	-8.211943e+02
8.500000e-06	-6.137870e-09	-7.082859e-09	-4.979734e+01	-8.233381e+02
8.510000e-06	-6.161421e-09	-7.106210e-09	-4.998841e+01	-8.254169e+02
8.520000e-06	-6.184738e-09	-7.129809e-09	-5.017759e+01	-8.274322e+02
8.530000e-06	-6.207726e-09	-7.149679e-09	-5.036410e+01	-8.293857e+02
8.540000e-06	-6.230328e-09	-7.165081e-09	-5.054747e+01	-8.312792e+02
8.550000e-06	-6.252499e-09	-7.177350e-09	-5.072735e+01	-8.331145e+02
8.560000e-06	-6.274196e-09	-7.189402e-09	-5.090337e+01	-8.348935e+02
8.570000e-06	-6.295405e-09	-7.203341e-09	-5.107544e+01	-8.366180e+02
8.580000e-06	-6.316171e-09	-7.219007e-09	-5.124392e+01	-8.382901e+02
8.590000e-06	-6.336583e-09	-7.236903e-09	-5.140952e+01	-8.399116e+02
8.600000e-06	-6.356741e-09	-7.257058e-09	-5.157307e+01	-8.414847e+02
8.610000e-06	-6.376699e-09	-7.276627e-09	-5.173499e+01	-8.430114e+02
8.620000e-06	-6.396484e-09	-7.291551e-09	-5.189551e+01	-8.444935e+02
8.630000e-06	-6.416083e-09	-7.303265e-09	-5.205452e+01	-8.459332e+02
8.640000e-06	-6.435448e-09	-7.315219e-09	-5.221163e+01	-8.473324e+02
8.650000e-06	-6.454540e-09	-7.326247e-09	-5.236653e+01	-8.486931e+02
8.660000e-06	-6.473303e-09	-7.336394e-09	-5.251875e+01	-8.500171e+02
8.670000e-06	-6.491763e-09	-7.347009e-09	-5.266852e+01	-8.513062e+02
8.680000e-06	-6.509966e-09	-7.360085e-09	-5.281621e+01	-8.525623e+02
8.690000e-06	-6.527911e-09	-7.374262e-09	-5.296180e+01	-8.537870e+02
8.700000e-06	-6.545603e-09	-7.386206e-09	-5.310533e+01	-8.549821e+02
8.710000e-06	-6.563013e-09	-7.396545e-09	-5.324658e+01	-8.561489e+02
8.720000e-06	-6.580117e-09	-7.406087e-09	-5.338535e+01	-8.572891e+02
8.730000e-06	-6.596908e-09	-7.416021e-09	-5.352158e+01	-8.584039e+02
8.740000e-06	-6.613396e-09	-7.425596e-09	-5.365534e+01	-8.594947e+02
8.750000e-06	-6.629619e-09	-7.434113e-09	-5.378696e+01	-8.605626e+02
8.760000e-06	-6.645632e-09	-7.443047e-09	-5.391688e+01	-8.616085e+02
8.770000e-06	-6.661473e-09	-7.452576e-09	-5.404540e+01	-8.626336e+02
8.780000e-06	-6.677109e-09	-7.461324e-09	-5.417226e+01	-8.636386e+02
8.790000e-06	-6.692474e-09	-7.467866e-09	-5.429692e+01	-8.646243e+02
8.800000e-06	-6.707494e-09	-7.474549e-09	-5.441878e+01	-8.655912e+02
8.810000e-06	-6.722057e-09	-7.483480e-09	-5.453693e+01	-8.665399e+02
8.820000e-06	-6.736051e-09	-7.495073e-09	-5.465046e+01	-8.674708e+02
8.830000e-06	-6.749502e-09	-7.505882e-09	-5.475959e+01	-8.683842e+02
8.840000e-06	-6.762491e-09	-7.513228e-09	-5.486498e+01	-8.692803e+02
8.850000e-06	-6.775084e-09	-7.517238e-09	-5.496714e+01	-8.701591e+02
8.860000e-06	-6.787347e-09	-7.519791e-09	-5.506663e+01	-8.710207e+02
8.870000e-06	-6.799330e-09	-7.524209e-09	-5.516385e+01	-8.718650e+02
8.880000e-06	-6.811060e-09	-7.529354e-09	-5.525902e+01	-8.726919e+02
8.890000e-06	-6.822467e-09	-7.534889e-09	-5.535157e+01	-8.735011e+02
8.900000e-06	-6.833508e-09	-7.542125e-09	-5.544114e+01	-8.742924e+02
8.910000e-06	-6.844239e-09	-7.551067e-09	-5.552820e+01	-8.750653e+02
8.920000e-06	-6.854686e-09	-7.565574e-09	-5.561296e+01	-8.758194e+02
8.930000e-06	-6.864830e-09	-7.579806e-09	-5.569526e+01	-8.765544e+02
8.940000e-06	-6.874679e-09	-7.587718e-09	-5.577517e+01	-8.772696e+02
8.950000e-06	-6.884242e-09	-7.589436e-09	-5.585275e+01	-8.779647e+02
8.960000e-06	-6.893505e-09	-7.588444e-09	-5.592790e+01	-8.786390e+02
8.970000e-06	-6.902432e-09	-7.590045e-09	-5.600033e+01	-8.792920e+02
8.980000e-06	-6.911009e-09	-7.591926e-09	-5.606992e+01	-8.799231e+02
8.990000e-06	-6.919309e-09	-7.597290e-09	-5.613726e+01	-8.805317e+02
9.000000e-06	-6.927381e-09	-7.605623e-09	-5.620275e+01	-8.811174e+02
9.010000e-06	-6.935260e-09	-7.616344e-09	-5.626667e+01	-8.816796e+02
9.020000e-06	-6.942957e-09	-7.627587e-09	-5.632911e+01	-8.822178e+02
9.030000e-06	-6.950428e-09	-7.631752e-09	-5.638973e+01	-8.827314e+02
9.040000e-06	-6.957576e-09	-7.630828e-09	-5.644773e+01	-8.832201e+02
9.050000e-06	-6.964284e-09	-7.628128e-09	-5.650214e+01	-8.836835e+02
9.060000e-06	-6.970527e-09	-7.628286e-09	-5.655279e+01	-8.841212e+02
9.070000e-06	-6.976285e-09	-7.632171e-09	-5.659951e+01	-8.845329e+02
9.080000e-06	-6.981536e-09	-7.635422e-09	-5.664211e+01	-8.849183e+02
9.090000e-06	-6.986311e-09	-7.638758e-09	-5.668086e+01	-8.852773e+02
9.100000e-06	-6.990706e-09	-7.642378e-09	-5.671651e+01	-8.856098e+02
9.110000e-06	-6.994837e-09	-7.647536e-09	-5.675003e+01	-8.859156e+02
9.120000e-06	-6.998783e-09	-7.650952e-09	-5.678204e+01	-8.861948e+02
9.130000e-06	-7.002566e-09	-7.651108e-09	-5.681273e+01	-8.864475e+02
9.140000e-06	-7.006143e-09	-7.650996e-09	-5.684176e+01	-8.866737e+02
9.150000e-06	-7.009443e-09	-7.652449e-09	-5.686852e+01	-8.868737e+02
9.160000e-06	-7.012413e-09	-7.654931e-09	-5.689262e+01	-8.870478e+02
9.170000e-06	-7.015052e-09	-7.654450e-09	-5.691403e+01	-8.871963e+02
9.180000e-06	-7.017392e-09	-7.652448e-09	-5.693301e+01	-8.873194e+02
9.190000e-06	-7.019485e-09	-7.649453e-09	-5.695000e+01	-8.874178e+02
9.200000e-06	-7.021356e-09	-7.649254e-09	-5.696518e+01	-8.874919e+02
9.210000e-06	-7.022969e-09	-7.650561e-09	-5.697827e+01	-8.875422e+02
9.220000e-06	-7.024160e-09	-7.651701e-09	-5.698793e+01	-8.875694e+02
9.230000e-06	-7.024915e-09	-7.655289e-09	-5.699406e+01	-8.875740e+02
9.240000e-06	-7.025402e-09	-7.658672e-09	-5.699800e+01	-8.875567e+02
