# Temperatura_=_20.0
# Concentracion g/m^3_=_18000.0
# C_Vs_to_Am_M_A/Vsm_=_116720831517.84952
# pendiente_HvsI_1/m_=_3716.3
# ordenada_HvsI_A/m_=_1297.0
# frecuencia_Hz_=_108228.46372136443
# Promedio de 26 ciclos

Tiempo_(s)	Campo_(V.s)	Magnetizacion_(V.s)	Campo_(kA/m)	Magnetizacion_(A/m)
0.000000e+00	-6.926798e-09	-1.335149e-08	-5.703264e+01	-1.548936e+03
1.000000e-08	-6.927033e-09	-1.335404e-08	-5.703457e+01	-1.548956e+03
2.000000e-08	-6.927090e-09	-1.335339e-08	-5.703504e+01	-1.548952e+03
3.000000e-08	-6.926943e-09	-1.335021e-08	-5.703383e+01	-1.548923e+03
4.000000e-08	-6.926535e-09	-1.334758e-08	-5.703047e+01	-1.548866e+03
5.000000e-08	-6.925781e-09	-1.335256e-08	-5.702427e+01	-1.548783e+03
6.000000e-08	-6.924571e-09	-1.335492e-08	-5.701430e+01	-1.548671e+03
7.000000e-08	-6.922867e-09	-1.335608e-08	-5.700027e+01	-1.548528e+03
8.000000e-08	-6.920647e-09	-1.336185e-08	-5.698199e+01	-1.548355e+03
9.000000e-08	-6.917884e-09	-1.336539e-08	-5.695924e+01	-1.548150e+03
1.000000e-07	-6.914649e-09	-1.333255e-08	-5.693260e+01	-1.547912e+03
1.100000e-07	-6.911086e-09	-1.328547e-08	-5.690326e+01	-1.547639e+03
1.200000e-07	-6.907305e-09	-1.333360e-08	-5.687213e+01	-1.547330e+03
1.300000e-07	-6.903373e-09	-1.342154e-08	-5.683976e+01	-1.546986e+03
1.400000e-07	-6.899255e-09	-1.342423e-08	-5.680585e+01	-1.546604e+03
1.500000e-07	-6.894841e-09	-1.324311e-08	-5.676950e+01	-1.546184e+03
1.600000e-07	-6.890079e-09	-1.321670e-08	-5.673030e+01	-1.545726e+03
1.700000e-07	-6.884996e-09	-1.347114e-08	-5.668845e+01	-1.545228e+03
1.800000e-07	-6.879590e-09	-1.324651e-08	-5.664393e+01	-1.544691e+03
1.900000e-07	-6.873852e-09	-1.294994e-08	-5.659669e+01	-1.544113e+03
2.000000e-07	-6.867833e-09	-1.325178e-08	-5.654713e+01	-1.543495e+03
2.100000e-07	-6.861497e-09	-1.328541e-08	-5.649496e+01	-1.542837e+03
2.200000e-07	-6.854791e-09	-1.297507e-08	-5.643974e+01	-1.542138e+03
2.300000e-07	-6.847744e-09	-1.312879e-08	-5.638172e+01	-1.541398e+03
2.400000e-07	-6.840421e-09	-1.328962e-08	-5.632142e+01	-1.540619e+03
2.500000e-07	-6.832856e-09	-1.302492e-08	-5.625913e+01	-1.539800e+03
2.600000e-07	-6.825086e-09	-1.312130e-08	-5.619516e+01	-1.538943e+03
2.700000e-07	-6.817124e-09	-1.326851e-08	-5.612960e+01	-1.538047e+03
2.800000e-07	-6.808925e-09	-1.301940e-08	-5.606209e+01	-1.537114e+03
2.900000e-07	-6.800461e-09	-1.312342e-08	-5.599240e+01	-1.536144e+03
3.000000e-07	-6.791663e-09	-1.323665e-08	-5.591996e+01	-1.535139e+03
3.100000e-07	-6.782426e-09	-1.305602e-08	-5.584391e+01	-1.534101e+03
3.200000e-07	-6.772683e-09	-1.307196e-08	-5.576368e+01	-1.533030e+03
3.300000e-07	-6.762460e-09	-1.311984e-08	-5.567951e+01	-1.531928e+03
3.400000e-07	-6.751780e-09	-1.304829e-08	-5.559158e+01	-1.530796e+03
3.500000e-07	-6.740711e-09	-1.308518e-08	-5.550044e+01	-1.529637e+03
3.600000e-07	-6.729321e-09	-1.309468e-08	-5.540666e+01	-1.528452e+03
3.700000e-07	-6.717620e-09	-1.301204e-08	-5.531032e+01	-1.527243e+03
3.800000e-07	-6.705646e-09	-1.308092e-08	-5.521173e+01	-1.526011e+03
3.900000e-07	-6.693391e-09	-1.308481e-08	-5.511082e+01	-1.524758e+03
4.000000e-07	-6.680805e-09	-1.299730e-08	-5.500720e+01	-1.523488e+03
4.100000e-07	-6.667865e-09	-1.300938e-08	-5.490065e+01	-1.522200e+03
4.200000e-07	-6.654574e-09	-1.302624e-08	-5.479122e+01	-1.520898e+03
4.300000e-07	-6.640951e-09	-1.301733e-08	-5.467905e+01	-1.519582e+03
4.400000e-07	-6.627024e-09	-1.300963e-08	-5.456438e+01	-1.518256e+03
4.500000e-07	-6.612766e-09	-1.300753e-08	-5.444698e+01	-1.516920e+03
4.600000e-07	-6.598048e-09	-1.296925e-08	-5.432580e+01	-1.515577e+03
4.700000e-07	-6.582845e-09	-1.297560e-08	-5.420063e+01	-1.514228e+03
4.800000e-07	-6.567231e-09	-1.298141e-08	-5.407207e+01	-1.512874e+03
4.900000e-07	-6.551188e-09	-1.293523e-08	-5.393998e+01	-1.511517e+03
5.000000e-07	-6.534755e-09	-1.293272e-08	-5.380467e+01	-1.510159e+03
5.100000e-07	-6.518005e-09	-1.294170e-08	-5.366675e+01	-1.508799e+03
5.200000e-07	-6.501012e-09	-1.293967e-08	-5.352685e+01	-1.507441e+03
5.300000e-07	-6.483774e-09	-1.292227e-08	-5.338491e+01	-1.506083e+03
5.400000e-07	-6.466254e-09	-1.290212e-08	-5.324066e+01	-1.504727e+03
5.500000e-07	-6.448429e-09	-1.288421e-08	-5.309389e+01	-1.503374e+03
5.600000e-07	-6.430272e-09	-1.288673e-08	-5.294439e+01	-1.502023e+03
5.700000e-07	-6.411807e-09	-1.287839e-08	-5.279236e+01	-1.500676e+03
5.800000e-07	-6.393009e-09	-1.285097e-08	-5.263759e+01	-1.499331e+03
5.900000e-07	-6.373872e-09	-1.284732e-08	-5.248002e+01	-1.497988e+03
6.000000e-07	-6.354464e-09	-1.283974e-08	-5.232021e+01	-1.496648e+03
6.100000e-07	-6.334856e-09	-1.283342e-08	-5.215877e+01	-1.495310e+03
6.200000e-07	-6.315083e-09	-1.281218e-08	-5.199596e+01	-1.493972e+03
6.300000e-07	-6.295154e-09	-1.279048e-08	-5.183187e+01	-1.492634e+03
6.400000e-07	-6.275070e-09	-1.277432e-08	-5.166651e+01	-1.491295e+03
6.500000e-07	-6.254797e-09	-1.276590e-08	-5.149959e+01	-1.489953e+03
6.600000e-07	-6.234283e-09	-1.276107e-08	-5.133069e+01	-1.488607e+03
6.700000e-07	-6.213504e-09	-1.273687e-08	-5.115960e+01	-1.487255e+03
6.800000e-07	-6.192461e-09	-1.272612e-08	-5.098634e+01	-1.485895e+03
6.900000e-07	-6.171140e-09	-1.271084e-08	-5.081079e+01	-1.484526e+03
7.000000e-07	-6.149538e-09	-1.269732e-08	-5.063292e+01	-1.483146e+03
7.100000e-07	-6.127686e-09	-1.268014e-08	-5.045300e+01	-1.481752e+03
7.200000e-07	-6.105561e-09	-1.265996e-08	-5.027083e+01	-1.480342e+03
7.300000e-07	-6.083145e-09	-1.264981e-08	-5.008627e+01	-1.478913e+03
7.400000e-07	-6.060465e-09	-1.263731e-08	-4.989953e+01	-1.477464e+03
7.500000e-07	-6.037508e-09	-1.262940e-08	-4.971051e+01	-1.475993e+03
7.600000e-07	-6.014268e-09	-1.260796e-08	-4.951916e+01	-1.474495e+03
7.700000e-07	-5.990801e-09	-1.258986e-08	-4.932594e+01	-1.472970e+03
7.800000e-07	-5.967124e-09	-1.257375e-08	-4.913099e+01	-1.471415e+03
7.900000e-07	-5.943243e-09	-1.255906e-08	-4.893436e+01	-1.469826e+03
8.000000e-07	-5.919150e-09	-1.254586e-08	-4.873599e+01	-1.468203e+03
8.100000e-07	-5.894768e-09	-1.252300e-08	-4.853524e+01	-1.466543e+03
8.200000e-07	-5.870016e-09	-1.250352e-08	-4.833144e+01	-1.464842e+03
8.300000e-07	-5.844835e-09	-1.248441e-08	-4.812411e+01	-1.463100e+03
8.400000e-07	-5.819210e-09	-1.247045e-08	-4.791312e+01	-1.461314e+03
8.500000e-07	-5.793147e-09	-1.245221e-08	-4.769853e+01	-1.459483e+03
8.600000e-07	-5.766679e-09	-1.243669e-08	-4.748061e+01	-1.457603e+03
8.700000e-07	-5.739840e-09	-1.242563e-08	-4.725962e+01	-1.455675e+03
8.800000e-07	-5.712702e-09	-1.241099e-08	-4.703618e+01	-1.453696e+03
8.900000e-07	-5.685329e-09	-1.239118e-08	-4.681080e+01	-1.451664e+03
9.000000e-07	-5.657726e-09	-1.235916e-08	-4.658353e+01	-1.449580e+03
9.100000e-07	-5.629921e-09	-1.232914e-08	-4.635459e+01	-1.447441e+03
9.200000e-07	-5.601932e-09	-1.230468e-08	-4.612413e+01	-1.445248e+03
9.300000e-07	-5.573770e-09	-1.228915e-08	-4.589226e+01	-1.442998e+03
9.400000e-07	-5.545409e-09	-1.227387e-08	-4.565874e+01	-1.440693e+03
9.500000e-07	-5.516840e-09	-1.225537e-08	-4.542352e+01	-1.438331e+03
9.600000e-07	-5.488055e-09	-1.223775e-08	-4.518651e+01	-1.435913e+03
9.700000e-07	-5.459004e-09	-1.221646e-08	-4.494731e+01	-1.433439e+03
9.800000e-07	-5.429708e-09	-1.219208e-08	-4.470610e+01	-1.430909e+03
9.900000e-07	-5.400201e-09	-1.216262e-08	-4.446316e+01	-1.428323e+03
1.000000e-06	-5.370478e-09	-1.213630e-08	-4.421842e+01	-1.425683e+03
1.010000e-06	-5.340556e-09	-1.211387e-08	-4.397206e+01	-1.422988e+03
1.020000e-06	-5.310420e-09	-1.209611e-08	-4.372393e+01	-1.420241e+03
1.030000e-06	-5.280046e-09	-1.207796e-08	-4.347384e+01	-1.417442e+03
1.040000e-06	-5.249442e-09	-1.205548e-08	-4.322186e+01	-1.414592e+03
1.050000e-06	-5.218629e-09	-1.203269e-08	-4.296815e+01	-1.411692e+03
1.060000e-06	-5.187622e-09	-1.200645e-08	-4.271286e+01	-1.408745e+03
1.070000e-06	-5.156389e-09	-1.198057e-08	-4.245569e+01	-1.405751e+03
1.080000e-06	-5.124949e-09	-1.195383e-08	-4.219683e+01	-1.402712e+03
1.090000e-06	-5.093343e-09	-1.192817e-08	-4.193659e+01	-1.399630e+03
1.100000e-06	-5.061558e-09	-1.190439e-08	-4.167488e+01	-1.396506e+03
1.110000e-06	-5.029569e-09	-1.187954e-08	-4.141150e+01	-1.393342e+03
1.120000e-06	-4.997368e-09	-1.185271e-08	-4.114637e+01	-1.390140e+03
1.130000e-06	-4.964911e-09	-1.182471e-08	-4.087913e+01	-1.386901e+03
1.140000e-06	-4.932166e-09	-1.179899e-08	-4.060952e+01	-1.383627e+03
1.150000e-06	-4.899130e-09	-1.177326e-08	-4.033751e+01	-1.380319e+03
1.160000e-06	-4.865738e-09	-1.174728e-08	-4.006258e+01	-1.376979e+03
1.170000e-06	-4.831979e-09	-1.172149e-08	-3.978462e+01	-1.373607e+03
1.180000e-06	-4.797883e-09	-1.169617e-08	-3.950389e+01	-1.370206e+03
1.190000e-06	-4.763441e-09	-1.166902e-08	-3.922030e+01	-1.366776e+03
1.200000e-06	-4.728672e-09	-1.163886e-08	-3.893403e+01	-1.363318e+03
1.210000e-06	-4.693647e-09	-1.160814e-08	-3.864565e+01	-1.359832e+03
1.220000e-06	-4.658399e-09	-1.157922e-08	-3.835543e+01	-1.356321e+03
1.230000e-06	-4.622950e-09	-1.155079e-08	-3.806356e+01	-1.352783e+03
1.240000e-06	-4.587326e-09	-1.152117e-08	-3.777024e+01	-1.349219e+03
1.250000e-06	-4.551530e-09	-1.149309e-08	-3.747550e+01	-1.345629e+03
1.260000e-06	-4.515583e-09	-1.146482e-08	-3.717953e+01	-1.342013e+03
1.270000e-06	-4.479499e-09	-1.143477e-08	-3.688243e+01	-1.338370e+03
1.280000e-06	-4.443267e-09	-1.140266e-08	-3.658411e+01	-1.334700e+03
1.290000e-06	-4.406891e-09	-1.136951e-08	-3.628460e+01	-1.331002e+03
1.300000e-06	-4.370352e-09	-1.133706e-08	-3.598375e+01	-1.327275e+03
1.310000e-06	-4.333622e-09	-1.130685e-08	-3.568133e+01	-1.323518e+03
1.320000e-06	-4.296709e-09	-1.127824e-08	-3.537740e+01	-1.319729e+03
1.330000e-06	-4.259610e-09	-1.124729e-08	-3.507194e+01	-1.315906e+03
1.340000e-06	-4.222339e-09	-1.121444e-08	-3.476506e+01	-1.312048e+03
1.350000e-06	-4.184902e-09	-1.118060e-08	-3.445682e+01	-1.308153e+03
1.360000e-06	-4.147273e-09	-1.114600e-08	-3.414700e+01	-1.304219e+03
1.370000e-06	-4.109454e-09	-1.111020e-08	-3.383561e+01	-1.300242e+03
1.380000e-06	-4.071466e-09	-1.107437e-08	-3.352283e+01	-1.296222e+03
1.390000e-06	-4.033307e-09	-1.103797e-08	-3.320865e+01	-1.292154e+03
1.400000e-06	-3.994945e-09	-1.100243e-08	-3.289279e+01	-1.288037e+03
1.410000e-06	-3.956385e-09	-1.096613e-08	-3.257530e+01	-1.283867e+03
1.420000e-06	-3.917664e-09	-1.092683e-08	-3.225648e+01	-1.279642e+03
1.430000e-06	-3.878787e-09	-1.088880e-08	-3.193638e+01	-1.275359e+03
1.440000e-06	-3.839748e-09	-1.085057e-08	-3.161495e+01	-1.271015e+03
1.450000e-06	-3.800536e-09	-1.081483e-08	-3.129210e+01	-1.266606e+03
1.460000e-06	-3.761178e-09	-1.077894e-08	-3.096804e+01	-1.262130e+03
1.470000e-06	-3.721679e-09	-1.073960e-08	-3.064281e+01	-1.257585e+03
1.480000e-06	-3.682030e-09	-1.069936e-08	-3.031636e+01	-1.252966e+03
1.490000e-06	-3.642237e-09	-1.065746e-08	-2.998871e+01	-1.248272e+03
1.500000e-06	-3.602279e-09	-1.061578e-08	-2.965972e+01	-1.243499e+03
1.510000e-06	-3.562161e-09	-1.057158e-08	-2.932940e+01	-1.238645e+03
1.520000e-06	-3.521916e-09	-1.052726e-08	-2.899803e+01	-1.233708e+03
1.530000e-06	-3.481518e-09	-1.048490e-08	-2.866541e+01	-1.228685e+03
1.540000e-06	-3.440928e-09	-1.044258e-08	-2.833121e+01	-1.223573e+03
1.550000e-06	-3.400154e-09	-1.039980e-08	-2.799549e+01	-1.218372e+03
1.560000e-06	-3.359192e-09	-1.035490e-08	-2.765823e+01	-1.213079e+03
1.570000e-06	-3.318012e-09	-1.030820e-08	-2.731917e+01	-1.207693e+03
1.580000e-06	-3.276623e-09	-1.026085e-08	-2.697838e+01	-1.202212e+03
1.590000e-06	-3.235012e-09	-1.021554e-08	-2.663578e+01	-1.196634e+03
1.600000e-06	-3.193179e-09	-1.017013e-08	-2.629134e+01	-1.190960e+03
1.610000e-06	-3.151181e-09	-1.012416e-08	-2.594555e+01	-1.185189e+03
1.620000e-06	-3.109020e-09	-1.007676e-08	-2.559841e+01	-1.179319e+03
1.630000e-06	-3.066660e-09	-1.002728e-08	-2.524964e+01	-1.173351e+03
1.640000e-06	-3.024129e-09	-9.975978e-09	-2.489946e+01	-1.167285e+03
1.650000e-06	-2.981435e-09	-9.920690e-09	-2.454793e+01	-1.161120e+03
1.660000e-06	-2.938585e-09	-9.864439e-09	-2.419512e+01	-1.154858e+03
1.670000e-06	-2.895580e-09	-9.809595e-09	-2.384104e+01	-1.148499e+03
1.680000e-06	-2.852425e-09	-9.756664e-09	-2.348571e+01	-1.142043e+03
1.690000e-06	-2.809165e-09	-9.703107e-09	-2.312953e+01	-1.135492e+03
1.700000e-06	-2.765813e-09	-9.648011e-09	-2.277258e+01	-1.128846e+03
1.710000e-06	-2.722351e-09	-9.592151e-09	-2.241472e+01	-1.122108e+03
1.720000e-06	-2.678762e-09	-9.534255e-09	-2.205583e+01	-1.115278e+03
1.730000e-06	-2.635070e-09	-9.474470e-09	-2.169609e+01	-1.108357e+03
1.740000e-06	-2.591281e-09	-9.416003e-09	-2.133554e+01	-1.101348e+03
1.750000e-06	-2.547380e-09	-9.359857e-09	-2.097408e+01	-1.094252e+03
1.760000e-06	-2.503377e-09	-9.303179e-09	-2.061178e+01	-1.087071e+03
1.770000e-06	-2.459280e-09	-9.244520e-09	-2.024870e+01	-1.079806e+03
1.780000e-06	-2.415078e-09	-9.182299e-09	-1.988475e+01	-1.072458e+03
1.790000e-06	-2.370775e-09	-9.117643e-09	-1.951997e+01	-1.065029e+03
1.800000e-06	-2.326384e-09	-9.051748e-09	-1.915447e+01	-1.057521e+03
1.810000e-06	-2.281897e-09	-8.986667e-09	-1.878818e+01	-1.049935e+03
1.820000e-06	-2.237301e-09	-8.923059e-09	-1.842100e+01	-1.042271e+03
1.830000e-06	-2.192613e-09	-8.858649e-09	-1.805306e+01	-1.034531e+03
1.840000e-06	-2.147837e-09	-8.793527e-09	-1.768438e+01	-1.026715e+03
1.850000e-06	-2.102946e-09	-8.725943e-09	-1.731477e+01	-1.018824e+03
1.860000e-06	-2.057966e-09	-8.655223e-09	-1.694442e+01	-1.010858e+03
1.870000e-06	-2.012900e-09	-8.582876e-09	-1.657336e+01	-1.002816e+03
1.880000e-06	-1.967756e-09	-8.510253e-09	-1.620166e+01	-9.946984e+02
1.890000e-06	-1.922525e-09	-8.438822e-09	-1.582925e+01	-9.865035e+02
1.900000e-06	-1.877164e-09	-8.368485e-09	-1.545577e+01	-9.782304e+02
1.910000e-06	-1.831710e-09	-8.300826e-09	-1.508151e+01	-9.698772e+02
1.920000e-06	-1.786213e-09	-8.231959e-09	-1.470691e+01	-9.614418e+02
1.930000e-06	-1.740625e-09	-8.158443e-09	-1.433156e+01	-9.529216e+02
1.940000e-06	-1.694940e-09	-8.078797e-09	-1.395540e+01	-9.443136e+02
1.950000e-06	-1.649216e-09	-7.995712e-09	-1.357893e+01	-9.356142e+02
1.960000e-06	-1.603434e-09	-7.915566e-09	-1.320197e+01	-9.268194e+02
1.970000e-06	-1.557570e-09	-7.835914e-09	-1.282435e+01	-9.179248e+02
1.980000e-06	-1.511644e-09	-7.757627e-09	-1.244621e+01	-9.089254e+02
1.990000e-06	-1.465654e-09	-7.680283e-09	-1.206755e+01	-8.998157e+02
2.000000e-06	-1.419615e-09	-7.601945e-09	-1.168848e+01	-8.905900e+02
2.010000e-06	-1.373523e-09	-7.520400e-09	-1.130898e+01	-8.812418e+02
2.020000e-06	-1.327387e-09	-7.433605e-09	-1.092910e+01	-8.717643e+02
2.030000e-06	-1.281199e-09	-7.344016e-09	-1.054881e+01	-8.621503e+02
2.040000e-06	-1.234953e-09	-7.252901e-09	-1.016804e+01	-8.523921e+02
2.050000e-06	-1.188661e-09	-7.163281e-09	-9.786891e+00	-8.424818e+02
2.060000e-06	-1.142313e-09	-7.073538e-09	-9.405277e+00	-8.324110e+02
2.070000e-06	-1.095916e-09	-6.984329e-09	-9.023264e+00	-8.221709e+02
2.080000e-06	-1.049462e-09	-6.895712e-09	-8.640775e+00	-8.117525e+02
2.090000e-06	-1.002974e-09	-6.805015e-09	-8.258010e+00	-8.011467e+02
2.100000e-06	-9.564386e-10	-6.712730e-09	-7.874858e+00	-7.903438e+02
2.110000e-06	-9.098404e-10	-6.616854e-09	-7.491186e+00	-7.793344e+02
2.120000e-06	-8.632012e-10	-6.519095e-09	-7.107177e+00	-7.681086e+02
2.130000e-06	-8.165334e-10	-6.418533e-09	-6.722933e+00	-7.566566e+02
2.140000e-06	-7.698312e-10	-6.317288e-09	-6.338404e+00	-7.449684e+02
2.150000e-06	-7.230744e-10	-6.216687e-09	-5.953427e+00	-7.330343e+02
2.160000e-06	-6.762732e-10	-6.113709e-09	-5.568084e+00	-7.208445e+02
2.170000e-06	-6.294341e-10	-6.007763e-09	-5.182428e+00	-7.083892e+02
2.180000e-06	-5.825879e-10	-5.899055e-09	-4.796714e+00	-6.956591e+02
2.190000e-06	-5.356927e-10	-5.788132e-09	-4.410597e+00	-6.826449e+02
2.200000e-06	-4.887311e-10	-5.673798e-09	-4.023933e+00	-6.693377e+02
2.210000e-06	-4.417738e-10	-5.557463e-09	-3.637305e+00	-6.557288e+02
2.220000e-06	-3.948343e-10	-5.438848e-09	-3.250823e+00	-6.418101e+02
2.230000e-06	-3.478858e-10	-5.318246e-09	-2.864266e+00	-6.275739e+02
2.240000e-06	-3.009159e-10	-5.196016e-09	-2.477533e+00	-6.130130e+02
2.250000e-06	-2.539296e-10	-5.071853e-09	-2.090666e+00	-5.981207e+02
2.260000e-06	-2.069367e-10	-4.945541e-09	-1.703744e+00	-5.828911e+02
2.270000e-06	-1.599310e-10	-4.815926e-09	-1.316716e+00	-5.673188e+02
2.280000e-06	-1.129028e-10	-4.683280e-09	-9.295029e-01	-5.513992e+02
2.290000e-06	-6.587396e-11	-4.547034e-09	-5.422851e-01	-5.351284e+02
2.300000e-06	-1.884922e-11	-4.408358e-09	-1.551008e-01	-5.185033e+02
2.310000e-06	2.815179e-11	-4.264344e-09	2.318877e-01	-5.015218e+02
2.320000e-06	7.511281e-11	-4.116151e-09	6.185472e-01	-4.841824e+02
2.330000e-06	1.220579e-10	-3.967375e-09	1.005076e+00	-4.664848e+02
2.340000e-06	1.689992e-10	-3.817681e-09	1.391573e+00	-4.484295e+02
2.350000e-06	2.159296e-10	-3.665556e-09	1.777980e+00	-4.300178e+02
2.360000e-06	2.628504e-10	-3.507786e-09	2.164308e+00	-4.112522e+02
2.370000e-06	3.097552e-10	-3.347378e-09	2.550504e+00	-3.921362e+02
2.380000e-06	3.566222e-10	-3.184530e-09	2.936389e+00	-3.726741e+02
2.390000e-06	4.034864e-10	-3.018863e-09	3.322251e+00	-3.528715e+02
2.400000e-06	4.503330e-10	-2.849197e-09	3.707968e+00	-3.327346e+02
2.410000e-06	4.971365e-10	-2.675453e-09	4.093330e+00	-3.122710e+02
2.420000e-06	5.439218e-10	-2.499327e-09	4.478542e+00	-2.914890e+02
2.430000e-06	5.906935e-10	-2.319108e-09	4.863643e+00	-2.703982e+02
2.440000e-06	6.374421e-10	-2.135973e-09	5.248554e+00	-2.490089e+02
2.450000e-06	6.841576e-10	-1.947222e-09	5.633191e+00	-2.273324e+02
2.460000e-06	7.308687e-10	-1.755221e-09	6.017792e+00	-2.053809e+02
2.470000e-06	7.775714e-10	-1.562602e-09	6.402325e+00	-1.831676e+02
2.480000e-06	8.242333e-10	-1.367435e-09	6.786520e+00	-1.607065e+02
2.490000e-06	8.708744e-10	-1.168201e-09	7.170546e+00	-1.380123e+02
2.500000e-06	9.175001e-10	-9.641263e-10	7.554444e+00	-1.151005e+02
2.510000e-06	9.640945e-10	-7.597171e-10	7.938085e+00	-9.198755e+01
2.520000e-06	1.010656e-09	-5.536098e-10	8.321455e+00	-6.869022e+01
2.530000e-06	1.057159e-09	-3.454763e-10	8.704342e+00	-4.522609e+01
2.540000e-06	1.103607e-09	-1.374581e-10	9.086778e+00	-2.161326e+01
2.550000e-06	1.150031e-09	7.015038e-11	9.469010e+00	2.129684e+00
2.560000e-06	1.196417e-09	2.780068e-10	9.850940e+00	2.598371e+01
2.570000e-06	1.242740e-09	4.874840e-10	1.023235e+01	4.992944e+01
2.580000e-06	1.288996e-09	6.991760e-10	1.061320e+01	7.394717e+01
2.590000e-06	1.335182e-09	9.134095e-10	1.099348e+01	9.801697e+01
2.600000e-06	1.381298e-09	1.126509e-09	1.137318e+01	1.221187e+02
2.610000e-06	1.427347e-09	1.338039e-09	1.175232e+01	1.462323e+02
2.620000e-06	1.473322e-09	1.547604e-09	1.213087e+01	1.703373e+02
2.630000e-06	1.519223e-09	1.754422e-09	1.250880e+01	1.944137e+02
2.640000e-06	1.565048e-09	1.959061e-09	1.288610e+01	2.184414e+02
2.650000e-06	1.610773e-09	2.162811e-09	1.326259e+01	2.424004e+02
2.660000e-06	1.656403e-09	2.368982e-09	1.363829e+01	2.662711e+02
2.670000e-06	1.701944e-09	2.576311e-09	1.401326e+01	2.900341e+02
2.680000e-06	1.747386e-09	2.781796e-09	1.438741e+01	3.136704e+02
2.690000e-06	1.792728e-09	2.980427e-09	1.476074e+01	3.371615e+02
2.700000e-06	1.837969e-09	3.173697e-09	1.513323e+01	3.604892e+02
2.710000e-06	1.883125e-09	3.366387e-09	1.550503e+01	3.836361e+02
2.720000e-06	1.928201e-09	3.558911e-09	1.587617e+01	4.065851e+02
2.730000e-06	1.973186e-09	3.751090e-09	1.624656e+01	4.293201e+02
2.740000e-06	2.018089e-09	3.940894e-09	1.661627e+01	4.518253e+02
2.750000e-06	2.062908e-09	4.130057e-09	1.698530e+01	4.740860e+02
2.760000e-06	2.107649e-09	4.316873e-09	1.735368e+01	4.960881e+02
2.770000e-06	2.152318e-09	4.499318e-09	1.772147e+01	5.178183e+02
2.780000e-06	2.196897e-09	4.676091e-09	1.808851e+01	5.392642e+02
2.790000e-06	2.241389e-09	4.848219e-09	1.845484e+01	5.604141e+02
2.800000e-06	2.285808e-09	5.023119e-09	1.882057e+01	5.812575e+02
2.810000e-06	2.330162e-09	5.201413e-09	1.918576e+01	6.017845e+02
2.820000e-06	2.374440e-09	5.379675e-09	1.955034e+01	6.219864e+02
2.830000e-06	2.418631e-09	5.550759e-09	1.991419e+01	6.418552e+02
2.840000e-06	2.462755e-09	5.713536e-09	2.027749e+01	6.613839e+02
2.850000e-06	2.506811e-09	5.871660e-09	2.064023e+01	6.805664e+02
2.860000e-06	2.550786e-09	6.026606e-09	2.100231e+01	6.993978e+02
2.870000e-06	2.594678e-09	6.180759e-09	2.136369e+01	7.178737e+02
2.880000e-06	2.638471e-09	6.333651e-09	2.172427e+01	7.359909e+02
2.890000e-06	2.682180e-09	6.486368e-09	2.208416e+01	7.537471e+02
2.900000e-06	2.725780e-09	6.638444e-09	2.244315e+01	7.711406e+02
2.910000e-06	2.769258e-09	6.786646e-09	2.280113e+01	7.881709e+02
2.920000e-06	2.812624e-09	6.928590e-09	2.315819e+01	8.048381e+02
2.930000e-06	2.855857e-09	7.065816e-09	2.351415e+01	8.211432e+02
2.940000e-06	2.898961e-09	7.199823e-09	2.386905e+01	8.370880e+02
2.950000e-06	2.941886e-09	7.330973e-09	2.422248e+01	8.526748e+02
2.960000e-06	2.984623e-09	7.458666e-09	2.457436e+01	8.679067e+02
2.970000e-06	3.027162e-09	7.582432e-09	2.492461e+01	8.827877e+02
2.980000e-06	3.069485e-09	7.705355e-09	2.527308e+01	8.973221e+02
2.990000e-06	3.111589e-09	7.825850e-09	2.561974e+01	9.115148e+02
3.000000e-06	3.153444e-09	7.941999e-09	2.596436e+01	9.253713e+02
3.010000e-06	3.195047e-09	8.054062e-09	2.630690e+01	9.388976e+02
3.020000e-06	3.236428e-09	8.165178e-09	2.664761e+01	9.521001e+02
3.030000e-06	3.277592e-09	8.277042e-09	2.698654e+01	9.649854e+02
3.040000e-06	3.318540e-09	8.385385e-09	2.732368e+01	9.775607e+02
3.050000e-06	3.359301e-09	8.488722e-09	2.765929e+01	9.898334e+02
3.060000e-06	3.399883e-09	8.588113e-09	2.799342e+01	1.001811e+03
3.070000e-06	3.440289e-09	8.687594e-09	2.832612e+01	1.013501e+03
3.080000e-06	3.480547e-09	8.786049e-09	2.865758e+01	1.024912e+03
3.090000e-06	3.520663e-09	8.881964e-09	2.898788e+01	1.036052e+03
3.100000e-06	3.560653e-09	8.976140e-09	2.931715e+01	1.046929e+03
3.110000e-06	3.600537e-09	9.069042e-09	2.964554e+01	1.057550e+03
3.120000e-06	3.640293e-09	9.161685e-09	2.997287e+01	1.067925e+03
3.130000e-06	3.679922e-09	9.250573e-09	3.029916e+01	1.078060e+03
3.140000e-06	3.719423e-09	9.335964e-09	3.062441e+01	1.087965e+03
3.150000e-06	3.758784e-09	9.418819e-09	3.094849e+01	1.097647e+03
3.160000e-06	3.798004e-09	9.502029e-09	3.127141e+01	1.107113e+03
3.170000e-06	3.837083e-09	9.584228e-09	3.159317e+01	1.116371e+03
3.180000e-06	3.876005e-09	9.663118e-09	3.191364e+01	1.125429e+03
3.190000e-06	3.914803e-09	9.740563e-09	3.223309e+01	1.134293e+03
3.200000e-06	3.953438e-09	9.817059e-09	3.255119e+01	1.142970e+03
3.210000e-06	3.991868e-09	9.893306e-09	3.286761e+01	1.151467e+03
3.220000e-06	4.030132e-09	9.966335e-09	3.318267e+01	1.159790e+03
3.230000e-06	4.068200e-09	1.003916e-08	3.349610e+01	1.167945e+03
3.240000e-06	4.106094e-09	1.011298e-08	3.380810e+01	1.175937e+03
3.250000e-06	4.143828e-09	1.018577e-08	3.411879e+01	1.183773e+03
3.260000e-06	4.181377e-09	1.025505e-08	3.442796e+01	1.191456e+03
3.270000e-06	4.218724e-09	1.031913e-08	3.473545e+01	1.198992e+03
3.280000e-06	4.255858e-09	1.038129e-08	3.504120e+01	1.206386e+03
3.290000e-06	4.292807e-09	1.044129e-08	3.534543e+01	1.213641e+03
3.300000e-06	4.329559e-09	1.050121e-08	3.564803e+01	1.220761e+03
3.310000e-06	4.366114e-09	1.056168e-08	3.594901e+01	1.227750e+03
3.320000e-06	4.402491e-09	1.062220e-08	3.624852e+01	1.234611e+03
3.330000e-06	4.438714e-09	1.068109e-08	3.654677e+01	1.241346e+03
3.340000e-06	4.474795e-09	1.073718e-08	3.684384e+01	1.247960e+03
3.350000e-06	4.510730e-09	1.079085e-08	3.713972e+01	1.254454e+03
3.360000e-06	4.546538e-09	1.083900e-08	3.743455e+01	1.260830e+03
3.370000e-06	4.582197e-09	1.088765e-08	3.772816e+01	1.267091e+03
3.380000e-06	4.617676e-09	1.094053e-08	3.802028e+01	1.273238e+03
3.390000e-06	4.652966e-09	1.099488e-08	3.831085e+01	1.279274e+03
3.400000e-06	4.688015e-09	1.104782e-08	3.859942e+01	1.285199e+03
3.410000e-06	4.722776e-09	1.109552e-08	3.888563e+01	1.291015e+03
3.420000e-06	4.757210e-09	1.114064e-08	3.916914e+01	1.296724e+03
3.430000e-06	4.791322e-09	1.118386e-08	3.945001e+01	1.302326e+03
3.440000e-06	4.825082e-09	1.122339e-08	3.972797e+01	1.307824e+03
3.450000e-06	4.858495e-09	1.126130e-08	4.000308e+01	1.313217e+03
3.460000e-06	4.891601e-09	1.130158e-08	4.027566e+01	1.318507e+03
3.470000e-06	4.924407e-09	1.134434e-08	4.054577e+01	1.323695e+03
3.480000e-06	4.956962e-09	1.138789e-08	4.081381e+01	1.328782e+03
3.490000e-06	4.989284e-09	1.142956e-08	4.107994e+01	1.333770e+03
3.500000e-06	5.021424e-09	1.146705e-08	4.134457e+01	1.338658e+03
3.510000e-06	5.053412e-09	1.150363e-08	4.160795e+01	1.343448e+03
3.520000e-06	5.085250e-09	1.154162e-08	4.187009e+01	1.348142e+03
3.530000e-06	5.116932e-09	1.158245e-08	4.213095e+01	1.352740e+03
3.540000e-06	5.148430e-09	1.162182e-08	4.239029e+01	1.357243e+03
3.550000e-06	5.179727e-09	1.165725e-08	4.264798e+01	1.361654e+03
3.560000e-06	5.210804e-09	1.169068e-08	4.290386e+01	1.365973e+03
3.570000e-06	5.241647e-09	1.172261e-08	4.315781e+01	1.370202e+03
3.580000e-06	5.272232e-09	1.175388e-08	4.340963e+01	1.374342e+03
3.590000e-06	5.302576e-09	1.178352e-08	4.365947e+01	1.378395e+03
3.600000e-06	5.332716e-09	1.181527e-08	4.390763e+01	1.382364e+03
3.610000e-06	5.362625e-09	1.185101e-08	4.415389e+01	1.386249e+03
3.620000e-06	5.392305e-09	1.188831e-08	4.439826e+01	1.390052e+03
3.630000e-06	5.421749e-09	1.192231e-08	4.464069e+01	1.393776e+03
3.640000e-06	5.450961e-09	1.194896e-08	4.488122e+01	1.397422e+03
3.650000e-06	5.479951e-09	1.197229e-08	4.511991e+01	1.400993e+03
3.660000e-06	5.508694e-09	1.199557e-08	4.535657e+01	1.404491e+03
3.670000e-06	5.537178e-09	1.202261e-08	4.559110e+01	1.407919e+03
3.680000e-06	5.565432e-09	1.205405e-08	4.582373e+01	1.411277e+03
3.690000e-06	5.593508e-09	1.208832e-08	4.605489e+01	1.414569e+03
3.700000e-06	5.621410e-09	1.212450e-08	4.628463e+01	1.417797e+03
3.710000e-06	5.649150e-09	1.215734e-08	4.651304e+01	1.420963e+03
3.720000e-06	5.676727e-09	1.218336e-08	4.674009e+01	1.424070e+03
3.730000e-06	5.704090e-09	1.220188e-08	4.696539e+01	1.427119e+03
3.740000e-06	5.731170e-09	1.221878e-08	4.718835e+01	1.430114e+03
3.750000e-06	5.757869e-09	1.223895e-08	4.740818e+01	1.433056e+03
3.760000e-06	5.784130e-09	1.226354e-08	4.762440e+01	1.435947e+03
3.770000e-06	5.809970e-09	1.229141e-08	4.783715e+01	1.438790e+03
3.780000e-06	5.835355e-09	1.231944e-08	4.804617e+01	1.441587e+03
3.790000e-06	5.860307e-09	1.234580e-08	4.825161e+01	1.444340e+03
3.800000e-06	5.884951e-09	1.236769e-08	4.845452e+01	1.447049e+03
3.810000e-06	5.909323e-09	1.238660e-08	4.865518e+01	1.449718e+03
3.820000e-06	5.933432e-09	1.240485e-08	4.885369e+01	1.452348e+03
3.830000e-06	5.957337e-09	1.242464e-08	4.905052e+01	1.454940e+03
3.840000e-06	5.981045e-09	1.244550e-08	4.924572e+01	1.457496e+03
3.850000e-06	6.004548e-09	1.246618e-08	4.943924e+01	1.460017e+03
3.860000e-06	6.027806e-09	1.248804e-08	4.963073e+01	1.462504e+03
3.870000e-06	6.050751e-09	1.250927e-08	4.981965e+01	1.464958e+03
3.880000e-06	6.073419e-09	1.253001e-08	5.000629e+01	1.467380e+03
3.890000e-06	6.095837e-09	1.255000e-08	5.019087e+01	1.469771e+03
3.900000e-06	6.117993e-09	1.256998e-08	5.037330e+01	1.472131e+03
3.910000e-06	6.139902e-09	1.258927e-08	5.055368e+01	1.474460e+03
3.920000e-06	6.161560e-09	1.260497e-08	5.073201e+01	1.476760e+03
3.930000e-06	6.182952e-09	1.261787e-08	5.090814e+01	1.479029e+03
3.940000e-06	6.204059e-09	1.262983e-08	5.108193e+01	1.481269e+03
3.950000e-06	6.224860e-09	1.264370e-08	5.125319e+01	1.483478e+03
3.960000e-06	6.245363e-09	1.266096e-08	5.142201e+01	1.485658e+03
3.970000e-06	6.265625e-09	1.268088e-08	5.158884e+01	1.487807e+03
3.980000e-06	6.285693e-09	1.269960e-08	5.175407e+01	1.489924e+03
3.990000e-06	6.305583e-09	1.271632e-08	5.191783e+01	1.492011e+03
4.000000e-06	6.325318e-09	1.273185e-08	5.208033e+01	1.494065e+03
4.010000e-06	6.344878e-09	1.274484e-08	5.224137e+01	1.496086e+03
4.020000e-06	6.364185e-09	1.275678e-08	5.240034e+01	1.498073e+03
4.030000e-06	6.383164e-09	1.276915e-08	5.255661e+01	1.500026e+03
4.040000e-06	6.401762e-09	1.278348e-08	5.270974e+01	1.501944e+03
4.050000e-06	6.419971e-09	1.279966e-08	5.285966e+01	1.503826e+03
4.060000e-06	6.437816e-09	1.281630e-08	5.300659e+01	1.505671e+03
4.070000e-06	6.455356e-09	1.283115e-08	5.315100e+01	1.507478e+03
4.080000e-06	6.472647e-09	1.284325e-08	5.329337e+01	1.509246e+03
4.090000e-06	6.489687e-09	1.285480e-08	5.343368e+01	1.510975e+03
4.100000e-06	6.506498e-09	1.286644e-08	5.357209e+01	1.512663e+03
4.110000e-06	6.523065e-09	1.287802e-08	5.370849e+01	1.514311e+03
4.120000e-06	6.539338e-09	1.288902e-08	5.384248e+01	1.515916e+03
4.130000e-06	6.555266e-09	1.290125e-08	5.397363e+01	1.517479e+03
4.140000e-06	6.570796e-09	1.291513e-08	5.410150e+01	1.518999e+03
4.150000e-06	6.585921e-09	1.292862e-08	5.422603e+01	1.520475e+03
4.160000e-06	6.600662e-09	1.294248e-08	5.434739e+01	1.521907e+03
4.170000e-06	6.615035e-09	1.295704e-08	5.446573e+01	1.523295e+03
4.180000e-06	6.629095e-09	1.297162e-08	5.458149e+01	1.524638e+03
4.190000e-06	6.642904e-09	1.298288e-08	5.469519e+01	1.525937e+03
4.200000e-06	6.656455e-09	1.299069e-08	5.480677e+01	1.527190e+03
4.210000e-06	6.669704e-09	1.299635e-08	5.491586e+01	1.528400e+03
4.220000e-06	6.682605e-09	1.300059e-08	5.502208e+01	1.529564e+03
4.230000e-06	6.695178e-09	1.300632e-08	5.512560e+01	1.530685e+03
4.240000e-06	6.707459e-09	1.301432e-08	5.522671e+01	1.531762e+03
4.250000e-06	6.719473e-09	1.302554e-08	5.532563e+01	1.532796e+03
4.260000e-06	6.731233e-09	1.303880e-08	5.542246e+01	1.533787e+03
4.270000e-06	6.742705e-09	1.305197e-08	5.551691e+01	1.534736e+03
4.280000e-06	6.753819e-09	1.306207e-08	5.560842e+01	1.535644e+03
4.290000e-06	6.764503e-09	1.306795e-08	5.569638e+01	1.536512e+03
4.300000e-06	6.774667e-09	1.307193e-08	5.578007e+01	1.537340e+03
4.310000e-06	6.784278e-09	1.307493e-08	5.585920e+01	1.538131e+03
4.320000e-06	6.793387e-09	1.307907e-08	5.593420e+01	1.538884e+03
4.330000e-06	6.802044e-09	1.308606e-08	5.600548e+01	1.539601e+03
4.340000e-06	6.810360e-09	1.309644e-08	5.607395e+01	1.540283e+03
4.350000e-06	6.818451e-09	1.310701e-08	5.614056e+01	1.540932e+03
4.360000e-06	6.826351e-09	1.311488e-08	5.620561e+01	1.541548e+03
4.370000e-06	6.834040e-09	1.312050e-08	5.626892e+01	1.542133e+03
4.380000e-06	6.841466e-09	1.312389e-08	5.633006e+01	1.542688e+03
4.390000e-06	6.848585e-09	1.312602e-08	5.638868e+01	1.543214e+03
4.400000e-06	6.855378e-09	1.312774e-08	5.644461e+01	1.543713e+03
4.410000e-06	6.861834e-09	1.313076e-08	5.649777e+01	1.544185e+03
4.420000e-06	6.867993e-09	1.313472e-08	5.654847e+01	1.544633e+03
4.430000e-06	6.873879e-09	1.314070e-08	5.659694e+01	1.545056e+03
4.440000e-06	6.879448e-09	1.314757e-08	5.664279e+01	1.545455e+03
4.450000e-06	6.884688e-09	1.315280e-08	5.668593e+01	1.545833e+03
4.460000e-06	6.889618e-09	1.315748e-08	5.672652e+01	1.546189e+03
4.470000e-06	6.894216e-09	1.316137e-08	5.676438e+01	1.546525e+03
4.480000e-06	6.898521e-09	1.316639e-08	5.679982e+01	1.546840e+03
4.490000e-06	6.902618e-09	1.317149e-08	5.683355e+01	1.547136e+03
4.500000e-06	6.906542e-09	1.317563e-08	5.686587e+01	1.547413e+03
4.510000e-06	6.910303e-09	1.317769e-08	5.689683e+01	1.547671e+03
4.520000e-06	6.913858e-09	1.317670e-08	5.692610e+01	1.547911e+03
4.530000e-06	6.917147e-09	1.317565e-08	5.695318e+01	1.548133e+03
4.540000e-06	6.920078e-09	1.317590e-08	5.697732e+01	1.548336e+03
4.550000e-06	6.922558e-09	1.317984e-08	5.699773e+01	1.548521e+03
4.560000e-06	6.924532e-09	1.318487e-08	5.701398e+01	1.548686e+03
4.570000e-06	6.925995e-09	1.318924e-08	5.702603e+01	1.548833e+03
4.580000e-06	6.926977e-09	1.319403e-08	5.703411e+01	1.548960e+03
4.590000e-06	6.927551e-09	1.319622e-08	5.703884e+01	1.549067e+03
4.600000e-06	6.927814e-09	1.319625e-08	5.704101e+01	1.549154e+03
4.610000e-06	6.927846e-09	1.319237e-08	5.704127e+01	1.549218e+03
4.620000e-06	6.927696e-09	1.318615e-08	5.704003e+01	1.549261e+03
4.630000e-06	6.927342e-09	1.318731e-08	5.703712e+01	1.549280e+03
4.640000e-06	6.926752e-09	1.319283e-08	5.703226e+01	1.549274e+03
4.650000e-06	6.925869e-09	1.319959e-08	5.702499e+01	1.549243e+03
4.660000e-06	6.924645e-09	1.320563e-08	5.701491e+01	1.549186e+03
4.670000e-06	6.923112e-09	1.320210e-08	5.700229e+01	1.549101e+03
4.680000e-06	6.921301e-09	1.319427e-08	5.698738e+01	1.548988e+03
4.690000e-06	6.919231e-09	1.318794e-08	5.697033e+01	1.548844e+03
4.700000e-06	6.916909e-09	1.316948e-08	5.695121e+01	1.548670e+03
4.710000e-06	6.914319e-09	1.319166e-08	5.692989e+01	1.548463e+03
4.720000e-06	6.911378e-09	1.326530e-08	5.690567e+01	1.548224e+03
4.730000e-06	6.908025e-09	1.323785e-08	5.687806e+01	1.547949e+03
4.740000e-06	6.904304e-09	1.310181e-08	5.684742e+01	1.547640e+03
4.750000e-06	6.900343e-09	1.302575e-08	5.681481e+01	1.547294e+03
4.760000e-06	6.896241e-09	1.324204e-08	5.678104e+01	1.546911e+03
4.770000e-06	6.891936e-09	1.333404e-08	5.674558e+01	1.546490e+03
4.780000e-06	6.887391e-09	1.305276e-08	5.670817e+01	1.546031e+03
4.790000e-06	6.882611e-09	1.324817e-08	5.666881e+01	1.545532e+03
4.800000e-06	6.877472e-09	1.364237e-08	5.662650e+01	1.544993e+03
4.810000e-06	6.871752e-09	1.336000e-08	5.657939e+01	1.544414e+03
4.820000e-06	6.865409e-09	1.316757e-08	5.652717e+01	1.543795e+03
4.830000e-06	6.858542e-09	1.351199e-08	5.647063e+01	1.543135e+03
4.840000e-06	6.851229e-09	1.340623e-08	5.641042e+01	1.542435e+03
4.850000e-06	6.843606e-09	1.306413e-08	5.634766e+01	1.541695e+03
4.860000e-06	6.835759e-09	1.331929e-08	5.628304e+01	1.540915e+03
4.870000e-06	6.827694e-09	1.331615e-08	5.621664e+01	1.540095e+03
4.880000e-06	6.819434e-09	1.302085e-08	5.614863e+01	1.539236e+03
4.890000e-06	6.810968e-09	1.322223e-08	5.607892e+01	1.538340e+03
4.900000e-06	6.802216e-09	1.313655e-08	5.600686e+01	1.537406e+03
4.910000e-06	6.793186e-09	1.294878e-08	5.593251e+01	1.536436e+03
4.920000e-06	6.783889e-09	1.319144e-08	5.585596e+01	1.535430e+03
4.930000e-06	6.774305e-09	1.311362e-08	5.577705e+01	1.534391e+03
4.940000e-06	6.764441e-09	1.299713e-08	5.569584e+01	1.533320e+03
4.950000e-06	6.754301e-09	1.316894e-08	5.561234e+01	1.532217e+03
4.960000e-06	6.743878e-09	1.303944e-08	5.552652e+01	1.531085e+03
4.970000e-06	6.733146e-09	1.297515e-08	5.543816e+01	1.529926e+03
4.980000e-06	6.722086e-09	1.314834e-08	5.534709e+01	1.528740e+03
4.990000e-06	6.710700e-09	1.298624e-08	5.525334e+01	1.527531e+03
5.000000e-06	6.699028e-09	1.298300e-08	5.515724e+01	1.526299e+03
5.010000e-06	6.687067e-09	1.311772e-08	5.505876e+01	1.525046e+03
5.020000e-06	6.674780e-09	1.300168e-08	5.495759e+01	1.523775e+03
5.030000e-06	6.662131e-09	1.301462e-08	5.485344e+01	1.522488e+03
5.040000e-06	6.649065e-09	1.300333e-08	5.474586e+01	1.521185e+03
5.050000e-06	6.635504e-09	1.296275e-08	5.463421e+01	1.519870e+03
5.060000e-06	6.621373e-09	1.299026e-08	5.451786e+01	1.518544e+03
5.070000e-06	6.606720e-09	1.296690e-08	5.439721e+01	1.517209e+03
5.080000e-06	6.591619e-09	1.298324e-08	5.427287e+01	1.515866e+03
5.090000e-06	6.576127e-09	1.297619e-08	5.414532e+01	1.514517e+03
5.100000e-06	6.560339e-09	1.297206e-08	5.401533e+01	1.513163e+03
5.110000e-06	6.544311e-09	1.298677e-08	5.388335e+01	1.511807e+03
5.120000e-06	6.528058e-09	1.292919e-08	5.374953e+01	1.510448e+03
5.130000e-06	6.511573e-09	1.290931e-08	5.361380e+01	1.509090e+03
5.140000e-06	6.494806e-09	1.291853e-08	5.347575e+01	1.507731e+03
5.150000e-06	6.477712e-09	1.289890e-08	5.333500e+01	1.506374e+03
5.160000e-06	6.460311e-09	1.292699e-08	5.319173e+01	1.505018e+03
5.170000e-06	6.442618e-09	1.289748e-08	5.304605e+01	1.503665e+03
5.180000e-06	6.424642e-09	1.288024e-08	5.289804e+01	1.502315e+03
5.190000e-06	6.406395e-09	1.290182e-08	5.274780e+01	1.500968e+03
5.200000e-06	6.387888e-09	1.285466e-08	5.259542e+01	1.499623e+03
5.210000e-06	6.369118e-09	1.285342e-08	5.244088e+01	1.498281e+03
5.220000e-06	6.350067e-09	1.283242e-08	5.228402e+01	1.496941e+03
5.230000e-06	6.330751e-09	1.282418e-08	5.212498e+01	1.495603e+03
5.240000e-06	6.311191e-09	1.284116e-08	5.196392e+01	1.494265e+03
5.250000e-06	6.291427e-09	1.282287e-08	5.180120e+01	1.492927e+03
5.260000e-06	6.271498e-09	1.282066e-08	5.163711e+01	1.491588e+03
5.270000e-06	6.251407e-09	1.278685e-08	5.147168e+01	1.490246e+03
5.280000e-06	6.231145e-09	1.278060e-08	5.130485e+01	1.488899e+03
5.290000e-06	6.210714e-09	1.277335e-08	5.113663e+01	1.487547e+03
5.300000e-06	6.190014e-09	1.275419e-08	5.096620e+01	1.486187e+03
5.310000e-06	6.168943e-09	1.275220e-08	5.079271e+01	1.484818e+03
5.320000e-06	6.147482e-09	1.273248e-08	5.061601e+01	1.483437e+03
5.330000e-06	6.125576e-09	1.272933e-08	5.043563e+01	1.482042e+03
5.340000e-06	6.103186e-09	1.271037e-08	5.025129e+01	1.480631e+03
5.350000e-06	6.080341e-09	1.268898e-08	5.006320e+01	1.479202e+03
5.360000e-06	6.057105e-09	1.267478e-08	4.987187e+01	1.477752e+03
5.370000e-06	6.033546e-09	1.266441e-08	4.967790e+01	1.476280e+03
5.380000e-06	6.009750e-09	1.266355e-08	4.948197e+01	1.474781e+03
5.390000e-06	5.985725e-09	1.265059e-08	4.928416e+01	1.473255e+03
5.400000e-06	5.961497e-09	1.263430e-08	4.908467e+01	1.471699e+03
5.410000e-06	5.937062e-09	1.261281e-08	4.888348e+01	1.470109e+03
5.420000e-06	5.912385e-09	1.259708e-08	4.868030e+01	1.468485e+03
5.430000e-06	5.887427e-09	1.257724e-08	4.847480e+01	1.466823e+03
5.440000e-06	5.862158e-09	1.255322e-08	4.826675e+01	1.465121e+03
5.450000e-06	5.836620e-09	1.253629e-08	4.805648e+01	1.463377e+03
5.460000e-06	5.810818e-09	1.252614e-08	4.784404e+01	1.461590e+03
5.470000e-06	5.784732e-09	1.252070e-08	4.762925e+01	1.459757e+03
5.480000e-06	5.758360e-09	1.250243e-08	4.741212e+01	1.457876e+03
5.490000e-06	5.731712e-09	1.247761e-08	4.719271e+01	1.455946e+03
5.500000e-06	5.704806e-09	1.245551e-08	4.697117e+01	1.453965e+03
5.510000e-06	5.677661e-09	1.243933e-08	4.674767e+01	1.451932e+03
5.520000e-06	5.650260e-09	1.242501e-08	4.652206e+01	1.449846e+03
5.530000e-06	5.622656e-09	1.240707e-08	4.629477e+01	1.447705e+03
5.540000e-06	5.594871e-09	1.239135e-08	4.606601e+01	1.445510e+03
5.550000e-06	5.566899e-09	1.238041e-08	4.583569e+01	1.443259e+03
5.560000e-06	5.538775e-09	1.236842e-08	4.560413e+01	1.440952e+03
5.570000e-06	5.510492e-09	1.234618e-08	4.537125e+01	1.438588e+03
5.580000e-06	5.482024e-09	1.231722e-08	4.513686e+01	1.436169e+03
5.590000e-06	5.453315e-09	1.229440e-08	4.490048e+01	1.433693e+03
5.600000e-06	5.424328e-09	1.227717e-08	4.466181e+01	1.431161e+03
5.610000e-06	5.395044e-09	1.225787e-08	4.442071e+01	1.428574e+03
5.620000e-06	5.365415e-09	1.223633e-08	4.417675e+01	1.425932e+03
5.630000e-06	5.335433e-09	1.221322e-08	4.392989e+01	1.423236e+03
5.640000e-06	5.305098e-09	1.219442e-08	4.368013e+01	1.420487e+03
5.650000e-06	5.274408e-09	1.217642e-08	4.342744e+01	1.417686e+03
5.660000e-06	5.243396e-09	1.215451e-08	4.317210e+01	1.414835e+03
5.670000e-06	5.212092e-09	1.213032e-08	4.291435e+01	1.411934e+03
5.680000e-06	5.180520e-09	1.210551e-08	4.265440e+01	1.408985e+03
5.690000e-06	5.148723e-09	1.208446e-08	4.239259e+01	1.405990e+03
5.700000e-06	5.116712e-09	1.206111e-08	4.212903e+01	1.402950e+03
5.710000e-06	5.084499e-09	1.203440e-08	4.186380e+01	1.399867e+03
5.720000e-06	5.052097e-09	1.200739e-08	4.159701e+01	1.396742e+03
5.730000e-06	5.019510e-09	1.198552e-08	4.132869e+01	1.393577e+03
5.740000e-06	4.986736e-09	1.196807e-08	4.105885e+01	1.390374e+03
5.750000e-06	4.953732e-09	1.194598e-08	4.078710e+01	1.387134e+03
5.760000e-06	4.920489e-09	1.191922e-08	4.051339e+01	1.383859e+03
5.770000e-06	4.887036e-09	1.189028e-08	4.023795e+01	1.380550e+03
5.780000e-06	4.853328e-09	1.186384e-08	3.996042e+01	1.377209e+03
5.790000e-06	4.819381e-09	1.183656e-08	3.968091e+01	1.373837e+03
5.800000e-06	4.785246e-09	1.180535e-08	3.939985e+01	1.370435e+03
5.810000e-06	4.750836e-09	1.177332e-08	3.911654e+01	1.367004e+03
5.820000e-06	4.716182e-09	1.174364e-08	3.883121e+01	1.363545e+03
5.830000e-06	4.681347e-09	1.171679e-08	3.854439e+01	1.360059e+03
5.840000e-06	4.646289e-09	1.168730e-08	3.825573e+01	1.356547e+03
5.850000e-06	4.611021e-09	1.165427e-08	3.796535e+01	1.353008e+03
5.860000e-06	4.575589e-09	1.162199e-08	3.767362e+01	1.349443e+03
5.870000e-06	4.540000e-09	1.159550e-08	3.738059e+01	1.345852e+03
5.880000e-06	4.504245e-09	1.156909e-08	3.708620e+01	1.342236e+03
5.890000e-06	4.468347e-09	1.153700e-08	3.679062e+01	1.338592e+03
5.900000e-06	4.432319e-09	1.149975e-08	3.649398e+01	1.334921e+03
5.910000e-06	4.396148e-09	1.146160e-08	3.619616e+01	1.331223e+03
5.920000e-06	4.359821e-09	1.142716e-08	3.589705e+01	1.327495e+03
5.930000e-06	4.323337e-09	1.139185e-08	3.559666e+01	1.323736e+03
5.940000e-06	4.286663e-09	1.135472e-08	3.529470e+01	1.319946e+03
5.950000e-06	4.249752e-09	1.131627e-08	3.499079e+01	1.316123e+03
5.960000e-06	4.212630e-09	1.128221e-08	3.468515e+01	1.312264e+03
5.970000e-06	4.175314e-09	1.125343e-08	3.437790e+01	1.308368e+03
5.980000e-06	4.137730e-09	1.122077e-08	3.406844e+01	1.304432e+03
5.990000e-06	4.099833e-09	1.118241e-08	3.375642e+01	1.300454e+03
6.000000e-06	4.061645e-09	1.113921e-08	3.344200e+01	1.296432e+03
6.010000e-06	4.023184e-09	1.109690e-08	3.312532e+01	1.292363e+03
6.020000e-06	3.984473e-09	1.105431e-08	3.280660e+01	1.288244e+03
6.030000e-06	3.945512e-09	1.100909e-08	3.248580e+01	1.284073e+03
6.040000e-06	3.906305e-09	1.096697e-08	3.216299e+01	1.279846e+03
6.050000e-06	3.866881e-09	1.093031e-08	3.183839e+01	1.275561e+03
6.060000e-06	3.827267e-09	1.089803e-08	3.151222e+01	1.271214e+03
6.070000e-06	3.787494e-09	1.086078e-08	3.118474e+01	1.266804e+03
6.080000e-06	3.747543e-09	1.081531e-08	3.085580e+01	1.262326e+03
6.090000e-06	3.707416e-09	1.076520e-08	3.052541e+01	1.257778e+03
6.100000e-06	3.667132e-09	1.071535e-08	3.019372e+01	1.253157e+03
6.110000e-06	3.626703e-09	1.066983e-08	2.986084e+01	1.248460e+03
6.120000e-06	3.586151e-09	1.062517e-08	2.952695e+01	1.243685e+03
6.130000e-06	3.545458e-09	1.058224e-08	2.919190e+01	1.238829e+03
6.140000e-06	3.504610e-09	1.054102e-08	2.885557e+01	1.233889e+03
6.150000e-06	3.463634e-09	1.050158e-08	2.851819e+01	1.228863e+03
6.160000e-06	3.422536e-09	1.046146e-08	2.817980e+01	1.223749e+03
6.170000e-06	3.381269e-09	1.041608e-08	2.784003e+01	1.218545e+03
6.180000e-06	3.339839e-09	1.036636e-08	2.749891e+01	1.213249e+03
6.190000e-06	3.298264e-09	1.031697e-08	2.715660e+01	1.207860e+03
6.200000e-06	3.256556e-09	1.027105e-08	2.681318e+01	1.202376e+03
6.210000e-06	3.214710e-09	1.022263e-08	2.646864e+01	1.196796e+03
6.220000e-06	3.172716e-09	1.017140e-08	2.612288e+01	1.191119e+03
6.230000e-06	3.130591e-09	1.012150e-08	2.577604e+01	1.185344e+03
6.240000e-06	3.088336e-09	1.007429e-08	2.542813e+01	1.179472e+03
6.250000e-06	3.045919e-09	1.002765e-08	2.507888e+01	1.173501e+03
6.260000e-06	3.003362e-09	9.978319e-09	2.472848e+01	1.167432e+03
6.270000e-06	2.960703e-09	9.928340e-09	2.437725e+01	1.161264e+03
6.280000e-06	2.917935e-09	9.881183e-09	2.402511e+01	1.154999e+03
6.290000e-06	2.875076e-09	9.834784e-09	2.367223e+01	1.148637e+03
6.300000e-06	2.832116e-09	9.785983e-09	2.331851e+01	1.142178e+03
6.310000e-06	2.789045e-09	9.732348e-09	2.296388e+01	1.135624e+03
6.320000e-06	2.745871e-09	9.675343e-09	2.260840e+01	1.128976e+03
6.330000e-06	2.702602e-09	9.620975e-09	2.225214e+01	1.122235e+03
6.340000e-06	2.659225e-09	9.565263e-09	2.189499e+01	1.115402e+03
6.350000e-06	2.615737e-09	9.508395e-09	2.153692e+01	1.108480e+03
6.360000e-06	2.572167e-09	9.451190e-09	2.117818e+01	1.101468e+03
6.370000e-06	2.528511e-09	9.392725e-09	2.081874e+01	1.094370e+03
6.380000e-06	2.484773e-09	9.335850e-09	2.045862e+01	1.087186e+03
6.390000e-06	2.440946e-09	9.275936e-09	2.009776e+01	1.079918e+03
6.400000e-06	2.396991e-09	9.211676e-09	1.973585e+01	1.072568e+03
6.410000e-06	2.352931e-09	9.146005e-09	1.937307e+01	1.065137e+03
6.420000e-06	2.308797e-09	9.085108e-09	1.900969e+01	1.057627e+03
6.430000e-06	2.264568e-09	9.025829e-09	1.864552e+01	1.050038e+03
6.440000e-06	2.220237e-09	8.966297e-09	1.828052e+01	1.042373e+03
6.450000e-06	2.175836e-09	8.906583e-09	1.791494e+01	1.034631e+03
6.460000e-06	2.131358e-09	8.842672e-09	1.754872e+01	1.026813e+03
6.470000e-06	2.086795e-09	8.779093e-09	1.718180e+01	1.018920e+03
6.480000e-06	2.042139e-09	8.711556e-09	1.681412e+01	1.010951e+03
6.490000e-06	1.997380e-09	8.641614e-09	1.644559e+01	1.002907e+03
6.500000e-06	1.952527e-09	8.569622e-09	1.607629e+01	9.947871e+02
6.510000e-06	1.907600e-09	8.499115e-09	1.570638e+01	9.865901e+02
6.520000e-06	1.862600e-09	8.432055e-09	1.533586e+01	9.783147e+02
6.530000e-06	1.817540e-09	8.363751e-09	1.496486e+01	9.699592e+02
6.540000e-06	1.772413e-09	8.294410e-09	1.459330e+01	9.615214e+02
6.550000e-06	1.727199e-09	8.219480e-09	1.422103e+01	9.529987e+02
6.560000e-06	1.681922e-09	8.143722e-09	1.384824e+01	9.443881e+02
6.570000e-06	1.636573e-09	8.065430e-09	1.347485e+01	9.356860e+02
6.580000e-06	1.591147e-09	7.984713e-09	1.310083e+01	9.268884e+02
6.590000e-06	1.545653e-09	7.902488e-09	1.272625e+01	9.179908e+02
6.600000e-06	1.500087e-09	7.819798e-09	1.235107e+01	9.089882e+02
6.610000e-06	1.454467e-09	7.740831e-09	1.197546e+01	8.998753e+02
6.620000e-06	1.408831e-09	7.662018e-09	1.159971e+01	8.906460e+02
6.630000e-06	1.363145e-09	7.583920e-09	1.122354e+01	8.812941e+02
6.640000e-06	1.317399e-09	7.501203e-09	1.084690e+01	8.718126e+02
6.650000e-06	1.271607e-09	7.414592e-09	1.046986e+01	8.621945e+02
6.660000e-06	1.225746e-09	7.325607e-09	1.009226e+01	8.524319e+02
6.670000e-06	1.179823e-09	7.234604e-09	9.714149e+00	8.425170e+02
6.680000e-06	1.133865e-09	7.142665e-09	9.335743e+00	8.324412e+02
6.690000e-06	1.087871e-09	7.047944e-09	8.957050e+00	8.221960e+02
6.700000e-06	1.041813e-09	6.954308e-09	8.577822e+00	8.117722e+02
6.710000e-06	9.956794e-10	6.859600e-09	8.197976e+00	8.011606e+02
6.720000e-06	9.494983e-10	6.763642e-09	7.817738e+00	7.903518e+02
6.730000e-06	9.032893e-10	6.664257e-09	7.437270e+00	7.793361e+02
6.740000e-06	8.570210e-10	6.562356e-09	7.056313e+00	7.681037e+02
6.750000e-06	8.106844e-10	6.458628e-09	6.674794e+00	7.566448e+02
6.760000e-06	7.643139e-10	6.352247e-09	6.292997e+00	7.449496e+02
6.770000e-06	7.178973e-10	6.245770e-09	5.910820e+00	7.330081e+02
6.780000e-06	6.714072e-10	6.137804e-09	5.528038e+00	7.208105e+02
6.790000e-06	6.248746e-10	6.031809e-09	5.144906e+00	7.083473e+02
6.800000e-06	5.783197e-10	5.925632e-09	4.761588e+00	6.956089e+02
6.810000e-06	5.317324e-10	5.816570e-09	4.378006e+00	6.825862e+02
6.820000e-06	4.851298e-10	5.703390e-09	3.994297e+00	6.692702e+02
6.830000e-06	4.385087e-10	5.587132e-09	3.610437e+00	6.556524e+02
6.840000e-06	3.918725e-10	5.470030e-09	3.226452e+00	6.417245e+02
6.850000e-06	3.452350e-10	5.347972e-09	2.842455e+00	6.274789e+02
6.860000e-06	2.985678e-10	5.222470e-09	2.458215e+00	6.129084e+02
6.870000e-06	2.518750e-10	5.097604e-09	2.073763e+00	5.980064e+02
6.880000e-06	2.051799e-10	4.974624e-09	1.689291e+00	5.827669e+02
6.890000e-06	1.585001e-10	4.849752e-09	1.304946e+00	5.671845e+02
6.900000e-06	1.118426e-10	4.721397e-09	9.207850e-01	5.512547e+02
6.910000e-06	6.519072e-11	4.588658e-09	5.366711e-01	5.349737e+02
6.920000e-06	1.856021e-11	4.451272e-09	1.527320e-01	5.183383e+02
6.930000e-06	-2.808011e-11	4.314146e-09	-2.312880e-01	5.013465e+02
6.940000e-06	-7.472080e-11	4.176104e-09	-6.153105e-01	4.839968e+02
6.950000e-06	-1.213309e-10	4.034638e-09	-9.990800e-01	4.662889e+02
6.960000e-06	-1.679213e-10	3.889147e-09	-1.382688e+00	4.482233e+02
6.970000e-06	-2.144692e-10	3.739102e-09	-1.765948e+00	4.298014e+02
6.980000e-06	-2.610114e-10	3.583142e-09	-2.149159e+00	4.110257e+02
6.990000e-06	-3.075457e-10	3.421646e-09	-2.532305e+00	3.918998e+02
7.000000e-06	-3.540460e-10	3.255881e-09	-2.915172e+00	3.724279e+02
7.010000e-06	-4.005132e-10	3.087156e-09	-3.297767e+00	3.526156e+02
7.020000e-06	-4.469750e-10	2.917849e-09	-3.680316e+00	3.324693e+02
7.030000e-06	-4.934143e-10	2.745979e-09	-4.062680e+00	3.119966e+02
7.040000e-06	-5.398204e-10	2.570412e-09	-4.444771e+00	2.912057e+02
7.050000e-06	-5.862073e-10	2.390293e-09	-4.826703e+00	2.701063e+02
7.060000e-06	-6.325743e-10	2.207932e-09	-5.208473e+00	2.487088e+02
7.070000e-06	-6.789367e-10	2.025132e-09	-5.590203e+00	2.270243e+02
7.080000e-06	-7.252703e-10	1.838489e-09	-5.971697e+00	2.050653e+02
7.090000e-06	-7.715595e-10	1.645603e-09	-6.352826e+00	1.828449e+02
7.100000e-06	-8.178166e-10	1.448684e-09	-6.733689e+00	1.603771e+02
7.110000e-06	-8.640750e-10	1.251586e-09	-7.114564e+00	1.376766e+02
7.120000e-06	-9.103203e-10	1.052462e-09	-7.495331e+00	1.147591e+02
7.130000e-06	-9.565109e-10	8.506670e-10	-7.875647e+00	9.164078e+01
7.140000e-06	-1.002645e-09	6.450457e-10	-8.255501e+00	6.833863e+01
7.150000e-06	-1.048747e-09	4.355199e-10	-8.635084e+00	4.487020e+01
7.160000e-06	-1.094825e-09	2.259976e-10	-9.014477e+00	2.125360e+01
7.170000e-06	-1.140868e-09	1.835451e-11	-9.393573e+00	-2.492565e+00
7.180000e-06	-1.186846e-09	-1.884502e-10	-9.772136e+00	-2.634927e+01
7.190000e-06	-1.232741e-09	-3.981081e-10	-1.015002e+01	-5.029711e+01
7.200000e-06	-1.278596e-09	-6.077607e-10	-1.052757e+01	-7.431639e+01
7.210000e-06	-1.324406e-09	-8.152691e-10	-1.090476e+01	-9.838717e+01
7.220000e-06	-1.370129e-09	-1.024936e-09	-1.128122e+01	-1.224893e+02
7.230000e-06	-1.415783e-09	-1.237135e-09	-1.165712e+01	-1.466027e+02
7.240000e-06	-1.461366e-09	-1.447344e-09	-1.203244e+01	-1.707070e+02
7.250000e-06	-1.506861e-09	-1.653180e-09	-1.240702e+01	-1.947821e+02
7.260000e-06	-1.552269e-09	-1.856233e-09	-1.278089e+01	-2.188079e+02
7.270000e-06	-1.597582e-09	-2.060662e-09	-1.315398e+01	-2.427645e+02
7.280000e-06	-1.642807e-09	-2.269593e-09	-1.352635e+01	-2.666322e+02
7.290000e-06	-1.687950e-09	-2.477609e-09	-1.389803e+01	-2.903917e+02
7.300000e-06	-1.733016e-09	-2.680663e-09	-1.426909e+01	-3.140240e+02
7.310000e-06	-1.778003e-09	-2.881407e-09	-1.463949e+01	-3.375105e+02
7.320000e-06	-1.822902e-09	-3.081015e-09	-1.500918e+01	-3.608331e+02
7.330000e-06	-1.867722e-09	-3.279419e-09	-1.537821e+01	-3.839744e+02
7.340000e-06	-1.912457e-09	-3.476056e-09	-1.574654e+01	-4.069175e+02
7.350000e-06	-1.957115e-09	-3.669750e-09	-1.611424e+01	-4.296460e+02
7.360000e-06	-2.001690e-09	-3.863757e-09	-1.648125e+01	-4.521444e+02
7.370000e-06	-2.046189e-09	-4.057993e-09	-1.684764e+01	-4.743979e+02
7.380000e-06	-2.090625e-09	-4.246405e-09	-1.721351e+01	-4.963923e+02
7.390000e-06	-2.134984e-09	-4.427185e-09	-1.757875e+01	-5.181145e+02
7.400000e-06	-2.179271e-09	-4.603787e-09	-1.794339e+01	-5.395520e+02
7.410000e-06	-2.223488e-09	-4.781033e-09	-1.830745e+01	-5.606933e+02
7.420000e-06	-2.267635e-09	-4.959278e-09	-1.867095e+01	-5.815278e+02
7.430000e-06	-2.311709e-09	-5.137394e-09	-1.903384e+01	-6.020457e+02
7.440000e-06	-2.355717e-09	-5.313405e-09	-1.939619e+01	-6.222381e+02
7.450000e-06	-2.399655e-09	-5.485795e-09	-1.975795e+01	-6.420973e+02
7.460000e-06	-2.443518e-09	-5.653680e-09	-2.011911e+01	-6.616162e+02
7.470000e-06	-2.487317e-09	-5.815648e-09	-2.047973e+01	-6.807888e+02
7.480000e-06	-2.531037e-09	-5.974143e-09	-2.083970e+01	-6.996101e+02
7.490000e-06	-2.574664e-09	-6.130426e-09	-2.119891e+01	-7.180759e+02
7.500000e-06	-2.618183e-09	-6.284881e-09	-2.155723e+01	-7.361829e+02
7.510000e-06	-2.661607e-09	-6.435745e-09	-2.191477e+01	-7.539287e+02
7.520000e-06	-2.704946e-09	-6.582701e-09	-2.227161e+01	-7.713119e+02
7.530000e-06	-2.748174e-09	-6.725571e-09	-2.262753e+01	-7.883319e+02
7.540000e-06	-2.791292e-09	-6.863013e-09	-2.298255e+01	-8.049889e+02
7.550000e-06	-2.834295e-09	-6.999778e-09	-2.333662e+01	-8.212837e+02
7.560000e-06	-2.877157e-09	-7.135016e-09	-2.368953e+01	-8.372182e+02
7.570000e-06	-2.919869e-09	-7.267368e-09	-2.404120e+01	-8.527949e+02
7.580000e-06	-2.962444e-09	-7.397090e-09	-2.439175e+01	-8.680169e+02
7.590000e-06	-3.004900e-09	-7.523249e-09	-2.474131e+01	-8.828880e+02
7.600000e-06	-3.047218e-09	-7.644191e-09	-2.508974e+01	-8.974125e+02
7.610000e-06	-3.089399e-09	-7.759448e-09	-2.543705e+01	-9.115956e+02
7.620000e-06	-3.131435e-09	-7.873285e-09	-2.578316e+01	-9.254427e+02
7.630000e-06	-3.173298e-09	-7.985992e-09	-2.612784e+01	-9.389597e+02
7.640000e-06	-3.214990e-09	-8.099077e-09	-2.647111e+01	-9.521530e+02
7.650000e-06	-3.256533e-09	-8.212629e-09	-2.681317e+01	-9.650294e+02
7.660000e-06	-3.297925e-09	-8.324392e-09	-2.715397e+01	-9.775960e+02
7.670000e-06	-3.339161e-09	-8.432584e-09	-2.749349e+01	-9.898602e+02
7.680000e-06	-3.380262e-09	-8.536412e-09	-2.783190e+01	-1.001829e+03
7.690000e-06	-3.421217e-09	-8.637465e-09	-2.816911e+01	-1.013512e+03
7.700000e-06	-3.462028e-09	-8.735486e-09	-2.850513e+01	-1.024915e+03
7.710000e-06	-3.502699e-09	-8.831563e-09	-2.884000e+01	-1.036047e+03
7.720000e-06	-3.543257e-09	-8.925523e-09	-2.917394e+01	-1.046916e+03
7.730000e-06	-3.583701e-09	-9.019339e-09	-2.950694e+01	-1.057530e+03
7.740000e-06	-3.624008e-09	-9.112911e-09	-2.983882e+01	-1.067898e+03
7.750000e-06	-3.664203e-09	-9.202884e-09	-3.016977e+01	-1.078027e+03
7.760000e-06	-3.704305e-09	-9.289874e-09	-3.049995e+01	-1.087925e+03
7.770000e-06	-3.744284e-09	-9.377256e-09	-3.082912e+01	-1.097601e+03
7.780000e-06	-3.784113e-09	-9.466720e-09	-3.115706e+01	-1.107061e+03
7.790000e-06	-3.823814e-09	-9.553258e-09	-3.148395e+01	-1.116313e+03
7.800000e-06	-3.863370e-09	-9.634986e-09	-3.180963e+01	-1.125365e+03
7.810000e-06	-3.902742e-09	-9.712093e-09	-3.213381e+01	-1.134224e+03
7.820000e-06	-3.941914e-09	-9.785886e-09	-3.245634e+01	-1.142895e+03
7.830000e-06	-3.980850e-09	-9.858642e-09	-3.277692e+01	-1.151387e+03
7.840000e-06	-4.019534e-09	-9.930569e-09	-3.309542e+01	-1.159705e+03
7.850000e-06	-4.057985e-09	-1.000341e-08	-3.341201e+01	-1.167855e+03
7.860000e-06	-4.096160e-09	-1.007595e-08	-3.372632e+01	-1.175843e+03
7.870000e-06	-4.134022e-09	-1.014749e-08	-3.403806e+01	-1.183674e+03
7.880000e-06	-4.171569e-09	-1.021657e-08	-3.434721e+01	-1.191354e+03
7.890000e-06	-4.208837e-09	-1.028114e-08	-3.465406e+01	-1.198886e+03
7.900000e-06	-4.245856e-09	-1.034243e-08	-3.495886e+01	-1.206275e+03
7.910000e-06	-4.282633e-09	-1.040352e-08	-3.526166e+01	-1.213526e+03
7.920000e-06	-4.319195e-09	-1.046676e-08	-3.556270e+01	-1.220642e+03
7.930000e-06	-4.355573e-09	-1.052942e-08	-3.586222e+01	-1.227628e+03
7.940000e-06	-4.391789e-09	-1.059113e-08	-3.616041e+01	-1.234485e+03
7.950000e-06	-4.427862e-09	-1.064998e-08	-3.645742e+01	-1.241217e+03
7.960000e-06	-4.463797e-09	-1.070424e-08	-3.675330e+01	-1.247827e+03
7.970000e-06	-4.499585e-09	-1.075577e-08	-3.704797e+01	-1.254318e+03
7.980000e-06	-4.535197e-09	-1.080795e-08	-3.734118e+01	-1.260691e+03
7.990000e-06	-4.570617e-09	-1.086114e-08	-3.763281e+01	-1.266948e+03
8.000000e-06	-4.605847e-09	-1.091265e-08	-3.792289e+01	-1.273092e+03
8.010000e-06	-4.640879e-09	-1.096412e-08	-3.821133e+01	-1.279125e+03
8.020000e-06	-4.675703e-09	-1.101271e-08	-3.849805e+01	-1.285047e+03
8.030000e-06	-4.710290e-09	-1.105865e-08	-3.878283e+01	-1.290860e+03
8.040000e-06	-4.744661e-09	-1.110223e-08	-3.906582e+01	-1.296566e+03
8.050000e-06	-4.778817e-09	-1.114363e-08	-3.934706e+01	-1.302165e+03
8.060000e-06	-4.812758e-09	-1.118846e-08	-3.962651e+01	-1.307660e+03
8.070000e-06	-4.846491e-09	-1.123904e-08	-3.990426e+01	-1.313050e+03
8.080000e-06	-4.879992e-09	-1.129305e-08	-4.018009e+01	-1.318338e+03
8.090000e-06	-4.913281e-09	-1.134223e-08	-4.045418e+01	-1.323523e+03
8.100000e-06	-4.946372e-09	-1.138612e-08	-4.072664e+01	-1.328607e+03
8.110000e-06	-4.979243e-09	-1.142555e-08	-4.099728e+01	-1.333592e+03
8.120000e-06	-5.011904e-09	-1.146010e-08	-4.126620e+01	-1.338477e+03
8.130000e-06	-5.044370e-09	-1.149475e-08	-4.153351e+01	-1.343265e+03
8.140000e-06	-5.076641e-09	-1.153069e-08	-4.179922e+01	-1.347956e+03
8.150000e-06	-5.108753e-09	-1.157135e-08	-4.206362e+01	-1.352551e+03
8.160000e-06	-5.140705e-09	-1.161634e-08	-4.232670e+01	-1.357052e+03
8.170000e-06	-5.172468e-09	-1.166179e-08	-4.258823e+01	-1.361460e+03
8.180000e-06	-5.204023e-09	-1.170210e-08	-4.284804e+01	-1.365777e+03
8.190000e-06	-5.235326e-09	-1.173450e-08	-4.310577e+01	-1.370003e+03
8.200000e-06	-5.266330e-09	-1.176368e-08	-4.336104e+01	-1.374141e+03
8.210000e-06	-5.296988e-09	-1.179280e-08	-4.361347e+01	-1.378192e+03
8.220000e-06	-5.327240e-09	-1.182403e-08	-4.386255e+01	-1.382158e+03
8.230000e-06	-5.357083e-09	-1.185931e-08	-4.410827e+01	-1.386041e+03
8.240000e-06	-5.386539e-09	-1.189956e-08	-4.435079e+01	-1.389842e+03
8.250000e-06	-5.415628e-09	-1.194144e-08	-4.459030e+01	-1.393564e+03
8.260000e-06	-5.444414e-09	-1.198224e-08	-4.482731e+01	-1.397208e+03
8.270000e-06	-5.472932e-09	-1.201769e-08	-4.506211e+01	-1.400777e+03
8.280000e-06	-5.501238e-09	-1.204587e-08	-4.529518e+01	-1.404273e+03
8.290000e-06	-5.529391e-09	-1.206969e-08	-4.552698e+01	-1.407698e+03
8.300000e-06	-5.557393e-09	-1.209335e-08	-4.575754e+01	-1.411055e+03
8.310000e-06	-5.585229e-09	-1.212133e-08	-4.598673e+01	-1.414345e+03
8.320000e-06	-5.612864e-09	-1.215495e-08	-4.621427e+01	-1.417571e+03
8.330000e-06	-5.640264e-09	-1.219141e-08	-4.643987e+01	-1.420736e+03
8.340000e-06	-5.667414e-09	-1.222552e-08	-4.666341e+01	-1.423841e+03
8.350000e-06	-5.694295e-09	-1.225528e-08	-4.688474e+01	-1.426889e+03
8.360000e-06	-5.720896e-09	-1.228080e-08	-4.710376e+01	-1.429882e+03
8.370000e-06	-5.747212e-09	-1.230517e-08	-4.732043e+01	-1.432822e+03
8.380000e-06	-5.773263e-09	-1.232905e-08	-4.753493e+01	-1.435712e+03
8.390000e-06	-5.799051e-09	-1.235230e-08	-4.774725e+01	-1.438554e+03
8.400000e-06	-5.824570e-09	-1.238003e-08	-4.795737e+01	-1.441349e+03
8.410000e-06	-5.849828e-09	-1.241345e-08	-4.816533e+01	-1.444100e+03
8.420000e-06	-5.874813e-09	-1.244743e-08	-4.837105e+01	-1.446809e+03
8.430000e-06	-5.899517e-09	-1.247566e-08	-4.857445e+01	-1.449477e+03
8.440000e-06	-5.923994e-09	-1.249740e-08	-4.877598e+01	-1.452105e+03
8.450000e-06	-5.948305e-09	-1.251788e-08	-4.897615e+01	-1.454696e+03
8.460000e-06	-5.972466e-09	-1.254064e-08	-4.917508e+01	-1.457251e+03
8.470000e-06	-5.996469e-09	-1.256465e-08	-4.937271e+01	-1.459771e+03
8.480000e-06	-6.020296e-09	-1.258852e-08	-4.956890e+01	-1.462257e+03
8.490000e-06	-6.043903e-09	-1.261466e-08	-4.976327e+01	-1.464710e+03
8.500000e-06	-6.067223e-09	-1.264068e-08	-4.995528e+01	-1.467131e+03
8.510000e-06	-6.090206e-09	-1.266377e-08	-5.014451e+01	-1.469520e+03
8.520000e-06	-6.112794e-09	-1.268428e-08	-5.033049e+01	-1.471879e+03
8.530000e-06	-6.134888e-09	-1.270377e-08	-5.051240e+01	-1.474208e+03
8.540000e-06	-6.156508e-09	-1.272457e-08	-5.069041e+01	-1.476507e+03
8.550000e-06	-6.177712e-09	-1.274719e-08	-5.086500e+01	-1.478775e+03
8.560000e-06	-6.198508e-09	-1.277121e-08	-5.103622e+01	-1.481014e+03
8.570000e-06	-6.219018e-09	-1.279373e-08	-5.120509e+01	-1.483223e+03
8.580000e-06	-6.239329e-09	-1.281457e-08	-5.137233e+01	-1.485401e+03
8.590000e-06	-6.259475e-09	-1.283350e-08	-5.153820e+01	-1.487549e+03
8.600000e-06	-6.279452e-09	-1.285142e-08	-5.170268e+01	-1.489666e+03
8.610000e-06	-6.299224e-09	-1.286962e-08	-5.186548e+01	-1.491751e+03
8.620000e-06	-6.318751e-09	-1.288949e-08	-5.202625e+01	-1.493804e+03
8.630000e-06	-6.337979e-09	-1.291227e-08	-5.218457e+01	-1.495824e+03
8.640000e-06	-6.356918e-09	-1.293430e-08	-5.234050e+01	-1.497811e+03
8.650000e-06	-6.375569e-09	-1.295491e-08	-5.249407e+01	-1.499763e+03
8.660000e-06	-6.393929e-09	-1.297258e-08	-5.264524e+01	-1.501680e+03
8.670000e-06	-6.412018e-09	-1.298627e-08	-5.279417e+01	-1.503561e+03
8.680000e-06	-6.429860e-09	-1.299641e-08	-5.294108e+01	-1.505405e+03
8.690000e-06	-6.447449e-09	-1.300538e-08	-5.308590e+01	-1.507211e+03
8.700000e-06	-6.464729e-09	-1.301872e-08	-5.322818e+01	-1.508978e+03
8.710000e-06	-6.481670e-09	-1.303687e-08	-5.336766e+01	-1.510706e+03
8.720000e-06	-6.498335e-09	-1.305655e-08	-5.350487e+01	-1.512393e+03
8.730000e-06	-6.514766e-09	-1.307309e-08	-5.364016e+01	-1.514039e+03
8.740000e-06	-6.530988e-09	-1.308691e-08	-5.377373e+01	-1.515644e+03
8.750000e-06	-6.547052e-09	-1.309846e-08	-5.390599e+01	-1.517206e+03
8.760000e-06	-6.562919e-09	-1.310877e-08	-5.403664e+01	-1.518724e+03
8.770000e-06	-6.578486e-09	-1.311872e-08	-5.416481e+01	-1.520199e+03
8.780000e-06	-6.593649e-09	-1.312854e-08	-5.428965e+01	-1.521630e+03
8.790000e-06	-6.608339e-09	-1.314103e-08	-5.441060e+01	-1.523017e+03
8.800000e-06	-6.622513e-09	-1.315415e-08	-5.452730e+01	-1.524359e+03
8.810000e-06	-6.636189e-09	-1.316662e-08	-5.463990e+01	-1.525657e+03
8.820000e-06	-6.649418e-09	-1.317691e-08	-5.474882e+01	-1.526910e+03
8.830000e-06	-6.662236e-09	-1.318439e-08	-5.485436e+01	-1.528118e+03
8.840000e-06	-6.674726e-09	-1.319029e-08	-5.495720e+01	-1.529281e+03
8.850000e-06	-6.686964e-09	-1.319657e-08	-5.505796e+01	-1.530401e+03
8.860000e-06	-6.698947e-09	-1.320678e-08	-5.515662e+01	-1.531477e+03
8.870000e-06	-6.710625e-09	-1.321954e-08	-5.525277e+01	-1.532509e+03
8.880000e-06	-6.721965e-09	-1.323218e-08	-5.534614e+01	-1.533499e+03
8.890000e-06	-6.732973e-09	-1.324229e-08	-5.543678e+01	-1.534447e+03
8.900000e-06	-6.743672e-09	-1.324930e-08	-5.552487e+01	-1.535354e+03
8.910000e-06	-6.754089e-09	-1.325431e-08	-5.561064e+01	-1.536221e+03
8.920000e-06	-6.764244e-09	-1.325716e-08	-5.569425e+01	-1.537049e+03
8.930000e-06	-6.774122e-09	-1.326114e-08	-5.577558e+01	-1.537838e+03
8.940000e-06	-6.783686e-09	-1.326719e-08	-5.585432e+01	-1.538590e+03
8.950000e-06	-6.792907e-09	-1.327586e-08	-5.593024e+01	-1.539306e+03
8.960000e-06	-6.801790e-09	-1.328463e-08	-5.600338e+01	-1.539988e+03
8.970000e-06	-6.810383e-09	-1.329057e-08	-5.607413e+01	-1.540635e+03
8.980000e-06	-6.818759e-09	-1.329484e-08	-5.614310e+01	-1.541251e+03
8.990000e-06	-6.826959e-09	-1.329770e-08	-5.621062e+01	-1.541835e+03
9.000000e-06	-6.834969e-09	-1.330015e-08	-5.627656e+01	-1.542389e+03
9.010000e-06	-6.842730e-09	-1.330287e-08	-5.634046e+01	-1.542914e+03
9.020000e-06	-6.850169e-09	-1.330755e-08	-5.640171e+01	-1.543412e+03
9.030000e-06	-6.857262e-09	-1.331292e-08	-5.646011e+01	-1.543884e+03
9.040000e-06	-6.863911e-09	-1.331867e-08	-5.651486e+01	-1.544330e+03
9.050000e-06	-6.870047e-09	-1.332377e-08	-5.656538e+01	-1.544752e+03
9.060000e-06	-6.875713e-09	-1.332718e-08	-5.661203e+01	-1.545151e+03
9.070000e-06	-6.880895e-09	-1.332962e-08	-5.665470e+01	-1.545528e+03
9.080000e-06	-6.885652e-09	-1.333121e-08	-5.669386e+01	-1.545883e+03
9.090000e-06	-6.890132e-09	-1.333490e-08	-5.673075e+01	-1.546218e+03
9.100000e-06	-6.894403e-09	-1.333951e-08	-5.676591e+01	-1.546532e+03
9.110000e-06	-6.898502e-09	-1.334264e-08	-5.679967e+01	-1.546828e+03
9.120000e-06	-6.902430e-09	-1.334267e-08	-5.683200e+01	-1.547104e+03
9.130000e-06	-6.906115e-09	-1.334124e-08	-5.686235e+01	-1.547361e+03
9.140000e-06	-6.909497e-09	-1.334279e-08	-5.689019e+01	-1.547600e+03
9.150000e-06	-6.912535e-09	-1.334703e-08	-5.691520e+01	-1.547821e+03
9.160000e-06	-6.915259e-09	-1.335120e-08	-5.693763e+01	-1.548023e+03
9.170000e-06	-6.917720e-09	-1.335292e-08	-5.695790e+01	-1.548207e+03
9.180000e-06	-6.919946e-09	-1.335409e-08	-5.697622e+01	-1.548372e+03
9.190000e-06	-6.921958e-09	-1.335662e-08	-5.699279e+01	-1.548517e+03
9.200000e-06	-6.923636e-09	-1.335878e-08	-5.700661e+01	-1.548644e+03
9.210000e-06	-6.924822e-09	-1.335614e-08	-5.701637e+01	-1.548750e+03
9.220000e-06	-6.925695e-09	-1.334971e-08	-5.702355e+01	-1.548835e+03
9.230000e-06	-6.926364e-09	-1.334766e-08	-5.702906e+01	-1.548898e+03
