# Temperatura_=_20.0
# Concentracion g/m^3_=_18000.0
# C_Vs_to_Am_M_A/Vsm_=_116720831517.84952
# pendiente_HvsI_1/m_=_3716.3
# ordenada_HvsI_A/m_=_1297.0
# frecuencia_Hz_=_108223.33856727993
# Promedio de 24 ciclos

Tiempo_(s)	Campo_(V.s)	Magnetizacion_(V.s)	Campo_(kA/m)	Magnetizacion_(A/m)
0.000000e+00	-6.942027e-09	-7.529904e-09	-5.693886e+01	-8.702569e+02
1.000000e-08	-6.942208e-09	-7.534045e-09	-5.694034e+01	-8.701568e+02
2.000000e-08	-6.942224e-09	-7.534825e-09	-5.694047e+01	-8.700248e+02
3.000000e-08	-6.942030e-09	-7.531670e-09	-5.693887e+01	-8.698613e+02
4.000000e-08	-6.941532e-09	-7.526488e-09	-5.693479e+01	-8.696665e+02
5.000000e-08	-6.940661e-09	-7.524563e-09	-5.692764e+01	-8.694409e+02
6.000000e-08	-6.939360e-09	-7.526931e-09	-5.691698e+01	-8.691850e+02
7.000000e-08	-6.937542e-09	-7.531756e-09	-5.690206e+01	-8.688994e+02
8.000000e-08	-6.935194e-09	-7.530880e-09	-5.688280e+01	-8.685847e+02
9.000000e-08	-6.932324e-09	-7.525462e-09	-5.685926e+01	-8.682416e+02
1.000000e-07	-6.929017e-09	-7.535409e-09	-5.683214e+01	-8.678709e+02
1.100000e-07	-6.925408e-09	-7.545806e-09	-5.680254e+01	-8.674733e+02
1.200000e-07	-6.921588e-09	-7.520602e-09	-5.677120e+01	-8.670498e+02
1.300000e-07	-6.917610e-09	-7.469399e-09	-5.673857e+01	-8.666010e+02
1.400000e-07	-6.913434e-09	-7.491898e-09	-5.670432e+01	-8.661282e+02
1.500000e-07	-6.908973e-09	-7.579722e-09	-5.666773e+01	-8.656321e+02
1.600000e-07	-6.904182e-09	-7.549340e-09	-5.662843e+01	-8.651138e+02
1.700000e-07	-6.899041e-09	-7.497347e-09	-5.658627e+01	-8.645743e+02
1.800000e-07	-6.893548e-09	-7.567639e-09	-5.654121e+01	-8.640148e+02
1.900000e-07	-6.887765e-09	-7.509071e-09	-5.649379e+01	-8.634362e+02
2.000000e-07	-6.881682e-09	-7.344764e-09	-5.644389e+01	-8.628396e+02
2.100000e-07	-6.875285e-09	-7.382182e-09	-5.639142e+01	-8.622263e+02
2.200000e-07	-6.868545e-09	-7.426015e-09	-5.633613e+01	-8.615971e+02
2.300000e-07	-6.861440e-09	-7.313805e-09	-5.627786e+01	-8.609534e+02
2.400000e-07	-6.854050e-09	-7.341782e-09	-5.621725e+01	-8.602961e+02
2.500000e-07	-6.846428e-09	-7.405415e-09	-5.615473e+01	-8.596264e+02
2.600000e-07	-6.838605e-09	-7.311655e-09	-5.609057e+01	-8.589453e+02
2.700000e-07	-6.830601e-09	-7.329776e-09	-5.602492e+01	-8.582539e+02
2.800000e-07	-6.822388e-09	-7.369428e-09	-5.595755e+01	-8.575533e+02
2.900000e-07	-6.813856e-09	-7.280344e-09	-5.588757e+01	-8.568443e+02
3.000000e-07	-6.804926e-09	-7.285428e-09	-5.581432e+01	-8.561281e+02
3.100000e-07	-6.795555e-09	-7.321037e-09	-5.573747e+01	-8.554054e+02
3.200000e-07	-6.785690e-09	-7.285780e-09	-5.565655e+01	-8.546774e+02
3.300000e-07	-6.775292e-09	-7.291543e-09	-5.557127e+01	-8.539447e+02
3.400000e-07	-6.764438e-09	-7.292156e-09	-5.548224e+01	-8.532081e+02
3.500000e-07	-6.753231e-09	-7.255697e-09	-5.539032e+01	-8.524686e+02
3.600000e-07	-6.741730e-09	-7.270385e-09	-5.529599e+01	-8.517266e+02
3.700000e-07	-6.729979e-09	-7.273964e-09	-5.519961e+01	-8.509830e+02
3.800000e-07	-6.717958e-09	-7.242326e-09	-5.510101e+01	-8.502382e+02
3.900000e-07	-6.705615e-09	-7.257575e-09	-5.499977e+01	-8.494929e+02
4.000000e-07	-6.692920e-09	-7.273843e-09	-5.489564e+01	-8.487475e+02
4.100000e-07	-6.679877e-09	-7.261843e-09	-5.478866e+01	-8.480024e+02
4.200000e-07	-6.666505e-09	-7.254546e-09	-5.467899e+01	-8.472579e+02
4.300000e-07	-6.652789e-09	-7.247874e-09	-5.456649e+01	-8.465144e+02
4.400000e-07	-6.638747e-09	-7.232733e-09	-5.445131e+01	-8.457721e+02
4.500000e-07	-6.624332e-09	-7.228024e-09	-5.433308e+01	-8.450311e+02
4.600000e-07	-6.609459e-09	-7.227007e-09	-5.421109e+01	-8.442916e+02
4.700000e-07	-6.594093e-09	-7.213485e-09	-5.408506e+01	-8.435535e+02
4.800000e-07	-6.578220e-09	-7.216564e-09	-5.395487e+01	-8.428168e+02
4.900000e-07	-6.561977e-09	-7.220158e-09	-5.382164e+01	-8.420816e+02
5.000000e-07	-6.545436e-09	-7.206851e-09	-5.368597e+01	-8.413475e+02
5.100000e-07	-6.528594e-09	-7.195562e-09	-5.354783e+01	-8.406145e+02
5.200000e-07	-6.511515e-09	-7.185452e-09	-5.340775e+01	-8.398823e+02
5.300000e-07	-6.494178e-09	-7.178917e-09	-5.326555e+01	-8.391505e+02
5.400000e-07	-6.476534e-09	-7.178647e-09	-5.312083e+01	-8.384189e+02
5.500000e-07	-6.458566e-09	-7.172248e-09	-5.297346e+01	-8.376869e+02
5.600000e-07	-6.440289e-09	-7.160498e-09	-5.282355e+01	-8.369542e+02
5.700000e-07	-6.421704e-09	-7.155449e-09	-5.267111e+01	-8.362202e+02
5.800000e-07	-6.402793e-09	-7.148796e-09	-5.251600e+01	-8.354845e+02
5.900000e-07	-6.383582e-09	-7.141115e-09	-5.235843e+01	-8.347464e+02
6.000000e-07	-6.364120e-09	-7.135935e-09	-5.219880e+01	-8.340053e+02
6.100000e-07	-6.344463e-09	-7.130693e-09	-5.203757e+01	-8.332607e+02
6.200000e-07	-6.324652e-09	-7.125989e-09	-5.187508e+01	-8.325118e+02
6.300000e-07	-6.304694e-09	-7.119952e-09	-5.171138e+01	-8.317580e+02
6.400000e-07	-6.284559e-09	-7.112228e-09	-5.154623e+01	-8.309986e+02
6.500000e-07	-6.264212e-09	-7.101130e-09	-5.137935e+01	-8.302328e+02
6.600000e-07	-6.243609e-09	-7.096143e-09	-5.121036e+01	-8.294599e+02
6.700000e-07	-6.222726e-09	-7.092865e-09	-5.103907e+01	-8.286792e+02
6.800000e-07	-6.201551e-09	-7.087109e-09	-5.086539e+01	-8.278899e+02
6.900000e-07	-6.180098e-09	-7.084395e-09	-5.068944e+01	-8.270912e+02
7.000000e-07	-6.158411e-09	-7.080316e-09	-5.051155e+01	-8.262825e+02
7.100000e-07	-6.136470e-09	-7.073280e-09	-5.033159e+01	-8.254629e+02
7.200000e-07	-6.114254e-09	-7.060272e-09	-5.014938e+01	-8.246317e+02
7.300000e-07	-6.091736e-09	-7.044804e-09	-4.996468e+01	-8.237883e+02
7.400000e-07	-6.068934e-09	-7.029380e-09	-4.977766e+01	-8.229318e+02
7.500000e-07	-6.045879e-09	-7.018266e-09	-4.958856e+01	-8.220615e+02
7.600000e-07	-6.022549e-09	-7.014387e-09	-4.939721e+01	-8.211768e+02
7.700000e-07	-5.998973e-09	-7.014096e-09	-4.920384e+01	-8.202771e+02
7.800000e-07	-5.975201e-09	-7.015438e-09	-4.900886e+01	-8.193616e+02
7.900000e-07	-5.951222e-09	-7.012192e-09	-4.881218e+01	-8.184297e+02
8.000000e-07	-5.926984e-09	-7.004641e-09	-4.861338e+01	-8.174809e+02
8.100000e-07	-5.902441e-09	-6.991068e-09	-4.841207e+01	-8.165145e+02
8.200000e-07	-5.877533e-09	-6.971304e-09	-4.820777e+01	-8.155301e+02
8.300000e-07	-5.852215e-09	-6.952225e-09	-4.800011e+01	-8.145271e+02
8.400000e-07	-5.826447e-09	-6.940320e-09	-4.778877e+01	-8.135052e+02
8.500000e-07	-5.800210e-09	-6.936231e-09	-4.757357e+01	-8.124637e+02
8.600000e-07	-5.773551e-09	-6.933541e-09	-4.735491e+01	-8.114024e+02
8.700000e-07	-5.746561e-09	-6.928437e-09	-4.713354e+01	-8.103208e+02
8.800000e-07	-5.719293e-09	-6.918878e-09	-4.690989e+01	-8.092187e+02
8.900000e-07	-5.691782e-09	-6.905513e-09	-4.668424e+01	-8.080957e+02
9.000000e-07	-5.664058e-09	-6.888465e-09	-4.645685e+01	-8.069516e+02
9.100000e-07	-5.636152e-09	-6.869167e-09	-4.622796e+01	-8.057862e+02
9.200000e-07	-5.608066e-09	-6.851768e-09	-4.599759e+01	-8.045992e+02
9.300000e-07	-5.579787e-09	-6.840324e-09	-4.576565e+01	-8.033905e+02
9.400000e-07	-5.551288e-09	-6.833987e-09	-4.553189e+01	-8.021600e+02
9.500000e-07	-5.522554e-09	-6.827446e-09	-4.529622e+01	-8.009076e+02
9.600000e-07	-5.493614e-09	-6.819376e-09	-4.505885e+01	-7.996333e+02
9.700000e-07	-5.464460e-09	-6.807976e-09	-4.481973e+01	-7.983371e+02
9.800000e-07	-5.435069e-09	-6.793804e-09	-4.457866e+01	-7.970188e+02
9.900000e-07	-5.405447e-09	-6.776648e-09	-4.433570e+01	-7.956787e+02
1.000000e-06	-5.375604e-09	-6.757429e-09	-4.409092e+01	-7.943167e+02
1.010000e-06	-5.345543e-09	-6.741004e-09	-4.384436e+01	-7.929330e+02
1.020000e-06	-5.315267e-09	-6.728536e-09	-4.359603e+01	-7.915276e+02
1.030000e-06	-5.284763e-09	-6.717554e-09	-4.334584e+01	-7.901007e+02
1.040000e-06	-5.254043e-09	-6.704586e-09	-4.309387e+01	-7.886524e+02
1.050000e-06	-5.223104e-09	-6.693031e-09	-4.284012e+01	-7.871830e+02
1.060000e-06	-5.191946e-09	-6.681062e-09	-4.258455e+01	-7.856926e+02
1.070000e-06	-5.160601e-09	-6.668071e-09	-4.232746e+01	-7.841814e+02
1.080000e-06	-5.129065e-09	-6.654430e-09	-4.206879e+01	-7.826497e+02
1.090000e-06	-5.097329e-09	-6.639656e-09	-4.180849e+01	-7.810976e+02
1.100000e-06	-5.065424e-09	-6.627631e-09	-4.154680e+01	-7.795254e+02
1.110000e-06	-5.033325e-09	-6.615987e-09	-4.128352e+01	-7.779333e+02
1.120000e-06	-5.000983e-09	-6.604779e-09	-4.101825e+01	-7.763216e+02
1.130000e-06	-4.968355e-09	-6.592888e-09	-4.075064e+01	-7.746904e+02
1.140000e-06	-4.935423e-09	-6.580196e-09	-4.048053e+01	-7.730401e+02
1.150000e-06	-4.902175e-09	-6.566175e-09	-4.020783e+01	-7.713708e+02
1.160000e-06	-4.868563e-09	-6.550715e-09	-3.993214e+01	-7.696828e+02
1.170000e-06	-4.834571e-09	-6.536760e-09	-3.965334e+01	-7.679763e+02
1.180000e-06	-4.800244e-09	-6.522990e-09	-3.937179e+01	-7.662514e+02
1.190000e-06	-4.765617e-09	-6.510338e-09	-3.908778e+01	-7.645084e+02
1.200000e-06	-4.730683e-09	-6.497137e-09	-3.880125e+01	-7.627473e+02
1.210000e-06	-4.695485e-09	-6.483510e-09	-3.851256e+01	-7.609685e+02
1.220000e-06	-4.660070e-09	-6.469766e-09	-3.822208e+01	-7.591719e+02
1.230000e-06	-4.624445e-09	-6.454402e-09	-3.792988e+01	-7.573577e+02
1.240000e-06	-4.588645e-09	-6.439484e-09	-3.763624e+01	-7.555259e+02
1.250000e-06	-4.552719e-09	-6.422928e-09	-3.734158e+01	-7.536767e+02
1.260000e-06	-4.516680e-09	-6.406882e-09	-3.704598e+01	-7.518100e+02
1.270000e-06	-4.480478e-09	-6.392045e-09	-3.674905e+01	-7.499259e+02
1.280000e-06	-4.444105e-09	-6.377980e-09	-3.645072e+01	-7.480243e+02
1.290000e-06	-4.407575e-09	-6.364673e-09	-3.615109e+01	-7.461052e+02
1.300000e-06	-4.370891e-09	-6.349877e-09	-3.585020e+01	-7.441685e+02
1.310000e-06	-4.334035e-09	-6.335544e-09	-3.554791e+01	-7.422140e+02
1.320000e-06	-4.296987e-09	-6.320276e-09	-3.524404e+01	-7.402416e+02
1.330000e-06	-4.259737e-09	-6.305061e-09	-3.493852e+01	-7.382512e+02
1.340000e-06	-4.222286e-09	-6.288095e-09	-3.463134e+01	-7.362426e+02
1.350000e-06	-4.184674e-09	-6.270013e-09	-3.432285e+01	-7.342154e+02
1.360000e-06	-4.146885e-09	-6.253705e-09	-3.401290e+01	-7.321695e+02
1.370000e-06	-4.108905e-09	-6.236773e-09	-3.370138e+01	-7.301045e+02
1.380000e-06	-4.070731e-09	-6.219976e-09	-3.338828e+01	-7.280201e+02
1.390000e-06	-4.032390e-09	-6.202075e-09	-3.307381e+01	-7.259160e+02
1.400000e-06	-3.993912e-09	-6.183273e-09	-3.275821e+01	-7.237917e+02
1.410000e-06	-3.955264e-09	-6.164139e-09	-3.244121e+01	-7.216470e+02
1.420000e-06	-3.916448e-09	-6.145298e-09	-3.212284e+01	-7.194813e+02
1.430000e-06	-3.877445e-09	-6.125395e-09	-3.180294e+01	-7.172942e+02
1.440000e-06	-3.838266e-09	-6.103748e-09	-3.148158e+01	-7.150852e+02
1.450000e-06	-3.798926e-09	-6.084539e-09	-3.115892e+01	-7.128539e+02
1.460000e-06	-3.759436e-09	-6.064462e-09	-3.083501e+01	-7.105998e+02
1.470000e-06	-3.719832e-09	-6.044438e-09	-3.051018e+01	-7.083223e+02
1.480000e-06	-3.680084e-09	-6.027500e-09	-3.018416e+01	-7.060209e+02
1.490000e-06	-3.640172e-09	-6.011388e-09	-2.985680e+01	-7.036950e+02
1.500000e-06	-3.600104e-09	-5.994930e-09	-2.952816e+01	-7.013442e+02
1.510000e-06	-3.559899e-09	-5.972843e-09	-2.919840e+01	-6.989679e+02
1.520000e-06	-3.519528e-09	-5.947431e-09	-2.886727e+01	-6.965656e+02
1.530000e-06	-3.478952e-09	-5.921826e-09	-2.853446e+01	-6.941366e+02
1.540000e-06	-3.438156e-09	-5.896610e-09	-2.819986e+01	-6.916805e+02
1.550000e-06	-3.397137e-09	-5.875048e-09	-2.786341e+01	-6.891968e+02
1.560000e-06	-3.355932e-09	-5.857056e-09	-2.752545e+01	-6.866848e+02
1.570000e-06	-3.314533e-09	-5.843319e-09	-2.718590e+01	-6.841441e+02
1.580000e-06	-3.272910e-09	-5.827652e-09	-2.684451e+01	-6.815742e+02
1.590000e-06	-3.231073e-09	-5.808429e-09	-2.650136e+01	-6.789747e+02
1.600000e-06	-3.189050e-09	-5.786214e-09	-2.615669e+01	-6.763449e+02
1.610000e-06	-3.146834e-09	-5.759210e-09	-2.581043e+01	-6.736845e+02
1.620000e-06	-3.104426e-09	-5.731168e-09	-2.546260e+01	-6.709931e+02
1.630000e-06	-3.061867e-09	-5.704446e-09	-2.511354e+01	-6.682703e+02
1.640000e-06	-3.019172e-09	-5.683616e-09	-2.476335e+01	-6.655156e+02
1.650000e-06	-2.976300e-09	-5.665349e-09	-2.441172e+01	-6.627288e+02
1.660000e-06	-2.933285e-09	-5.645273e-09	-2.405891e+01	-6.599095e+02
1.670000e-06	-2.890166e-09	-5.622664e-09	-2.370525e+01	-6.570573e+02
1.680000e-06	-2.846910e-09	-5.595894e-09	-2.335046e+01	-6.541722e+02
1.690000e-06	-2.803518e-09	-5.566487e-09	-2.299456e+01	-6.512537e+02
1.700000e-06	-2.760019e-09	-5.533104e-09	-2.263777e+01	-6.483017e+02
1.710000e-06	-2.716435e-09	-5.502189e-09	-2.228030e+01	-6.453160e+02
1.720000e-06	-2.672743e-09	-5.478280e-09	-2.192192e+01	-6.422964e+02
1.730000e-06	-2.628933e-09	-5.457892e-09	-2.156259e+01	-6.392428e+02
1.740000e-06	-2.585032e-09	-5.438385e-09	-2.120251e+01	-6.361551e+02
1.750000e-06	-2.541029e-09	-5.414894e-09	-2.084159e+01	-6.330332e+02
1.760000e-06	-2.496917e-09	-5.387073e-09	-2.047978e+01	-6.298770e+02
1.770000e-06	-2.452712e-09	-5.356556e-09	-2.011722e+01	-6.266865e+02
1.780000e-06	-2.408399e-09	-5.325662e-09	-1.975376e+01	-6.234616e+02
1.790000e-06	-2.363973e-09	-5.295919e-09	-1.938937e+01	-6.202023e+02
1.800000e-06	-2.319445e-09	-5.270052e-09	-1.902415e+01	-6.169086e+02
1.810000e-06	-2.274809e-09	-5.247284e-09	-1.865804e+01	-6.135804e+02
1.820000e-06	-2.230079e-09	-5.222807e-09	-1.829117e+01	-6.102178e+02
1.830000e-06	-2.185251e-09	-5.195389e-09	-1.792348e+01	-6.068206e+02
1.840000e-06	-2.140321e-09	-5.165858e-09	-1.755496e+01	-6.033889e+02
1.850000e-06	-2.095289e-09	-5.136804e-09	-1.718561e+01	-5.999225e+02
1.860000e-06	-2.050167e-09	-5.107015e-09	-1.681551e+01	-5.964215e+02
1.870000e-06	-2.004973e-09	-5.077320e-09	-1.644483e+01	-5.928858e+02
1.880000e-06	-1.959665e-09	-5.049277e-09	-1.607321e+01	-5.893150e+02
1.890000e-06	-1.914243e-09	-5.021574e-09	-1.570066e+01	-5.857092e+02
1.900000e-06	-1.868744e-09	-4.992619e-09	-1.532747e+01	-5.820681e+02
1.910000e-06	-1.823163e-09	-4.961694e-09	-1.495361e+01	-5.783914e+02
1.920000e-06	-1.777525e-09	-4.930575e-09	-1.457929e+01	-5.746788e+02
1.930000e-06	-1.731784e-09	-4.898194e-09	-1.420412e+01	-5.709298e+02
1.940000e-06	-1.685925e-09	-4.863836e-09	-1.382799e+01	-5.671441e+02
1.950000e-06	-1.640011e-09	-4.829107e-09	-1.345139e+01	-5.633212e+02
1.960000e-06	-1.594058e-09	-4.795002e-09	-1.307449e+01	-5.594603e+02
1.970000e-06	-1.548045e-09	-4.761658e-09	-1.269709e+01	-5.555608e+02
1.980000e-06	-1.501967e-09	-4.727569e-09	-1.231916e+01	-5.516218e+02
1.990000e-06	-1.455829e-09	-4.692674e-09	-1.194073e+01	-5.476426e+02
2.000000e-06	-1.409634e-09	-4.657715e-09	-1.156184e+01	-5.436221e+02
2.010000e-06	-1.363408e-09	-4.622808e-09	-1.118269e+01	-5.395592e+02
2.020000e-06	-1.317123e-09	-4.588057e-09	-1.080305e+01	-5.354527e+02
2.030000e-06	-1.270774e-09	-4.552918e-09	-1.042290e+01	-5.313013e+02
2.040000e-06	-1.224388e-09	-4.516229e-09	-1.004244e+01	-5.271035e+02
2.050000e-06	-1.177946e-09	-4.477087e-09	-9.661521e+00	-5.228577e+02
2.060000e-06	-1.131446e-09	-4.436992e-09	-9.280126e+00	-5.185623e+02
2.070000e-06	-1.084918e-09	-4.398081e-09	-8.898497e+00	-5.142155e+02
2.080000e-06	-1.038347e-09	-4.360128e-09	-8.516521e+00	-5.098152e+02
2.090000e-06	-9.917180e-10	-4.321462e-09	-8.134069e+00	-5.053594e+02
2.100000e-06	-9.450299e-10	-4.280701e-09	-7.751131e+00	-5.008459e+02
2.110000e-06	-8.983082e-10	-4.238613e-09	-7.367918e+00	-4.962724e+02
2.120000e-06	-8.515423e-10	-4.196152e-09	-6.984342e+00	-4.916364e+02
2.130000e-06	-8.047320e-10	-4.153882e-09	-6.600402e+00	-4.869353e+02
2.140000e-06	-7.578839e-10	-4.109924e-09	-6.216152e+00	-4.821665e+02
2.150000e-06	-7.109902e-10	-4.064141e-09	-5.831528e+00	-4.773270e+02
2.160000e-06	-6.640662e-10	-4.019148e-09	-5.446655e+00	-4.724140e+02
2.170000e-06	-6.171001e-10	-3.973364e-09	-5.061438e+00	-4.674244e+02
2.180000e-06	-5.701138e-10	-3.926137e-09	-4.676053e+00	-4.623551e+02
2.190000e-06	-5.231008e-10	-3.878139e-09	-4.290451e+00	-4.572028e+02
2.200000e-06	-4.760609e-10	-3.829998e-09	-3.904627e+00	-4.519643e+02
2.210000e-06	-4.290151e-10	-3.781537e-09	-3.518755e+00	-4.466360e+02
2.220000e-06	-3.819421e-10	-3.732710e-09	-3.132661e+00	-4.412147e+02
2.230000e-06	-3.348391e-10	-3.684174e-09	-2.746319e+00	-4.356966e+02
2.240000e-06	-2.877229e-10	-3.632967e-09	-2.359871e+00	-4.300783e+02
2.250000e-06	-2.406080e-10	-3.580318e-09	-1.973432e+00	-4.243561e+02
2.260000e-06	-1.935060e-10	-3.526793e-09	-1.587098e+00	-4.185265e+02
2.270000e-06	-1.463989e-10	-3.469320e-09	-1.200722e+00	-4.125857e+02
2.280000e-06	-9.929483e-11	-3.412768e-09	-8.143717e-01	-4.065302e+02
2.290000e-06	-5.217944e-11	-3.359540e-09	-4.279291e-01	-4.003562e+02
2.300000e-06	-5.051323e-12	-3.306284e-09	-4.138155e-02	-3.940603e+02
2.310000e-06	4.204594e-11	-3.251030e-09	3.449126e-01	-3.876389e+02
2.320000e-06	8.913171e-11	-3.192123e-09	7.311124e-01	-3.810884e+02
2.330000e-06	1.361867e-10	-3.130640e-09	1.117061e+00	-3.744055e+02
2.340000e-06	1.832123e-10	-3.068650e-09	1.502767e+00	-3.675869e+02
2.350000e-06	2.302377e-10	-3.006484e-09	1.888471e+00	-3.606293e+02
2.360000e-06	2.772404e-10	-2.944015e-09	2.273990e+00	-3.535298e+02
2.370000e-06	3.242226e-10	-2.882691e-09	2.659340e+00	-3.462852e+02
2.380000e-06	3.711936e-10	-2.821894e-09	3.044599e+00	-3.388930e+02
2.390000e-06	4.181520e-10	-2.759919e-09	3.429754e+00	-3.313504e+02
2.400000e-06	4.650873e-10	-2.695708e-09	3.814720e+00	-3.236550e+02
2.410000e-06	5.120056e-10	-2.626827e-09	4.199546e+00	-3.158046e+02
2.420000e-06	5.589142e-10	-2.555388e-09	4.584292e+00	-3.077973e+02
2.430000e-06	6.058114e-10	-2.485072e-09	4.968946e+00	-2.996312e+02
2.440000e-06	6.526866e-10	-2.415661e-09	5.353419e+00	-2.913048e+02
2.450000e-06	6.995434e-10	-2.344650e-09	5.737741e+00	-2.828170e+02
2.460000e-06	7.463840e-10	-2.271441e-09	6.121930e+00	-2.741666e+02
2.470000e-06	7.931756e-10	-2.198448e-09	6.505717e+00	-2.653531e+02
2.480000e-06	8.399448e-10	-2.125193e-09	6.889320e+00	-2.563760e+02
2.490000e-06	8.866820e-10	-2.048370e-09	7.272661e+00	-2.472353e+02
2.500000e-06	9.334065e-10	-1.966444e-09	7.655898e+00	-2.379312e+02
2.510000e-06	9.801195e-10	-1.883198e-09	8.039041e+00	-2.284642e+02
2.520000e-06	1.026792e-09	-1.802906e-09	8.421854e+00	-2.188353e+02
2.530000e-06	1.073438e-09	-1.724286e-09	8.804443e+00	-2.090457e+02
2.540000e-06	1.120047e-09	-1.642712e-09	9.186727e+00	-1.990969e+02
2.550000e-06	1.166590e-09	-1.557519e-09	9.568476e+00	-1.889910e+02
2.560000e-06	1.213071e-09	-1.471494e-09	9.949718e+00	-1.787303e+02
2.570000e-06	1.259528e-09	-1.384096e-09	1.033076e+01	-1.683173e+02
2.580000e-06	1.305934e-09	-1.293888e-09	1.071138e+01	-1.577551e+02
2.590000e-06	1.352262e-09	-1.200317e-09	1.109137e+01	-1.470470e+02
2.600000e-06	1.398532e-09	-1.106449e-09	1.147088e+01	-1.361968e+02
2.610000e-06	1.444718e-09	-1.013261e-09	1.184970e+01	-1.252085e+02
2.620000e-06	1.490811e-09	-9.188516e-10	1.222775e+01	-1.140866e+02
2.630000e-06	1.536830e-09	-8.228121e-10	1.260520e+01	-1.028357e+02
2.640000e-06	1.582739e-09	-7.246486e-10	1.298175e+01	-9.146099e+01
2.650000e-06	1.628557e-09	-6.265098e-10	1.335755e+01	-7.996783e+01
2.660000e-06	1.674287e-09	-5.294493e-10	1.373263e+01	-6.836194e+01
2.670000e-06	1.719919e-09	-4.306837e-10	1.410691e+01	-5.664933e+01
2.680000e-06	1.765475e-09	-3.298714e-10	1.448056e+01	-4.483628e+01
2.690000e-06	1.810930e-09	-2.281945e-10	1.485338e+01	-3.292937e+01
2.700000e-06	1.856276e-09	-1.258559e-10	1.522531e+01	-2.093542e+01
2.710000e-06	1.901571e-09	-2.392871e-11	1.559683e+01	-8.861505e+00
2.720000e-06	1.946764e-09	8.184326e-11	1.596750e+01	3.285088e+00
2.730000e-06	1.991849e-09	1.916074e-10	1.633729e+01	1.549686e+01
2.740000e-06	2.036858e-09	3.018294e-10	1.670646e+01	2.776612e+01
2.750000e-06	2.081760e-09	4.108087e-10	1.707474e+01	4.008503e+01
2.760000e-06	2.126597e-09	5.198531e-10	1.744250e+01	5.244557e+01
2.770000e-06	2.171357e-09	6.336443e-10	1.780962e+01	6.483963e+01
2.780000e-06	2.216024e-09	7.448730e-10	1.817598e+01	7.725897e+01
2.790000e-06	2.260599e-09	8.486528e-10	1.854159e+01	8.969528e+01
2.800000e-06	2.305090e-09	9.463746e-10	1.890651e+01	1.021402e+02
2.810000e-06	2.349541e-09	1.046906e-09	1.927111e+01	1.145853e+02
2.820000e-06	2.393916e-09	1.155729e-09	1.963507e+01	1.270222e+02
2.830000e-06	2.438182e-09	1.265376e-09	1.999814e+01	1.394424e+02
2.840000e-06	2.482374e-09	1.377696e-09	2.036061e+01	1.518377e+02
2.850000e-06	2.526490e-09	1.491607e-09	2.072245e+01	1.641996e+02
2.860000e-06	2.570529e-09	1.604113e-09	2.108367e+01	1.765199e+02
2.870000e-06	2.614494e-09	1.708826e-09	2.144427e+01	1.887905e+02
2.880000e-06	2.658354e-09	1.804848e-09	2.180401e+01	2.010034e+02
2.890000e-06	2.702116e-09	1.900539e-09	2.216295e+01	2.131507e+02
2.900000e-06	2.745776e-09	1.997490e-09	2.252106e+01	2.252247e+02
2.910000e-06	2.789328e-09	2.097944e-09	2.287827e+01	2.372178e+02
2.920000e-06	2.832767e-09	2.199739e-09	2.323456e+01	2.491228e+02
2.930000e-06	2.876060e-09	2.302187e-09	2.358965e+01	2.609325e+02
2.940000e-06	2.919242e-09	2.403116e-09	2.394383e+01	2.726402e+02
2.950000e-06	2.962306e-09	2.500406e-09	2.429705e+01	2.842392e+02
2.960000e-06	3.005194e-09	2.593909e-09	2.464881e+01	2.957232e+02
2.970000e-06	3.047882e-09	2.682147e-09	2.499894e+01	3.070862e+02
2.980000e-06	3.090360e-09	2.769660e-09	2.534735e+01	3.183224e+02
2.990000e-06	3.132640e-09	2.859024e-09	2.569412e+01	3.294266e+02
3.000000e-06	3.174707e-09	2.952494e-09	2.603916e+01	3.403935e+02
3.010000e-06	3.216555e-09	3.046744e-09	2.638239e+01	3.512184e+02
3.020000e-06	3.258197e-09	3.136700e-09	2.672393e+01	3.618970e+02
3.030000e-06	3.299581e-09	3.223772e-09	2.706336e+01	3.724251e+02
3.040000e-06	3.340695e-09	3.309958e-09	2.740058e+01	3.827992e+02
3.050000e-06	3.381640e-09	3.396413e-09	2.773641e+01	3.930158e+02
3.060000e-06	3.422417e-09	3.480221e-09	2.807086e+01	4.030719e+02
3.070000e-06	3.462988e-09	3.561142e-09	2.840363e+01	4.129650e+02
3.080000e-06	3.503351e-09	3.641410e-09	2.873468e+01	4.226929e+02
3.090000e-06	3.543540e-09	3.723311e-09	2.906432e+01	4.322535e+02
3.100000e-06	3.583611e-09	3.803949e-09	2.939298e+01	4.416454e+02
3.110000e-06	3.623543e-09	3.877602e-09	2.972051e+01	4.508675e+02
3.120000e-06	3.663347e-09	3.948694e-09	3.004698e+01	4.599188e+02
3.130000e-06	3.703024e-09	4.023537e-09	3.037242e+01	4.687990e+02
3.140000e-06	3.742581e-09	4.100718e-09	3.069687e+01	4.775077e+02
3.150000e-06	3.781995e-09	4.175334e-09	3.102015e+01	4.860453e+02
3.160000e-06	3.821253e-09	4.245711e-09	3.134214e+01	4.944122e+02
3.170000e-06	3.860389e-09	4.315269e-09	3.166314e+01	5.026092e+02
3.180000e-06	3.899397e-09	4.384524e-09	3.198308e+01	5.106374e+02
3.190000e-06	3.938259e-09	4.450911e-09	3.230183e+01	5.184980e+02
3.200000e-06	3.976971e-09	4.514232e-09	3.261934e+01	5.261928e+02
3.210000e-06	4.015522e-09	4.576923e-09	3.293554e+01	5.337236e+02
3.220000e-06	4.053901e-09	4.643110e-09	3.325033e+01	5.410925e+02
3.230000e-06	4.092102e-09	4.710703e-09	3.356365e+01	5.483018e+02
3.240000e-06	4.130099e-09	4.773634e-09	3.387530e+01	5.553539e+02
3.250000e-06	4.167893e-09	4.831625e-09	3.418530e+01	5.622517e+02
3.260000e-06	4.205495e-09	4.889076e-09	3.449371e+01	5.689980e+02
3.270000e-06	4.242909e-09	4.947628e-09	3.480058e+01	5.755958e+02
3.280000e-06	4.280134e-09	5.002632e-09	3.510590e+01	5.820481e+02
3.290000e-06	4.317157e-09	5.055284e-09	3.540957e+01	5.883584e+02
3.300000e-06	4.353984e-09	5.110409e-09	3.571162e+01	5.945299e+02
3.310000e-06	4.390607e-09	5.167910e-09	3.601201e+01	6.005660e+02
3.320000e-06	4.427068e-09	5.224110e-09	3.631106e+01	6.064703e+02
3.330000e-06	4.463385e-09	5.274455e-09	3.660893e+01	6.122463e+02
3.340000e-06	4.499522e-09	5.321381e-09	3.690533e+01	6.178975e+02
3.350000e-06	4.535491e-09	5.367445e-09	3.720035e+01	6.234276e+02
3.360000e-06	4.571314e-09	5.412500e-09	3.749418e+01	6.288401e+02
3.370000e-06	4.607000e-09	5.455766e-09	3.778688e+01	6.341386e+02
3.380000e-06	4.642494e-09	5.500263e-09	3.807800e+01	6.393266e+02
3.390000e-06	4.677792e-09	5.548495e-09	3.836751e+01	6.444076e+02
3.400000e-06	4.712904e-09	5.597456e-09	3.865550e+01	6.493851e+02
3.410000e-06	4.747721e-09	5.644499e-09	3.894107e+01	6.542623e+02
3.420000e-06	4.782239e-09	5.685635e-09	3.922418e+01	6.590427e+02
3.430000e-06	4.816451e-09	5.721931e-09	3.950479e+01	6.637293e+02
3.440000e-06	4.850344e-09	5.756307e-09	3.978278e+01	6.683252e+02
3.450000e-06	4.883920e-09	5.790564e-09	4.005817e+01	6.728336e+02
3.460000e-06	4.917158e-09	5.827394e-09	4.033079e+01	6.772571e+02
3.470000e-06	4.950109e-09	5.866786e-09	4.060105e+01	6.815986e+02
3.480000e-06	4.982801e-09	5.906808e-09	4.086919e+01	6.858607e+02
3.490000e-06	5.015243e-09	5.944694e-09	4.113528e+01	6.900460e+02
3.500000e-06	5.047463e-09	5.980162e-09	4.139955e+01	6.941567e+02
3.510000e-06	5.079502e-09	6.013587e-09	4.166234e+01	6.981950e+02
3.520000e-06	5.111378e-09	6.044947e-09	4.192379e+01	7.021632e+02
3.530000e-06	5.143076e-09	6.075411e-09	4.218378e+01	7.060631e+02
3.540000e-06	5.174618e-09	6.107845e-09	4.244249e+01	7.098965e+02
3.550000e-06	5.205980e-09	6.141454e-09	4.269972e+01	7.136652e+02
3.560000e-06	5.237106e-09	6.174048e-09	4.295502e+01	7.173706e+02
3.570000e-06	5.268009e-09	6.204128e-09	4.320849e+01	7.210142e+02
3.580000e-06	5.298687e-09	6.230832e-09	4.346010e+01	7.245974e+02
3.590000e-06	5.329104e-09	6.258873e-09	4.370958e+01	7.281211e+02
3.600000e-06	5.359281e-09	6.287288e-09	4.395709e+01	7.315866e+02
3.610000e-06	5.389218e-09	6.313357e-09	4.420264e+01	7.349946e+02
3.620000e-06	5.418911e-09	6.339162e-09	4.444618e+01	7.383462e+02
3.630000e-06	5.448387e-09	6.368081e-09	4.468795e+01	7.416419e+02
3.640000e-06	5.477639e-09	6.399789e-09	4.492787e+01	7.448825e+02
3.650000e-06	5.506619e-09	6.427660e-09	4.516557e+01	7.480685e+02
3.660000e-06	5.535351e-09	6.451038e-09	4.540123e+01	7.512003e+02
3.670000e-06	5.563863e-09	6.473125e-09	4.563509e+01	7.542784e+02
3.680000e-06	5.592159e-09	6.496347e-09	4.586717e+01	7.573031e+02
3.690000e-06	5.620286e-09	6.519936e-09	4.609787e+01	7.602747e+02
3.700000e-06	5.648247e-09	6.541990e-09	4.632721e+01	7.631934e+02
3.710000e-06	5.676038e-09	6.564550e-09	4.655516e+01	7.660596e+02
3.720000e-06	5.703647e-09	6.589156e-09	4.678160e+01	7.688733e+02
3.730000e-06	5.731024e-09	6.614581e-09	4.700615e+01	7.716347e+02
3.740000e-06	5.758110e-09	6.635431e-09	4.722831e+01	7.743439e+02
3.750000e-06	5.784870e-09	6.649584e-09	4.744780e+01	7.770012e+02
3.760000e-06	5.811226e-09	6.661977e-09	4.766397e+01	7.796066e+02
3.770000e-06	5.837124e-09	6.679515e-09	4.787638e+01	7.821603e+02
3.780000e-06	5.862596e-09	6.702151e-09	4.808530e+01	7.846625e+02
3.790000e-06	5.887643e-09	6.725349e-09	4.829073e+01	7.871133e+02
3.800000e-06	5.912322e-09	6.747886e-09	4.849315e+01	7.895130e+02
3.810000e-06	5.936727e-09	6.770183e-09	4.869332e+01	7.918618e+02
3.820000e-06	5.960879e-09	6.790723e-09	4.889142e+01	7.941601e+02
3.830000e-06	5.984811e-09	6.805632e-09	4.908771e+01	7.964081e+02
3.840000e-06	6.008529e-09	6.816595e-09	4.928225e+01	7.986061e+02
3.850000e-06	6.032016e-09	6.827258e-09	4.947489e+01	8.007547e+02
3.860000e-06	6.055244e-09	6.839946e-09	4.966541e+01	8.028542e+02
3.870000e-06	6.078212e-09	6.855280e-09	4.985379e+01	8.049053e+02
3.880000e-06	6.100936e-09	6.872290e-09	5.004017e+01	8.069084e+02
3.890000e-06	6.123397e-09	6.889841e-09	5.022440e+01	8.088642e+02
3.900000e-06	6.145579e-09	6.905008e-09	5.040633e+01	8.107733e+02
3.910000e-06	6.167489e-09	6.918622e-09	5.058604e+01	8.126364e+02
3.920000e-06	6.189147e-09	6.933346e-09	5.076368e+01	8.144545e+02
3.930000e-06	6.210542e-09	6.948254e-09	5.093917e+01	8.162281e+02
3.940000e-06	6.231639e-09	6.961167e-09	5.111220e+01	8.179584e+02
3.950000e-06	6.252469e-09	6.974744e-09	5.128305e+01	8.196460e+02
3.960000e-06	6.273018e-09	6.990644e-09	5.145159e+01	8.212921e+02
3.970000e-06	6.293313e-09	7.005846e-09	5.161806e+01	8.228975e+02
3.980000e-06	6.313392e-09	7.019520e-09	5.178275e+01	8.244633e+02
3.990000e-06	6.333275e-09	7.029986e-09	5.194583e+01	8.259906e+02
4.000000e-06	6.353003e-09	7.038718e-09	5.210764e+01	8.274804e+02
4.010000e-06	6.372542e-09	7.049081e-09	5.226790e+01	8.289339e+02
4.020000e-06	6.391816e-09	7.060647e-09	5.242599e+01	8.303521e+02
4.030000e-06	6.410774e-09	7.073783e-09	5.258148e+01	8.317361e+02
4.040000e-06	6.429407e-09	7.086565e-09	5.273431e+01	8.330872e+02
4.050000e-06	6.447659e-09	7.095925e-09	5.288401e+01	8.344063e+02
4.060000e-06	6.465531e-09	7.105279e-09	5.303060e+01	8.356947e+02
4.070000e-06	6.483075e-09	7.114212e-09	5.317449e+01	8.369533e+02
4.080000e-06	6.500332e-09	7.120052e-09	5.331603e+01	8.381834e+02
4.090000e-06	6.517341e-09	7.127621e-09	5.345554e+01	8.393859e+02
4.100000e-06	6.534135e-09	7.137702e-09	5.359329e+01	8.405618e+02
4.110000e-06	6.550686e-09	7.151685e-09	5.372904e+01	8.417123e+02
4.120000e-06	6.566936e-09	7.166369e-09	5.386232e+01	8.428381e+02
4.130000e-06	6.582849e-09	7.177727e-09	5.399284e+01	8.439403e+02
4.140000e-06	6.598386e-09	7.187146e-09	5.412027e+01	8.450197e+02
4.150000e-06	6.613515e-09	7.192229e-09	5.424436e+01	8.460770e+02
4.160000e-06	6.628221e-09	7.194584e-09	5.436497e+01	8.471131e+02
4.170000e-06	6.642594e-09	7.196930e-09	5.448286e+01	8.481286e+02
4.180000e-06	6.656698e-09	7.202949e-09	5.459855e+01	8.491241e+02
4.190000e-06	6.670514e-09	7.211300e-09	5.471187e+01	8.501003e+02
4.200000e-06	6.684039e-09	7.219621e-09	5.482280e+01	8.510575e+02
4.210000e-06	6.697254e-09	7.229824e-09	5.493119e+01	8.519963e+02
4.220000e-06	6.710145e-09	7.240524e-09	5.503692e+01	8.529169e+02
4.230000e-06	6.722722e-09	7.249981e-09	5.514008e+01	8.538196e+02
4.240000e-06	6.735006e-09	7.256029e-09	5.524083e+01	8.547047e+02
4.250000e-06	6.747015e-09	7.261755e-09	5.533933e+01	8.555723e+02
4.260000e-06	6.758756e-09	7.268036e-09	5.543563e+01	8.564223e+02
4.270000e-06	6.770196e-09	7.273230e-09	5.552946e+01	8.572549e+02
4.280000e-06	6.781280e-09	7.274743e-09	5.562037e+01	8.580700e+02
4.290000e-06	6.791937e-09	7.275756e-09	5.570778e+01	8.588673e+02
4.300000e-06	6.802084e-09	7.283645e-09	5.579100e+01	8.596467e+02
4.310000e-06	6.811676e-09	7.295977e-09	5.586967e+01	8.604079e+02
4.320000e-06	6.820757e-09	7.309045e-09	5.594415e+01	8.611505e+02
4.330000e-06	6.829398e-09	7.314467e-09	5.601503e+01	8.618743e+02
4.340000e-06	6.837708e-09	7.314177e-09	5.608319e+01	8.625786e+02
4.350000e-06	6.845763e-09	7.314830e-09	5.614925e+01	8.632631e+02
4.360000e-06	6.853599e-09	7.317860e-09	5.621352e+01	8.639272e+02
4.370000e-06	6.861216e-09	7.322546e-09	5.627600e+01	8.645703e+02
4.380000e-06	6.868583e-09	7.326663e-09	5.633642e+01	8.651919e+02
4.390000e-06	6.875678e-09	7.334682e-09	5.639462e+01	8.657913e+02
4.400000e-06	6.882474e-09	7.343921e-09	5.645036e+01	8.663678e+02
4.410000e-06	6.888943e-09	7.352504e-09	5.650342e+01	8.669208e+02
4.420000e-06	6.895101e-09	7.356141e-09	5.655393e+01	8.674497e+02
4.430000e-06	6.900938e-09	7.355147e-09	5.660180e+01	8.679536e+02
4.440000e-06	6.906458e-09	7.356275e-09	5.664707e+01	8.684319e+02
4.450000e-06	6.911679e-09	7.358288e-09	5.668989e+01	8.688840e+02
4.460000e-06	6.916567e-09	7.361303e-09	5.672999e+01	8.693092e+02
4.470000e-06	6.921123e-09	7.363698e-09	5.676735e+01	8.697068e+02
4.480000e-06	6.925412e-09	7.366867e-09	5.680254e+01	8.700762e+02
4.490000e-06	6.929498e-09	7.369978e-09	5.683605e+01	8.704168e+02
4.500000e-06	6.933403e-09	7.372684e-09	5.686807e+01	8.707280e+02
4.510000e-06	6.937140e-09	7.375351e-09	5.689873e+01	8.710092e+02
4.520000e-06	6.940687e-09	7.376422e-09	5.692782e+01	8.712601e+02
4.530000e-06	6.943950e-09	7.379287e-09	5.695458e+01	8.714800e+02
4.540000e-06	6.946825e-09	7.381627e-09	5.697816e+01	8.716688e+02
4.550000e-06	6.949288e-09	7.382030e-09	5.699836e+01	8.718259e+02
4.560000e-06	6.951270e-09	7.380355e-09	5.701461e+01	8.719511e+02
4.570000e-06	6.952721e-09	7.378474e-09	5.702652e+01	8.720442e+02
4.580000e-06	6.953699e-09	7.379909e-09	5.703454e+01	8.721050e+02
4.590000e-06	6.954270e-09	7.383347e-09	5.703922e+01	8.721334e+02
4.600000e-06	6.954506e-09	7.387863e-09	5.704116e+01	8.721293e+02
4.610000e-06	6.954507e-09	7.391806e-09	5.704116e+01	8.720929e+02
4.620000e-06	6.954332e-09	7.392857e-09	5.703972e+01	8.720242e+02
4.630000e-06	6.953964e-09	7.390523e-09	5.703670e+01	8.719233e+02
4.640000e-06	6.953333e-09	7.388554e-09	5.703153e+01	8.717905e+02
4.650000e-06	6.952388e-09	7.385700e-09	5.702378e+01	8.716261e+02
4.660000e-06	6.951106e-09	7.381642e-09	5.701326e+01	8.714306e+02
4.670000e-06	6.949506e-09	7.379607e-09	5.700014e+01	8.712042e+02
4.680000e-06	6.947646e-09	7.373528e-09	5.698489e+01	8.709476e+02
4.690000e-06	6.945533e-09	7.374222e-09	5.696756e+01	8.706612e+02
4.700000e-06	6.943152e-09	7.388235e-09	5.694802e+01	8.703458e+02
4.710000e-06	6.940475e-09	7.385235e-09	5.692607e+01	8.700021e+02
4.720000e-06	6.937442e-09	7.361918e-09	5.690119e+01	8.696307e+02
4.730000e-06	6.934031e-09	7.363277e-09	5.687321e+01	8.692324e+02
4.740000e-06	6.930276e-09	7.420141e-09	5.684241e+01	8.688082e+02
4.750000e-06	6.926264e-09	7.420597e-09	5.680950e+01	8.683588e+02
4.760000e-06	6.922080e-09	7.343231e-09	5.677519e+01	8.678854e+02
4.770000e-06	6.917722e-09	7.386140e-09	5.673944e+01	8.673887e+02
4.780000e-06	6.913143e-09	7.460872e-09	5.670189e+01	8.668698e+02
4.790000e-06	6.908251e-09	7.353219e-09	5.666176e+01	8.663298e+02
4.800000e-06	6.902935e-09	7.329003e-09	5.661816e+01	8.657697e+02
4.810000e-06	6.897121e-09	7.503139e-09	5.657047e+01	8.651906e+02
4.820000e-06	6.890738e-09	7.451510e-09	5.651812e+01	8.645936e+02
4.830000e-06	6.883803e-09	7.265926e-09	5.646123e+01	8.639798e+02
4.840000e-06	6.876431e-09	7.319685e-09	5.640077e+01	8.633502e+02
4.850000e-06	6.868727e-09	7.323105e-09	5.633758e+01	8.627061e+02
4.860000e-06	6.860782e-09	7.216271e-09	5.627241e+01	8.620484e+02
4.870000e-06	6.852668e-09	7.329364e-09	5.620586e+01	8.613783e+02
4.880000e-06	6.844367e-09	7.399509e-09	5.613777e+01	8.606969e+02
4.890000e-06	6.835820e-09	7.348948e-09	5.606767e+01	8.600051e+02
4.900000e-06	6.827039e-09	7.416636e-09	5.599565e+01	8.593042e+02
4.910000e-06	6.817946e-09	7.376026e-09	5.592106e+01	8.585949e+02
4.920000e-06	6.808520e-09	7.289018e-09	5.584375e+01	8.578784e+02
4.930000e-06	6.798837e-09	7.337796e-09	5.576433e+01	8.571555e+02
4.940000e-06	6.788859e-09	7.293140e-09	5.568249e+01	8.564271e+02
4.950000e-06	6.778608e-09	7.253048e-09	5.559841e+01	8.556942e+02
4.960000e-06	6.768095e-09	7.314593e-09	5.551218e+01	8.549574e+02
4.970000e-06	6.757298e-09	7.260926e-09	5.542362e+01	8.542176e+02
4.980000e-06	6.746203e-09	7.245988e-09	5.533262e+01	8.534755e+02
4.990000e-06	6.734778e-09	7.301359e-09	5.523891e+01	8.527316e+02
5.000000e-06	6.723025e-09	7.246708e-09	5.514251e+01	8.519867e+02
5.010000e-06	6.710944e-09	7.242905e-09	5.504342e+01	8.512412e+02
5.020000e-06	6.698524e-09	7.261000e-09	5.494155e+01	8.504955e+02
5.030000e-06	6.685733e-09	7.237908e-09	5.483664e+01	8.497502e+02
5.040000e-06	6.672496e-09	7.255955e-09	5.472807e+01	8.490056e+02
5.050000e-06	6.658766e-09	7.238747e-09	5.461545e+01	8.482619e+02
5.060000e-06	6.644493e-09	7.229222e-09	5.449839e+01	8.475194e+02
5.070000e-06	6.629698e-09	7.235675e-09	5.437704e+01	8.467782e+02
5.080000e-06	6.614453e-09	7.217097e-09	5.425200e+01	8.460385e+02
5.090000e-06	6.598831e-09	7.221997e-09	5.412386e+01	8.453002e+02
5.100000e-06	6.582936e-09	7.209723e-09	5.399349e+01	8.445633e+02
5.110000e-06	6.566822e-09	7.202892e-09	5.386132e+01	8.438279e+02
5.120000e-06	6.550497e-09	7.217047e-09	5.372743e+01	8.430936e+02
5.130000e-06	6.533926e-09	7.205316e-09	5.359151e+01	8.423604e+02
5.140000e-06	6.517048e-09	7.204410e-09	5.345307e+01	8.416279e+02
5.150000e-06	6.499857e-09	7.190486e-09	5.331208e+01	8.408959e+02
5.160000e-06	6.482371e-09	7.175670e-09	5.316865e+01	8.401640e+02
5.170000e-06	6.464587e-09	7.183061e-09	5.302278e+01	8.394318e+02
5.180000e-06	6.446535e-09	7.162203e-09	5.287472e+01	8.386988e+02
5.190000e-06	6.428227e-09	7.158987e-09	5.272455e+01	8.379645e+02
5.200000e-06	6.409624e-09	7.159649e-09	5.257197e+01	8.372285e+02
5.210000e-06	6.390739e-09	7.152645e-09	5.241708e+01	8.364901e+02
5.220000e-06	6.371591e-09	7.160762e-09	5.226003e+01	8.357487e+02
5.230000e-06	6.352176e-09	7.147868e-09	5.210078e+01	8.350037e+02
5.240000e-06	6.332506e-09	7.140389e-09	5.193944e+01	8.342545e+02
5.250000e-06	6.312628e-09	7.127681e-09	5.177640e+01	8.335003e+02
5.260000e-06	6.292613e-09	7.115647e-09	5.161224e+01	8.327405e+02
5.270000e-06	6.272458e-09	7.114184e-09	5.144693e+01	8.319743e+02
5.280000e-06	6.252141e-09	7.101425e-09	5.128028e+01	8.312010e+02
5.290000e-06	6.231601e-09	7.098977e-09	5.111181e+01	8.304199e+02
5.300000e-06	6.210782e-09	7.091074e-09	5.094106e+01	8.296301e+02
5.310000e-06	6.189636e-09	7.085966e-09	5.076761e+01	8.288310e+02
5.320000e-06	6.168044e-09	7.081442e-09	5.059052e+01	8.280218e+02
5.330000e-06	6.145947e-09	7.070739e-09	5.040927e+01	8.272018e+02
5.340000e-06	6.123365e-09	7.069609e-09	5.022406e+01	8.263702e+02
5.350000e-06	6.100327e-09	7.063021e-09	5.003510e+01	8.255262e+02
5.360000e-06	6.076918e-09	7.056925e-09	4.984310e+01	8.246692e+02
5.370000e-06	6.053231e-09	7.044778e-09	4.964882e+01	8.237984e+02
5.380000e-06	6.029323e-09	7.030426e-09	4.945272e+01	8.229132e+02
5.390000e-06	6.005213e-09	7.022191e-09	4.925497e+01	8.220129e+02
5.400000e-06	5.980910e-09	7.015759e-09	4.905563e+01	8.210968e+02
5.410000e-06	5.956385e-09	7.016186e-09	4.885448e+01	8.201644e+02
5.420000e-06	5.931600e-09	7.013799e-09	4.865119e+01	8.192150e+02
5.430000e-06	5.906550e-09	7.013161e-09	4.844573e+01	8.182480e+02
5.440000e-06	5.881179e-09	7.009589e-09	4.823764e+01	8.172631e+02
5.450000e-06	5.855474e-09	6.998478e-09	4.802680e+01	8.162595e+02
5.460000e-06	5.829508e-09	6.982242e-09	4.781383e+01	8.152369e+02
5.470000e-06	5.803278e-09	6.961861e-09	4.759869e+01	8.141949e+02
5.480000e-06	5.776768e-09	6.949788e-09	4.738125e+01	8.131329e+02
5.490000e-06	5.749996e-09	6.943890e-09	4.716167e+01	8.120508e+02
5.500000e-06	5.722970e-09	6.943525e-09	4.694000e+01	8.109480e+02
5.510000e-06	5.695688e-09	6.942820e-09	4.671623e+01	8.098244e+02
5.520000e-06	5.668188e-09	6.939592e-09	4.649067e+01	8.086797e+02
5.530000e-06	5.640497e-09	6.933591e-09	4.626355e+01	8.075136e+02
5.540000e-06	5.612599e-09	6.919122e-09	4.603473e+01	8.063260e+02
5.550000e-06	5.584539e-09	6.902122e-09	4.580457e+01	8.051167e+02
5.560000e-06	5.556340e-09	6.884646e-09	4.557328e+01	8.038856e+02
5.570000e-06	5.527957e-09	6.873087e-09	4.534049e+01	8.026326e+02
5.580000e-06	5.499371e-09	6.866101e-09	4.510602e+01	8.013577e+02
5.590000e-06	5.470572e-09	6.858776e-09	4.486981e+01	8.000608e+02
5.600000e-06	5.441467e-09	6.852019e-09	4.463109e+01	7.987419e+02
5.610000e-06	5.412018e-09	6.842753e-09	4.438955e+01	7.974012e+02
5.620000e-06	5.382230e-09	6.832545e-09	4.414523e+01	7.960386e+02
5.630000e-06	5.352057e-09	6.820651e-09	4.389775e+01	7.946542e+02
5.640000e-06	5.321495e-09	6.809423e-09	4.364709e+01	7.932482e+02
5.650000e-06	5.290604e-09	6.799892e-09	4.339371e+01	7.918207e+02
5.660000e-06	5.259414e-09	6.791560e-09	4.313789e+01	7.903718e+02
5.670000e-06	5.227950e-09	6.784584e-09	4.287982e+01	7.889018e+02
5.680000e-06	5.196249e-09	6.774889e-09	4.261981e+01	7.874108e+02
5.690000e-06	5.164339e-09	6.763322e-09	4.235808e+01	7.858991e+02
5.700000e-06	5.132228e-09	6.749242e-09	4.209471e+01	7.843667e+02
5.710000e-06	5.099907e-09	6.734478e-09	4.182960e+01	7.828141e+02
5.720000e-06	5.067376e-09	6.720889e-09	4.156279e+01	7.812413e+02
5.730000e-06	5.034649e-09	6.707356e-09	4.129436e+01	7.796486e+02
5.740000e-06	5.001723e-09	6.693623e-09	4.102429e+01	7.780363e+02
5.750000e-06	4.968570e-09	6.680042e-09	4.075238e+01	7.764046e+02
5.760000e-06	4.935175e-09	6.666718e-09	4.047847e+01	7.747537e+02
5.770000e-06	4.901560e-09	6.651332e-09	4.020275e+01	7.730839e+02
5.780000e-06	4.867724e-09	6.634761e-09	3.992523e+01	7.713953e+02
5.790000e-06	4.833651e-09	6.618709e-09	3.964576e+01	7.696882e+02
5.800000e-06	4.799350e-09	6.605997e-09	3.936442e+01	7.679628e+02
5.810000e-06	4.764808e-09	6.595706e-09	3.908111e+01	7.662192e+02
5.820000e-06	4.730025e-09	6.582151e-09	3.879581e+01	7.644576e+02
5.830000e-06	4.695039e-09	6.565233e-09	3.850886e+01	7.626782e+02
5.840000e-06	4.659853e-09	6.547819e-09	3.822026e+01	7.608811e+02
5.850000e-06	4.624481e-09	6.531511e-09	3.793014e+01	7.590663e+02
5.860000e-06	4.588929e-09	6.514690e-09	3.763854e+01	7.572340e+02
5.870000e-06	4.553213e-09	6.495986e-09	3.734559e+01	7.553843e+02
5.880000e-06	4.517366e-09	6.477848e-09	3.705157e+01	7.535171e+02
5.890000e-06	4.481370e-09	6.461341e-09	3.675633e+01	7.516324e+02
5.900000e-06	4.445232e-09	6.445774e-09	3.645992e+01	7.497303e+02
5.910000e-06	4.408965e-09	6.427771e-09	3.616246e+01	7.478106e+02
5.920000e-06	4.372561e-09	6.407657e-09	3.586387e+01	7.458733e+02
5.930000e-06	4.335986e-09	6.389881e-09	3.556388e+01	7.439183e+02
5.940000e-06	4.299214e-09	6.373406e-09	3.526227e+01	7.419454e+02
5.950000e-06	4.262213e-09	6.357049e-09	3.495879e+01	7.399544e+02
5.960000e-06	4.224961e-09	6.338592e-09	3.465325e+01	7.379452e+02
5.970000e-06	4.187487e-09	6.318995e-09	3.434588e+01	7.359174e+02
5.980000e-06	4.149747e-09	6.300211e-09	3.403634e+01	7.338709e+02
5.990000e-06	4.111686e-09	6.281585e-09	3.372416e+01	7.318053e+02
6.000000e-06	4.073333e-09	6.263297e-09	3.340960e+01	7.297204e+02
6.010000e-06	4.034709e-09	6.244960e-09	3.309280e+01	7.276156e+02
6.020000e-06	3.995840e-09	6.228021e-09	3.277401e+01	7.254908e+02
6.030000e-06	3.956745e-09	6.210845e-09	3.245334e+01	7.233454e+02
6.040000e-06	3.917409e-09	6.193298e-09	3.213071e+01	7.211791e+02
6.050000e-06	3.877856e-09	6.174311e-09	3.180630e+01	7.189914e+02
6.060000e-06	3.838114e-09	6.153723e-09	3.148033e+01	7.167818e+02
6.070000e-06	3.798190e-09	6.130622e-09	3.115287e+01	7.145498e+02
6.080000e-06	3.758124e-09	6.104487e-09	3.082424e+01	7.122950e+02
6.090000e-06	3.717925e-09	6.080078e-09	3.049452e+01	7.100168e+02
6.100000e-06	3.677565e-09	6.058092e-09	3.016349e+01	7.077147e+02
6.110000e-06	3.637058e-09	6.041369e-09	2.983125e+01	7.053882e+02
6.120000e-06	3.596414e-09	6.028338e-09	2.949788e+01	7.030367e+02
6.130000e-06	3.555632e-09	6.015347e-09	2.916339e+01	7.006596e+02
6.140000e-06	3.514709e-09	5.999884e-09	2.882773e+01	6.982565e+02
6.150000e-06	3.473641e-09	5.979127e-09	2.849089e+01	6.958268e+02
6.160000e-06	3.432414e-09	5.952138e-09	2.815275e+01	6.933700e+02
6.170000e-06	3.391040e-09	5.922228e-09	2.781340e+01	6.908855e+02
6.180000e-06	3.349506e-09	5.895811e-09	2.747274e+01	6.883727e+02
6.190000e-06	3.307812e-09	5.871022e-09	2.713075e+01	6.858313e+02
6.200000e-06	3.265972e-09	5.848414e-09	2.678758e+01	6.832606e+02
6.210000e-06	3.223977e-09	5.828968e-09	2.644313e+01	6.806602e+02
6.220000e-06	3.181851e-09	5.811342e-09	2.609761e+01	6.780296e+02
6.230000e-06	3.139596e-09	5.791244e-09	2.575104e+01	6.753684e+02
6.240000e-06	3.097212e-09	5.766651e-09	2.540340e+01	6.726762e+02
6.250000e-06	3.054697e-09	5.740144e-09	2.505469e+01	6.699525e+02
6.260000e-06	3.012068e-09	5.711244e-09	2.470505e+01	6.671970e+02
6.270000e-06	2.969324e-09	5.683499e-09	2.435446e+01	6.644093e+02
6.280000e-06	2.926441e-09	5.656867e-09	2.400273e+01	6.615891e+02
6.290000e-06	2.883456e-09	5.631066e-09	2.365016e+01	6.587361e+02
6.300000e-06	2.840371e-09	5.607145e-09	2.329678e+01	6.558501e+02
6.310000e-06	2.797182e-09	5.587442e-09	2.294255e+01	6.529307e+02
6.320000e-06	2.753894e-09	5.569769e-09	2.258749e+01	6.499778e+02
6.330000e-06	2.710513e-09	5.545824e-09	2.223168e+01	6.469912e+02
6.340000e-06	2.667040e-09	5.518897e-09	2.187511e+01	6.439707e+02
6.350000e-06	2.623474e-09	5.492069e-09	2.151778e+01	6.409163e+02
6.360000e-06	2.579817e-09	5.463805e-09	2.115970e+01	6.378277e+02
6.370000e-06	2.536041e-09	5.432495e-09	2.080065e+01	6.347049e+02
6.380000e-06	2.492171e-09	5.400714e-09	2.044082e+01	6.315478e+02
6.390000e-06	2.448209e-09	5.372585e-09	2.008024e+01	6.283564e+02
6.400000e-06	2.404151e-09	5.345396e-09	1.971888e+01	6.251306e+02
6.410000e-06	2.360008e-09	5.317283e-09	1.935681e+01	6.218703e+02
6.420000e-06	2.315772e-09	5.287850e-09	1.899399e+01	6.185757e+02
6.430000e-06	2.271465e-09	5.260305e-09	1.863057e+01	6.152466e+02
6.440000e-06	2.227055e-09	5.232270e-09	1.826632e+01	6.118830e+02
6.450000e-06	2.182531e-09	5.200515e-09	1.790113e+01	6.084849e+02
6.460000e-06	2.137926e-09	5.167101e-09	1.753527e+01	6.050523e+02
6.470000e-06	2.093212e-09	5.132528e-09	1.716853e+01	6.015850e+02
6.480000e-06	2.048405e-09	5.100416e-09	1.680102e+01	5.980831e+02
6.490000e-06	2.003546e-09	5.069669e-09	1.643308e+01	5.945464e+02
6.500000e-06	1.958612e-09	5.038948e-09	1.606453e+01	5.909747e+02
6.510000e-06	1.913595e-09	5.008324e-09	1.569530e+01	5.873680e+02
6.520000e-06	1.868479e-09	4.977901e-09	1.532526e+01	5.837259e+02
6.530000e-06	1.823257e-09	4.949649e-09	1.495434e+01	5.800482e+02
6.540000e-06	1.777951e-09	4.920143e-09	1.458274e+01	5.763346e+02
6.550000e-06	1.732561e-09	4.886113e-09	1.421045e+01	5.725847e+02
6.560000e-06	1.687099e-09	4.848373e-09	1.383757e+01	5.687980e+02
6.570000e-06	1.641601e-09	4.810748e-09	1.346439e+01	5.649741e+02
6.580000e-06	1.596042e-09	4.775023e-09	1.309072e+01	5.611121e+02
6.590000e-06	1.550422e-09	4.741232e-09	1.271654e+01	5.572116e+02
6.600000e-06	1.504741e-09	4.710503e-09	1.234186e+01	5.532716e+02
6.610000e-06	1.458983e-09	4.682251e-09	1.196656e+01	5.492913e+02
6.620000e-06	1.413155e-09	4.655276e-09	1.159067e+01	5.452697e+02
6.630000e-06	1.367297e-09	4.624340e-09	1.121455e+01	5.412057e+02
6.640000e-06	1.321386e-09	4.588260e-09	1.083798e+01	5.370981e+02
6.650000e-06	1.275396e-09	4.550461e-09	1.046077e+01	5.329455e+02
6.660000e-06	1.229369e-09	4.511799e-09	1.008326e+01	5.287465e+02
6.670000e-06	1.183289e-09	4.473332e-09	9.705310e+00	5.244995e+02
6.680000e-06	1.137154e-09	4.433900e-09	9.326910e+00	5.202028e+02
6.690000e-06	1.090983e-09	4.396061e-09	8.948207e+00	5.158546e+02
6.700000e-06	1.044771e-09	4.360679e-09	8.569181e+00	5.114530e+02
6.710000e-06	9.984823e-10	4.325437e-09	8.189516e+00	5.069958e+02
6.720000e-06	9.521570e-10	4.289475e-09	7.809554e+00	5.024808e+02
6.730000e-06	9.058017e-10	4.252023e-09	7.429344e+00	4.979058e+02
6.740000e-06	8.593918e-10	4.214548e-09	7.048688e+00	4.932683e+02
6.750000e-06	8.129058e-10	4.176597e-09	6.667407e+00	4.885656e+02
6.760000e-06	7.663618e-10	4.138953e-09	6.285650e+00	4.837951e+02
6.770000e-06	7.198178e-10	4.099287e-09	5.903893e+00	4.789539e+02
6.780000e-06	6.732442e-10	4.056122e-09	5.521895e+00	4.740391e+02
6.790000e-06	6.266296e-10	4.011808e-09	5.139559e+00	4.690476e+02
6.800000e-06	5.799564e-10	3.968003e-09	4.756742e+00	4.639764e+02
6.810000e-06	5.332307e-10	3.926223e-09	4.373494e+00	4.588221e+02
6.820000e-06	4.864943e-10	3.883923e-09	3.990159e+00	4.535815e+02
6.830000e-06	4.397602e-10	3.840909e-09	3.606843e+00	4.482512e+02
6.840000e-06	3.929962e-10	3.797744e-09	3.223282e+00	4.428276e+02
6.850000e-06	3.461975e-10	3.754285e-09	2.839435e+00	4.373073e+02
6.860000e-06	2.994015e-10	3.708660e-09	2.455612e+00	4.316866e+02
6.870000e-06	2.526151e-10	3.659373e-09	2.071868e+00	4.259621e+02
6.880000e-06	2.058273e-10	3.609323e-09	1.688111e+00	4.201299e+02
6.890000e-06	1.590332e-10	3.560797e-09	1.304302e+00	4.141866e+02
6.900000e-06	1.122650e-10	3.514935e-09	9.207061e-01	4.081284e+02
6.910000e-06	6.548929e-11	3.466849e-09	5.370496e-01	4.019518e+02
6.920000e-06	1.869316e-11	3.414664e-09	1.532258e-01	3.956530e+02
6.930000e-06	-2.809192e-11	3.361543e-09	-2.305084e-01	3.892287e+02
6.940000e-06	-7.485889e-11	3.308048e-09	-6.140947e-01	3.826753e+02
6.950000e-06	-1.215935e-10	3.253128e-09	-9.974145e-01	3.759895e+02
6.960000e-06	-1.683182e-10	3.196300e-09	-1.380653e+00	3.691678e+02
6.970000e-06	-2.150108e-10	3.137375e-09	-1.763631e+00	3.622071e+02
6.980000e-06	-2.616862e-10	3.075423e-09	-2.146466e+00	3.551043e+02
6.990000e-06	-3.083394e-10	3.012839e-09	-2.529118e+00	3.478566e+02
7.000000e-06	-3.549376e-10	2.950162e-09	-2.911319e+00	3.404610e+02
7.010000e-06	-4.015199e-10	2.886728e-09	-3.293389e+00	3.329150e+02
7.020000e-06	-4.480900e-10	2.823245e-09	-3.675359e+00	3.252163e+02
7.030000e-06	-4.946385e-10	2.759723e-09	-4.057153e+00	3.173624e+02
7.040000e-06	-5.411695e-10	2.694690e-09	-4.438803e+00	3.093516e+02
7.050000e-06	-5.876837e-10	2.626411e-09	-4.820315e+00	3.011820e+02
7.060000e-06	-6.341672e-10	2.555069e-09	-5.201575e+00	2.928521e+02
7.070000e-06	-6.806232e-10	2.480263e-09	-5.582610e+00	2.843607e+02
7.080000e-06	-7.270763e-10	2.403432e-09	-5.963621e+00	2.757068e+02
7.090000e-06	-7.735161e-10	2.326853e-09	-6.344523e+00	2.668897e+02
7.100000e-06	-8.199201e-10	2.251664e-09	-6.725131e+00	2.579091e+02
7.110000e-06	-8.662985e-10	2.176554e-09	-7.105530e+00	2.487648e+02
7.120000e-06	-9.126371e-10	2.098243e-09	-7.485603e+00	2.394570e+02
7.130000e-06	-9.589546e-10	2.016902e-09	-7.865500e+00	2.299865e+02
7.140000e-06	-1.005238e-09	1.934997e-09	-8.245116e+00	2.203541e+02
7.150000e-06	-1.051450e-09	1.852683e-09	-8.624149e+00	2.105610e+02
7.160000e-06	-1.097622e-09	1.767110e-09	-9.002854e+00	2.006088e+02
7.170000e-06	-1.143762e-09	1.679012e-09	-9.381299e+00	1.904995e+02
7.180000e-06	-1.189854e-09	1.591776e-09	-9.759348e+00	1.802353e+02
7.190000e-06	-1.235878e-09	1.504076e-09	-1.013684e+01	1.698190e+02
7.200000e-06	-1.281857e-09	1.414999e-09	-1.051396e+01	1.592536e+02
7.210000e-06	-1.327785e-09	1.324985e-09	-1.089066e+01	1.485424e+02
7.220000e-06	-1.373609e-09	1.234141e-09	-1.126651e+01	1.376891e+02
7.230000e-06	-1.419376e-09	1.143461e-09	-1.164190e+01	1.266979e+02
7.240000e-06	-1.465087e-09	1.050305e-09	-1.201682e+01	1.155730e+02
7.250000e-06	-1.510692e-09	9.536475e-10	-1.239087e+01	1.043194e+02
7.260000e-06	-1.556210e-09	8.534374e-10	-1.276420e+01	9.294201e+01
7.270000e-06	-1.601654e-09	7.519716e-10	-1.313693e+01	8.144631e+01
7.280000e-06	-1.647013e-09	6.525470e-10	-1.350897e+01	6.983800e+01
7.290000e-06	-1.692284e-09	5.521983e-10	-1.388029e+01	5.812309e+01
7.300000e-06	-1.737500e-09	4.500226e-10	-1.425116e+01	4.630789e+01
7.310000e-06	-1.782627e-09	3.478664e-10	-1.462128e+01	3.439896e+01
7.320000e-06	-1.827655e-09	2.471885e-10	-1.499061e+01	2.240314e+01
7.330000e-06	-1.872626e-09	1.453652e-10	-1.535946e+01	1.032751e+01
7.340000e-06	-1.917534e-09	4.015975e-11	-1.572780e+01	-1.820643e+00
7.350000e-06	-1.962348e-09	-6.659912e-11	-1.609536e+01	-1.403382e+01
7.360000e-06	-2.007072e-09	-1.748317e-10	-1.646219e+01	-2.630432e+01
7.370000e-06	-2.051711e-09	-2.844655e-10	-1.682832e+01	-3.862430e+01
7.380000e-06	-2.096259e-09	-3.956852e-10	-1.719371e+01	-5.098574e+01
7.390000e-06	-2.140725e-09	-5.048170e-10	-1.755843e+01	-6.338053e+01
7.400000e-06	-2.185128e-09	-6.106229e-10	-1.792262e+01	-7.580043e+01
7.410000e-06	-2.229459e-09	-7.173594e-10	-1.828623e+01	-8.823713e+01
7.420000e-06	-2.273712e-09	-8.249399e-10	-1.864919e+01	-1.006823e+02
7.430000e-06	-2.317895e-09	-9.340112e-10	-1.901159e+01	-1.131274e+02
7.440000e-06	-2.362005e-09	-1.042883e-09	-1.937338e+01	-1.255642e+02
7.450000e-06	-2.406028e-09	-1.150759e-09	-1.973446e+01	-1.379841e+02
7.460000e-06	-2.449962e-09	-1.259515e-09	-2.009481e+01	-1.503788e+02
7.470000e-06	-2.493820e-09	-1.367819e-09	-2.045453e+01	-1.627401e+02
7.480000e-06	-2.537610e-09	-1.474844e-09	-2.081371e+01	-1.750596e+02
7.490000e-06	-2.581315e-09	-1.580631e-09	-2.117218e+01	-1.873292e+02
7.500000e-06	-2.624935e-09	-1.685055e-09	-2.152995e+01	-1.995409e+02
7.510000e-06	-2.668474e-09	-1.787280e-09	-2.188706e+01	-2.116869e+02
7.520000e-06	-2.711902e-09	-1.888645e-09	-2.224326e+01	-2.237594e+02
7.530000e-06	-2.755232e-09	-1.989631e-09	-2.259866e+01	-2.357509e+02
7.540000e-06	-2.798483e-09	-2.090987e-09	-2.295340e+01	-2.476541e+02
7.550000e-06	-2.841621e-09	-2.193577e-09	-2.330722e+01	-2.594619e+02
7.560000e-06	-2.884633e-09	-2.295273e-09	-2.366000e+01	-2.711675e+02
7.570000e-06	-2.927526e-09	-2.394168e-09	-2.401182e+01	-2.827643e+02
7.580000e-06	-2.970270e-09	-2.490219e-09	-2.436241e+01	-2.942460e+02
7.590000e-06	-3.012851e-09	-2.585290e-09	-2.471166e+01	-3.056065e+02
7.600000e-06	-3.055275e-09	-2.679731e-09	-2.505962e+01	-3.168402e+02
7.610000e-06	-3.097557e-09	-2.772531e-09	-2.540641e+01	-3.279417e+02
7.620000e-06	-3.139681e-09	-2.865114e-09	-2.575192e+01	-3.389058e+02
7.630000e-06	-3.181640e-09	-2.958880e-09	-2.609606e+01	-3.497279e+02
7.640000e-06	-3.223447e-09	-3.051966e-09	-2.643897e+01	-3.604036e+02
7.650000e-06	-3.265098e-09	-3.143208e-09	-2.678059e+01	-3.709287e+02
7.660000e-06	-3.306589e-09	-3.233323e-09	-2.712090e+01	-3.812997e+02
7.670000e-06	-3.347914e-09	-3.321156e-09	-2.745985e+01	-3.915131e+02
7.680000e-06	-3.389110e-09	-3.405752e-09	-2.779774e+01	-4.015661e+02
7.690000e-06	-3.430164e-09	-3.488432e-09	-2.813447e+01	-4.114559e+02
7.700000e-06	-3.471067e-09	-3.570572e-09	-2.846996e+01	-4.211805e+02
7.710000e-06	-3.511845e-09	-3.653540e-09	-2.880442e+01	-4.307378e+02
7.720000e-06	-3.552490e-09	-3.734766e-09	-2.913780e+01	-4.401264e+02
7.730000e-06	-3.593026e-09	-3.812871e-09	-2.947027e+01	-4.493451e+02
7.740000e-06	-3.633431e-09	-3.891753e-09	-2.980168e+01	-4.583930e+02
7.750000e-06	-3.673686e-09	-3.970510e-09	-3.013185e+01	-4.672698e+02
7.760000e-06	-3.713847e-09	-4.046277e-09	-3.046126e+01	-4.759752e+02
7.770000e-06	-3.753903e-09	-4.121642e-09	-3.078980e+01	-4.845094e+02
7.780000e-06	-3.793811e-09	-4.197682e-09	-3.111713e+01	-4.928730e+02
7.790000e-06	-3.833597e-09	-4.273807e-09	-3.144346e+01	-5.010667e+02
7.800000e-06	-3.873226e-09	-4.347485e-09	-3.176850e+01	-5.090915e+02
7.810000e-06	-3.912682e-09	-4.412641e-09	-3.209212e+01	-5.169489e+02
7.820000e-06	-3.951941e-09	-4.470790e-09	-3.241413e+01	-5.246405e+02
7.830000e-06	-3.990988e-09	-4.526479e-09	-3.273439e+01	-5.321681e+02
7.840000e-06	-4.029822e-09	-4.584403e-09	-3.305290e+01	-5.395338e+02
7.850000e-06	-4.068400e-09	-4.647414e-09	-3.336931e+01	-5.467400e+02
7.860000e-06	-4.106719e-09	-4.716496e-09	-3.368361e+01	-5.537892e+02
7.870000e-06	-4.144743e-09	-4.790409e-09	-3.399548e+01	-5.606840e+02
7.880000e-06	-4.182448e-09	-4.860664e-09	-3.430473e+01	-5.674274e+02
7.890000e-06	-4.219897e-09	-4.920763e-09	-3.461189e+01	-5.740223e+02
7.900000e-06	-4.257083e-09	-4.966962e-09	-3.491689e+01	-5.804719e+02
7.910000e-06	-4.293985e-09	-5.006982e-09	-3.521956e+01	-5.867794e+02
7.920000e-06	-4.330637e-09	-5.050929e-09	-3.552018e+01	-5.929483e+02
7.930000e-06	-4.367094e-09	-5.100967e-09	-3.581920e+01	-5.989819e+02
7.940000e-06	-4.403388e-09	-5.156644e-09	-3.611689e+01	-6.048837e+02
7.950000e-06	-4.439512e-09	-5.211939e-09	-3.641318e+01	-6.106572e+02
7.960000e-06	-4.475487e-09	-5.266453e-09	-3.670825e+01	-6.163061e+02
7.970000e-06	-4.511322e-09	-5.317598e-09	-3.700217e+01	-6.218340e+02
7.980000e-06	-4.546996e-09	-5.362018e-09	-3.729478e+01	-6.272443e+02
7.990000e-06	-4.582513e-09	-5.398878e-09	-3.758608e+01	-6.325407e+02
8.000000e-06	-4.617844e-09	-5.434418e-09	-3.787587e+01	-6.377266e+02
8.010000e-06	-4.652965e-09	-5.476761e-09	-3.816394e+01	-6.428057e+02
8.020000e-06	-4.687860e-09	-5.520842e-09	-3.845014e+01	-6.477812e+02
8.030000e-06	-4.722534e-09	-5.566948e-09	-3.873455e+01	-6.526566e+02
8.040000e-06	-4.757008e-09	-5.612323e-09	-3.901730e+01	-6.574352e+02
8.050000e-06	-4.791266e-09	-5.655012e-09	-3.929828e+01	-6.621201e+02
8.060000e-06	-4.825289e-09	-5.695329e-09	-3.957734e+01	-6.667144e+02
8.070000e-06	-4.859075e-09	-5.731348e-09	-3.985446e+01	-6.712211e+02
8.080000e-06	-4.892666e-09	-5.765619e-09	-4.012997e+01	-6.756431e+02
8.090000e-06	-4.926037e-09	-5.799911e-09	-4.040368e+01	-6.799831e+02
8.100000e-06	-4.959166e-09	-5.838317e-09	-4.067540e+01	-6.842438e+02
8.110000e-06	-4.992103e-09	-5.878567e-09	-4.094555e+01	-6.884277e+02
8.120000e-06	-5.024862e-09	-5.918153e-09	-4.121425e+01	-6.925370e+02
8.130000e-06	-5.057415e-09	-5.954014e-09	-4.148124e+01	-6.965741e+02
8.140000e-06	-5.089778e-09	-5.987718e-09	-4.174669e+01	-7.005410e+02
8.150000e-06	-5.121975e-09	-6.023077e-09	-4.201077e+01	-7.044397e+02
8.160000e-06	-5.154008e-09	-6.057429e-09	-4.227351e+01	-7.082719e+02
8.170000e-06	-5.185840e-09	-6.090806e-09	-4.253460e+01	-7.120394e+02
8.180000e-06	-5.217411e-09	-6.118326e-09	-4.279354e+01	-7.157438e+02
8.190000e-06	-5.248736e-09	-6.143442e-09	-4.305047e+01	-7.193863e+02
8.200000e-06	-5.279780e-09	-6.168302e-09	-4.330509e+01	-7.229683e+02
8.210000e-06	-5.310499e-09	-6.194750e-09	-4.355705e+01	-7.264910e+02
8.220000e-06	-5.340871e-09	-6.228537e-09	-4.380615e+01	-7.299555e+02
8.230000e-06	-5.370843e-09	-6.266259e-09	-4.405198e+01	-7.333625e+02
8.240000e-06	-5.400427e-09	-6.306536e-09	-4.429463e+01	-7.367131e+02
8.250000e-06	-5.429654e-09	-6.341547e-09	-4.453435e+01	-7.400078e+02
8.260000e-06	-5.458552e-09	-6.367365e-09	-4.477137e+01	-7.432474e+02
8.270000e-06	-5.487191e-09	-6.385862e-09	-4.500627e+01	-7.464324e+02
8.280000e-06	-5.515605e-09	-6.402863e-09	-4.523932e+01	-7.495633e+02
8.290000e-06	-5.543816e-09	-6.425597e-09	-4.547071e+01	-7.526404e+02
8.300000e-06	-5.571846e-09	-6.453419e-09	-4.570061e+01	-7.556642e+02
8.310000e-06	-5.599693e-09	-6.489879e-09	-4.592902e+01	-7.586349e+02
8.320000e-06	-5.627357e-09	-6.529663e-09	-4.615592e+01	-7.615527e+02
8.330000e-06	-5.654805e-09	-6.563523e-09	-4.638105e+01	-7.644179e+02
8.340000e-06	-5.681993e-09	-6.589269e-09	-4.660404e+01	-7.672307e+02
8.350000e-06	-5.708915e-09	-6.609158e-09	-4.682486e+01	-7.699912e+02
8.360000e-06	-5.735579e-09	-6.627464e-09	-4.704356e+01	-7.726995e+02
8.370000e-06	-5.761988e-09	-6.643891e-09	-4.726017e+01	-7.753559e+02
8.380000e-06	-5.788101e-09	-6.664596e-09	-4.747435e+01	-7.779604e+02
8.390000e-06	-5.813926e-09	-6.691636e-09	-4.768616e+01	-7.805132e+02
8.400000e-06	-5.839479e-09	-6.720767e-09	-4.789575e+01	-7.830145e+02
8.410000e-06	-5.864760e-09	-6.748837e-09	-4.810311e+01	-7.854645e+02
8.420000e-06	-5.889768e-09	-6.771823e-09	-4.830822e+01	-7.878633e+02
8.430000e-06	-5.914523e-09	-6.790194e-09	-4.851126e+01	-7.902113e+02
8.440000e-06	-5.939070e-09	-6.805415e-09	-4.871260e+01	-7.925087e+02
8.450000e-06	-5.963423e-09	-6.820446e-09	-4.891234e+01	-7.947558e+02
8.460000e-06	-5.987617e-09	-6.838926e-09	-4.911079e+01	-7.969530e+02
8.470000e-06	-6.011654e-09	-6.863797e-09	-4.930794e+01	-7.991008e+02
8.480000e-06	-6.035496e-09	-6.893270e-09	-4.950349e+01	-8.011995e+02
8.490000e-06	-6.059119e-09	-6.921738e-09	-4.969725e+01	-8.032497e+02
8.500000e-06	-6.082501e-09	-6.945928e-09	-4.988903e+01	-8.052521e+02
8.510000e-06	-6.105527e-09	-6.964890e-09	-5.007789e+01	-8.072071e+02
8.520000e-06	-6.128097e-09	-6.977645e-09	-5.026301e+01	-8.091154e+02
8.530000e-06	-6.150231e-09	-6.987883e-09	-5.044455e+01	-8.109779e+02
8.540000e-06	-6.171900e-09	-7.001712e-09	-5.062228e+01	-8.127952e+02
8.550000e-06	-6.193141e-09	-7.021175e-09	-5.079649e+01	-8.145681e+02
8.560000e-06	-6.214025e-09	-7.043475e-09	-5.096779e+01	-8.162977e+02
8.570000e-06	-6.234580e-09	-7.063842e-09	-5.113638e+01	-8.179847e+02
8.580000e-06	-6.254912e-09	-7.082371e-09	-5.130314e+01	-8.196301e+02
8.590000e-06	-6.275077e-09	-7.098943e-09	-5.146854e+01	-8.212349e+02
8.600000e-06	-6.295056e-09	-7.111314e-09	-5.163241e+01	-8.228001e+02
8.610000e-06	-6.314823e-09	-7.121042e-09	-5.179454e+01	-8.243268e+02
8.620000e-06	-6.334365e-09	-7.131202e-09	-5.195483e+01	-8.258161e+02
8.630000e-06	-6.353638e-09	-7.144344e-09	-5.211290e+01	-8.272690e+02
8.640000e-06	-6.372578e-09	-7.160884e-09	-5.226825e+01	-8.286867e+02
8.650000e-06	-6.391214e-09	-7.176500e-09	-5.242110e+01	-8.300703e+02
8.660000e-06	-6.409602e-09	-7.190952e-09	-5.257192e+01	-8.314209e+02
8.670000e-06	-6.427735e-09	-7.205641e-09	-5.272065e+01	-8.327396e+02
8.680000e-06	-6.445610e-09	-7.219091e-09	-5.286726e+01	-8.340275e+02
8.690000e-06	-6.463202e-09	-7.231146e-09	-5.301155e+01	-8.352858e+02
8.700000e-06	-6.480468e-09	-7.241050e-09	-5.315317e+01	-8.365154e+02
8.710000e-06	-6.497431e-09	-7.250353e-09	-5.329230e+01	-8.377176e+02
8.720000e-06	-6.514125e-09	-7.260918e-09	-5.342922e+01	-8.388932e+02
8.730000e-06	-6.530578e-09	-7.272371e-09	-5.356417e+01	-8.400433e+02
8.740000e-06	-6.546826e-09	-7.284763e-09	-5.369744e+01	-8.411689e+02
8.750000e-06	-6.562891e-09	-7.296905e-09	-5.382920e+01	-8.422708e+02
8.760000e-06	-6.578751e-09	-7.307007e-09	-5.395929e+01	-8.433499e+02
8.770000e-06	-6.594314e-09	-7.314565e-09	-5.408693e+01	-8.444069e+02
8.780000e-06	-6.609514e-09	-7.322299e-09	-5.421160e+01	-8.454428e+02
8.790000e-06	-6.624258e-09	-7.331066e-09	-5.433253e+01	-8.464580e+02
8.800000e-06	-6.638463e-09	-7.339775e-09	-5.444904e+01	-8.474534e+02
8.810000e-06	-6.652156e-09	-7.349540e-09	-5.456134e+01	-8.484293e+02
8.820000e-06	-6.665382e-09	-7.360201e-09	-5.466983e+01	-8.493863e+02
8.830000e-06	-6.678228e-09	-7.370811e-09	-5.477519e+01	-8.503249e+02
8.840000e-06	-6.690752e-09	-7.380167e-09	-5.487791e+01	-8.512453e+02
8.850000e-06	-6.703005e-09	-7.387598e-09	-5.497841e+01	-8.521478e+02
8.860000e-06	-6.714979e-09	-7.393013e-09	-5.507662e+01	-8.530327e+02
8.870000e-06	-6.726643e-09	-7.397061e-09	-5.517229e+01	-8.539001e+02
8.880000e-06	-6.738007e-09	-7.401004e-09	-5.526550e+01	-8.547499e+02
8.890000e-06	-6.749026e-09	-7.405273e-09	-5.535587e+01	-8.555823e+02
8.900000e-06	-6.759715e-09	-7.410833e-09	-5.544354e+01	-8.563972e+02
8.910000e-06	-6.770127e-09	-7.417379e-09	-5.552894e+01	-8.571943e+02
8.920000e-06	-6.780250e-09	-7.423759e-09	-5.561197e+01	-8.579734e+02
8.930000e-06	-6.790086e-09	-7.430986e-09	-5.569265e+01	-8.587344e+02
8.940000e-06	-6.799605e-09	-7.439066e-09	-5.577072e+01	-8.594768e+02
8.950000e-06	-6.808787e-09	-7.445878e-09	-5.584603e+01	-8.602003e+02
8.960000e-06	-6.817655e-09	-7.451777e-09	-5.591877e+01	-8.609044e+02
8.970000e-06	-6.826231e-09	-7.458731e-09	-5.598910e+01	-8.615886e+02
8.980000e-06	-6.834563e-09	-7.465666e-09	-5.605744e+01	-8.622524e+02
8.990000e-06	-6.842708e-09	-7.470948e-09	-5.612425e+01	-8.628952e+02
9.000000e-06	-6.850678e-09	-7.475032e-09	-5.618962e+01	-8.635165e+02
9.010000e-06	-6.858444e-09	-7.477945e-09	-5.625332e+01	-8.641156e+02
9.020000e-06	-6.865897e-09	-7.479892e-09	-5.631445e+01	-8.646918e+02
9.030000e-06	-6.872945e-09	-7.483248e-09	-5.637225e+01	-8.652444e+02
9.040000e-06	-6.879520e-09	-7.487276e-09	-5.642618e+01	-8.657729e+02
9.050000e-06	-6.885587e-09	-7.491169e-09	-5.647594e+01	-8.662765e+02
9.060000e-06	-6.891174e-09	-7.496592e-09	-5.652177e+01	-8.667544e+02
9.070000e-06	-6.896322e-09	-7.502298e-09	-5.656399e+01	-8.672061e+02
9.080000e-06	-6.901099e-09	-7.506458e-09	-5.660317e+01	-8.676309e+02
9.090000e-06	-6.905565e-09	-7.508801e-09	-5.663980e+01	-8.680281e+02
9.100000e-06	-6.909807e-09	-7.511825e-09	-5.667459e+01	-8.683970e+02
9.110000e-06	-6.913878e-09	-7.515096e-09	-5.670799e+01	-8.687372e+02
9.120000e-06	-6.917783e-09	-7.516013e-09	-5.674001e+01	-8.690479e+02
9.130000e-06	-6.921453e-09	-7.516731e-09	-5.677011e+01	-8.693287e+02
9.140000e-06	-6.924813e-09	-7.518819e-09	-5.679767e+01	-8.695791e+02
9.150000e-06	-6.927820e-09	-7.520936e-09	-5.682234e+01	-8.697986e+02
9.160000e-06	-6.930489e-09	-7.520646e-09	-5.684422e+01	-8.699869e+02
9.170000e-06	-6.932901e-09	-7.519011e-09	-5.686401e+01	-8.701435e+02
9.180000e-06	-6.935089e-09	-7.517848e-09	-5.688196e+01	-8.702683e+02
9.190000e-06	-6.937068e-09	-7.518653e-09	-5.689818e+01	-8.703609e+02
9.200000e-06	-6.938685e-09	-7.521810e-09	-5.691145e+01	-8.704212e+02
9.210000e-06	-6.939869e-09	-7.524764e-09	-5.692116e+01	-8.704492e+02
9.220000e-06	-6.940777e-09	-7.526080e-09	-5.692861e+01	-8.704447e+02
9.230000e-06	-6.941431e-09	-7.525549e-09	-5.693397e+01	-8.704078e+02
