# Temperatura_=_20.0
# Concentracion g/m^3_=_18000.0
# C_Vs_to_Am_M_A/Vsm_=_116720831517.84952
# pendiente_HvsI_1/m_=_3716.3
# ordenada_HvsI_A/m_=_1297.0
# frecuencia_Hz_=_108226.16166257116
# Promedio de 26 ciclos

Tiempo_(s)	Campo_(V.s)	Magnetizacion_(V.s)	Campo_(kA/m)	Magnetizacion_(A/m)
0.000000e+00	-6.927567e-09	-1.359269e-08	-5.701132e+01	-1.558949e+03
1.000000e-08	-6.927802e-09	-1.359772e-08	-5.701325e+01	-1.559497e+03
2.000000e-08	-6.927854e-09	-1.359450e-08	-5.701369e+01	-1.560046e+03
3.000000e-08	-6.927663e-09	-1.358723e-08	-5.701211e+01	-1.560594e+03
4.000000e-08	-6.927200e-09	-1.358406e-08	-5.700830e+01	-1.561138e+03
5.000000e-08	-6.926394e-09	-1.358377e-08	-5.700167e+01	-1.561676e+03
6.000000e-08	-6.925132e-09	-1.358617e-08	-5.699129e+01	-1.562205e+03
7.000000e-08	-6.923377e-09	-1.360322e-08	-5.697684e+01	-1.562722e+03
8.000000e-08	-6.921095e-09	-1.363783e-08	-5.695806e+01	-1.563226e+03
9.000000e-08	-6.918303e-09	-1.362045e-08	-5.693510e+01	-1.563712e+03
1.000000e-07	-6.915070e-09	-1.350454e-08	-5.690848e+01	-1.564178e+03
1.100000e-07	-6.911500e-09	-1.343659e-08	-5.687910e+01	-1.564622e+03
1.200000e-07	-6.907720e-09	-1.357508e-08	-5.684800e+01	-1.565039e+03
1.300000e-07	-6.903787e-09	-1.378276e-08	-5.681564e+01	-1.565428e+03
1.400000e-07	-6.899639e-09	-1.367447e-08	-5.678150e+01	-1.565785e+03
1.500000e-07	-6.895177e-09	-1.343000e-08	-5.674477e+01	-1.566108e+03
1.600000e-07	-6.890377e-09	-1.361317e-08	-5.670527e+01	-1.566392e+03
1.700000e-07	-6.885287e-09	-1.371428e-08	-5.666339e+01	-1.566637e+03
1.800000e-07	-6.879898e-09	-1.337148e-08	-5.661904e+01	-1.566839e+03
1.900000e-07	-6.874160e-09	-1.336483e-08	-5.657182e+01	-1.566995e+03
2.000000e-07	-6.868135e-09	-1.356315e-08	-5.652224e+01	-1.567104e+03
2.100000e-07	-6.861794e-09	-1.338727e-08	-5.647005e+01	-1.567163e+03
2.200000e-07	-6.855049e-09	-1.330529e-08	-5.641455e+01	-1.567170e+03
2.300000e-07	-6.847968e-09	-1.348137e-08	-5.635627e+01	-1.567123e+03
2.400000e-07	-6.840604e-09	-1.336822e-08	-5.629567e+01	-1.567021e+03
2.500000e-07	-6.832998e-09	-1.324979e-08	-5.623307e+01	-1.566862e+03
2.600000e-07	-6.825226e-09	-1.337790e-08	-5.616911e+01	-1.566645e+03
2.700000e-07	-6.817269e-09	-1.326833e-08	-5.610363e+01	-1.566369e+03
2.800000e-07	-6.809076e-09	-1.318962e-08	-5.603620e+01	-1.566033e+03
2.900000e-07	-6.800606e-09	-1.336059e-08	-5.596650e+01	-1.565637e+03
3.000000e-07	-6.791786e-09	-1.336374e-08	-5.589391e+01	-1.565181e+03
3.100000e-07	-6.782509e-09	-1.326992e-08	-5.581757e+01	-1.564664e+03
3.200000e-07	-6.772716e-09	-1.327305e-08	-5.573698e+01	-1.564087e+03
3.300000e-07	-6.762417e-09	-1.321406e-08	-5.565222e+01	-1.563451e+03
3.400000e-07	-6.751671e-09	-1.319443e-08	-5.556379e+01	-1.562755e+03
3.500000e-07	-6.740543e-09	-1.324190e-08	-5.547221e+01	-1.562001e+03
3.600000e-07	-6.729100e-09	-1.318122e-08	-5.537804e+01	-1.561189e+03
3.700000e-07	-6.717401e-09	-1.318123e-08	-5.528176e+01	-1.560323e+03
3.800000e-07	-6.705398e-09	-1.324885e-08	-5.518298e+01	-1.559402e+03
3.900000e-07	-6.693087e-09	-1.321034e-08	-5.508166e+01	-1.558428e+03
4.000000e-07	-6.680466e-09	-1.313463e-08	-5.497780e+01	-1.557404e+03
4.100000e-07	-6.667481e-09	-1.311240e-08	-5.487094e+01	-1.556331e+03
4.200000e-07	-6.654157e-09	-1.311294e-08	-5.476129e+01	-1.555212e+03
4.300000e-07	-6.640539e-09	-1.312101e-08	-5.464921e+01	-1.554049e+03
4.400000e-07	-6.626603e-09	-1.314559e-08	-5.453453e+01	-1.552844e+03
4.500000e-07	-6.612250e-09	-1.312895e-08	-5.441641e+01	-1.551600e+03
4.600000e-07	-6.597423e-09	-1.311338e-08	-5.429440e+01	-1.550319e+03
4.700000e-07	-6.582161e-09	-1.313237e-08	-5.416879e+01	-1.549003e+03
4.800000e-07	-6.566481e-09	-1.310950e-08	-5.403976e+01	-1.547656e+03
4.900000e-07	-6.550368e-09	-1.305861e-08	-5.390716e+01	-1.546279e+03
5.000000e-07	-6.533902e-09	-1.304754e-08	-5.377165e+01	-1.544876e+03
5.100000e-07	-6.517171e-09	-1.306696e-08	-5.363396e+01	-1.543448e+03
5.200000e-07	-6.500191e-09	-1.307672e-08	-5.349422e+01	-1.541999e+03
5.300000e-07	-6.482960e-09	-1.306945e-08	-5.335241e+01	-1.540530e+03
5.400000e-07	-6.465421e-09	-1.303529e-08	-5.320807e+01	-1.539044e+03
5.500000e-07	-6.447570e-09	-1.301661e-08	-5.306117e+01	-1.537543e+03
5.600000e-07	-6.429422e-09	-1.301673e-08	-5.291182e+01	-1.536028e+03
5.700000e-07	-6.410935e-09	-1.299918e-08	-5.275968e+01	-1.534502e+03
5.800000e-07	-6.392110e-09	-1.298102e-08	-5.260475e+01	-1.532966e+03
5.900000e-07	-6.372977e-09	-1.297480e-08	-5.244730e+01	-1.531422e+03
6.000000e-07	-6.353582e-09	-1.298244e-08	-5.228768e+01	-1.529871e+03
6.100000e-07	-6.333994e-09	-1.297727e-08	-5.212648e+01	-1.528314e+03
6.200000e-07	-6.314241e-09	-1.295624e-08	-5.196392e+01	-1.526752e+03
6.300000e-07	-6.294323e-09	-1.292391e-08	-5.180000e+01	-1.525186e+03
6.400000e-07	-6.274248e-09	-1.290504e-08	-5.163479e+01	-1.523616e+03
6.500000e-07	-6.253965e-09	-1.291311e-08	-5.146787e+01	-1.522042e+03
6.600000e-07	-6.233410e-09	-1.290990e-08	-5.129871e+01	-1.520465e+03
6.700000e-07	-6.212589e-09	-1.289612e-08	-5.112736e+01	-1.518883e+03
6.800000e-07	-6.191519e-09	-1.287827e-08	-5.095396e+01	-1.517298e+03
6.900000e-07	-6.170165e-09	-1.286679e-08	-5.077823e+01	-1.515708e+03
7.000000e-07	-6.148545e-09	-1.285537e-08	-5.060030e+01	-1.514112e+03
7.100000e-07	-6.126681e-09	-1.283402e-08	-5.042037e+01	-1.512510e+03
7.200000e-07	-6.104539e-09	-1.281100e-08	-5.023815e+01	-1.510899e+03
7.300000e-07	-6.082103e-09	-1.279629e-08	-5.005351e+01	-1.509280e+03
7.400000e-07	-6.059403e-09	-1.279611e-08	-4.986670e+01	-1.507650e+03
7.500000e-07	-6.036428e-09	-1.278998e-08	-4.967762e+01	-1.506007e+03
7.600000e-07	-6.013155e-09	-1.277204e-08	-4.948610e+01	-1.504350e+03
7.700000e-07	-5.989633e-09	-1.274651e-08	-4.929252e+01	-1.502677e+03
7.800000e-07	-5.965911e-09	-1.272568e-08	-4.909730e+01	-1.500986e+03
7.900000e-07	-5.941998e-09	-1.271138e-08	-4.890050e+01	-1.499274e+03
8.000000e-07	-5.917853e-09	-1.269324e-08	-4.870179e+01	-1.497540e+03
8.100000e-07	-5.893409e-09	-1.267082e-08	-4.850063e+01	-1.495781e+03
8.200000e-07	-5.868582e-09	-1.265183e-08	-4.829632e+01	-1.493995e+03
8.300000e-07	-5.843360e-09	-1.264524e-08	-4.808875e+01	-1.492180e+03
8.400000e-07	-5.817706e-09	-1.263636e-08	-4.787763e+01	-1.490333e+03
8.500000e-07	-5.791586e-09	-1.261632e-08	-4.766268e+01	-1.488452e+03
8.600000e-07	-5.765066e-09	-1.258859e-08	-4.744443e+01	-1.486534e+03
8.700000e-07	-5.738183e-09	-1.256395e-08	-4.722320e+01	-1.484579e+03
8.800000e-07	-5.710987e-09	-1.254699e-08	-4.699938e+01	-1.482583e+03
8.900000e-07	-5.683535e-09	-1.252909e-08	-4.677346e+01	-1.480545e+03
9.000000e-07	-5.655888e-09	-1.250894e-08	-4.654593e+01	-1.478462e+03
9.100000e-07	-5.628062e-09	-1.248631e-08	-4.631694e+01	-1.476333e+03
9.200000e-07	-5.600046e-09	-1.246894e-08	-4.608638e+01	-1.474157e+03
9.300000e-07	-5.571845e-09	-1.245232e-08	-4.585429e+01	-1.471931e+03
9.400000e-07	-5.543443e-09	-1.242813e-08	-4.562056e+01	-1.469655e+03
9.500000e-07	-5.514815e-09	-1.240058e-08	-4.538496e+01	-1.467327e+03
9.600000e-07	-5.485944e-09	-1.237608e-08	-4.514736e+01	-1.464946e+03
9.700000e-07	-5.456837e-09	-1.235882e-08	-4.490782e+01	-1.462511e+03
9.800000e-07	-5.427498e-09	-1.233984e-08	-4.466637e+01	-1.460022e+03
9.900000e-07	-5.397935e-09	-1.231633e-08	-4.442308e+01	-1.457478e+03
1.000000e-06	-5.368163e-09	-1.228981e-08	-4.417807e+01	-1.454880e+03
1.010000e-06	-5.338183e-09	-1.226618e-08	-4.393135e+01	-1.452225e+03
1.020000e-06	-5.307986e-09	-1.224550e-08	-4.368283e+01	-1.449516e+03
1.030000e-06	-5.277579e-09	-1.222179e-08	-4.343259e+01	-1.446752e+03
1.040000e-06	-5.246974e-09	-1.219564e-08	-4.318073e+01	-1.443933e+03
1.050000e-06	-5.216155e-09	-1.217054e-08	-4.292709e+01	-1.441060e+03
1.060000e-06	-5.185092e-09	-1.214883e-08	-4.267146e+01	-1.438134e+03
1.070000e-06	-5.153811e-09	-1.212499e-08	-4.241403e+01	-1.435155e+03
1.080000e-06	-5.122370e-09	-1.209737e-08	-4.215528e+01	-1.432124e+03
1.090000e-06	-5.090754e-09	-1.206683e-08	-4.189509e+01	-1.429043e+03
1.100000e-06	-5.058926e-09	-1.203870e-08	-4.163315e+01	-1.425912e+03
1.110000e-06	-5.026884e-09	-1.201611e-08	-4.136946e+01	-1.422734e+03
1.120000e-06	-4.994615e-09	-1.199382e-08	-4.110390e+01	-1.419508e+03
1.130000e-06	-4.962083e-09	-1.196865e-08	-4.083617e+01	-1.416237e+03
1.140000e-06	-4.929284e-09	-1.194180e-08	-4.056625e+01	-1.412922e+03
1.150000e-06	-4.896190e-09	-1.191642e-08	-4.029391e+01	-1.409564e+03
1.160000e-06	-4.862764e-09	-1.189081e-08	-4.001882e+01	-1.406165e+03
1.170000e-06	-4.828993e-09	-1.186402e-08	-3.974091e+01	-1.402726e+03
1.180000e-06	-4.794840e-09	-1.183516e-08	-3.945984e+01	-1.399248e+03
1.190000e-06	-4.760329e-09	-1.180512e-08	-3.917583e+01	-1.395732e+03
1.200000e-06	-4.725521e-09	-1.177775e-08	-3.888937e+01	-1.392181e+03
1.210000e-06	-4.690457e-09	-1.175101e-08	-3.860082e+01	-1.388595e+03
1.220000e-06	-4.655182e-09	-1.172401e-08	-3.831051e+01	-1.384974e+03
1.230000e-06	-4.619716e-09	-1.169724e-08	-3.801864e+01	-1.381320e+03
1.240000e-06	-4.584069e-09	-1.166990e-08	-3.772528e+01	-1.377634e+03
1.250000e-06	-4.548251e-09	-1.164212e-08	-3.743051e+01	-1.373916e+03
1.260000e-06	-4.512282e-09	-1.161582e-08	-3.713449e+01	-1.370167e+03
1.270000e-06	-4.476164e-09	-1.158749e-08	-3.683726e+01	-1.366386e+03
1.280000e-06	-4.439898e-09	-1.155478e-08	-3.653880e+01	-1.362575e+03
1.290000e-06	-4.403482e-09	-1.151908e-08	-3.623911e+01	-1.358732e+03
1.300000e-06	-4.366908e-09	-1.148374e-08	-3.593812e+01	-1.354858e+03
1.310000e-06	-4.330158e-09	-1.145189e-08	-3.563568e+01	-1.350952e+03
1.320000e-06	-4.293233e-09	-1.142096e-08	-3.533180e+01	-1.347014e+03
1.330000e-06	-4.256129e-09	-1.138973e-08	-3.502645e+01	-1.343042e+03
1.340000e-06	-4.218839e-09	-1.135886e-08	-3.471957e+01	-1.339035e+03
1.350000e-06	-4.181378e-09	-1.132888e-08	-3.441128e+01	-1.334993e+03
1.360000e-06	-4.143719e-09	-1.129626e-08	-3.410136e+01	-1.330913e+03
1.370000e-06	-4.105855e-09	-1.126030e-08	-3.378976e+01	-1.326795e+03
1.380000e-06	-4.067806e-09	-1.122170e-08	-3.347663e+01	-1.322636e+03
1.390000e-06	-4.029578e-09	-1.118400e-08	-3.316203e+01	-1.318435e+03
1.400000e-06	-3.991180e-09	-1.115006e-08	-3.284602e+01	-1.314189e+03
1.410000e-06	-3.952612e-09	-1.111560e-08	-3.252862e+01	-1.309896e+03
1.420000e-06	-3.913876e-09	-1.108192e-08	-3.220984e+01	-1.305554e+03
1.430000e-06	-3.874988e-09	-1.104642e-08	-3.188981e+01	-1.301160e+03
1.440000e-06	-3.835939e-09	-1.100851e-08	-3.156845e+01	-1.296712e+03
1.450000e-06	-3.796725e-09	-1.096899e-08	-3.124573e+01	-1.292207e+03
1.460000e-06	-3.757354e-09	-1.092836e-08	-3.092173e+01	-1.287642e+03
1.470000e-06	-3.717813e-09	-1.088801e-08	-3.059631e+01	-1.283016e+03
1.480000e-06	-3.678122e-09	-1.084572e-08	-3.026967e+01	-1.278324e+03
1.490000e-06	-3.638293e-09	-1.080442e-08	-2.994189e+01	-1.273565e+03
1.500000e-06	-3.598319e-09	-1.076315e-08	-2.961292e+01	-1.268735e+03
1.510000e-06	-3.558196e-09	-1.072438e-08	-2.928272e+01	-1.263832e+03
1.520000e-06	-3.517915e-09	-1.068443e-08	-2.895122e+01	-1.258854e+03
1.530000e-06	-3.477476e-09	-1.064109e-08	-2.861843e+01	-1.253798e+03
1.540000e-06	-3.436832e-09	-1.059774e-08	-2.828393e+01	-1.248661e+03
1.550000e-06	-3.395989e-09	-1.055343e-08	-2.794782e+01	-1.243441e+03
1.560000e-06	-3.354971e-09	-1.050734e-08	-2.761026e+01	-1.238137e+03
1.570000e-06	-3.313763e-09	-1.045517e-08	-2.727114e+01	-1.232746e+03
1.580000e-06	-3.272346e-09	-1.040553e-08	-2.693029e+01	-1.227265e+03
1.590000e-06	-3.230715e-09	-1.036066e-08	-2.658769e+01	-1.221695e+03
1.600000e-06	-3.188869e-09	-1.031594e-08	-2.624331e+01	-1.216032e+03
1.610000e-06	-3.146808e-09	-1.027077e-08	-2.589717e+01	-1.210277e+03
1.620000e-06	-3.104576e-09	-1.022185e-08	-2.554962e+01	-1.204427e+03
1.630000e-06	-3.062184e-09	-1.017327e-08	-2.520076e+01	-1.198481e+03
1.640000e-06	-3.019612e-09	-1.012228e-08	-2.485041e+01	-1.192440e+03
1.650000e-06	-2.976872e-09	-1.006695e-08	-2.449868e+01	-1.186302e+03
1.660000e-06	-2.933991e-09	-1.000837e-08	-2.414579e+01	-1.180068e+03
1.670000e-06	-2.890966e-09	-9.952548e-09	-2.379171e+01	-1.173736e+03
1.680000e-06	-2.847811e-09	-9.900359e-09	-2.343656e+01	-1.167308e+03
1.690000e-06	-2.804547e-09	-9.847225e-09	-2.308051e+01	-1.160784e+03
1.700000e-06	-2.761160e-09	-9.794908e-09	-2.272345e+01	-1.154164e+03
1.710000e-06	-2.717649e-09	-9.739638e-09	-2.236537e+01	-1.147448e+03
1.720000e-06	-2.674038e-09	-9.685079e-09	-2.200647e+01	-1.140637e+03
1.730000e-06	-2.630326e-09	-9.631323e-09	-2.164673e+01	-1.133733e+03
1.740000e-06	-2.586516e-09	-9.575799e-09	-2.128619e+01	-1.126736e+03
1.750000e-06	-2.542609e-09	-9.516253e-09	-2.092485e+01	-1.119647e+03
1.760000e-06	-2.498599e-09	-9.453801e-09	-2.056266e+01	-1.112467e+03
1.770000e-06	-2.454487e-09	-9.392507e-09	-2.019964e+01	-1.105198e+03
1.780000e-06	-2.410285e-09	-9.331813e-09	-1.983586e+01	-1.097841e+03
1.790000e-06	-2.365970e-09	-9.269038e-09	-1.947117e+01	-1.090397e+03
1.800000e-06	-2.321553e-09	-9.203461e-09	-1.910563e+01	-1.082866e+03
1.810000e-06	-2.277055e-09	-9.141836e-09	-1.873943e+01	-1.075251e+03
1.820000e-06	-2.232457e-09	-9.082856e-09	-1.837240e+01	-1.067551e+03
1.830000e-06	-2.187759e-09	-9.021720e-09	-1.800456e+01	-1.059768e+03
1.840000e-06	-2.142966e-09	-8.954133e-09	-1.763593e+01	-1.051902e+03
1.850000e-06	-2.098070e-09	-8.881970e-09	-1.726645e+01	-1.043955e+03
1.860000e-06	-2.053081e-09	-8.812271e-09	-1.689621e+01	-1.035925e+03
1.870000e-06	-2.008004e-09	-8.745143e-09	-1.652524e+01	-1.027813e+03
1.880000e-06	-1.962815e-09	-8.678173e-09	-1.615335e+01	-1.019619e+03
1.890000e-06	-1.917530e-09	-8.608792e-09	-1.578067e+01	-1.011342e+03
1.900000e-06	-1.872173e-09	-8.541765e-09	-1.540741e+01	-1.002981e+03
1.910000e-06	-1.826740e-09	-8.473566e-09	-1.503351e+01	-9.945350e+02
1.920000e-06	-1.781235e-09	-8.399378e-09	-1.465902e+01	-9.860022e+02
1.930000e-06	-1.735630e-09	-8.320056e-09	-1.428371e+01	-9.773804e+02
1.940000e-06	-1.689935e-09	-8.238938e-09	-1.390765e+01	-9.686674e+02
1.950000e-06	-1.644181e-09	-8.162827e-09	-1.353111e+01	-9.598601e+02
1.960000e-06	-1.598360e-09	-8.087622e-09	-1.315403e+01	-9.509553e+02
1.970000e-06	-1.552493e-09	-8.011983e-09	-1.277656e+01	-9.419492e+02
1.980000e-06	-1.506579e-09	-7.933433e-09	-1.239871e+01	-9.328376e+02
1.990000e-06	-1.460589e-09	-7.851696e-09	-1.202022e+01	-9.236157e+02
2.000000e-06	-1.414532e-09	-7.769258e-09	-1.164119e+01	-9.142785e+02
2.010000e-06	-1.368410e-09	-7.685049e-09	-1.126163e+01	-9.048205e+02
2.020000e-06	-1.322245e-09	-7.599777e-09	-1.088170e+01	-8.952355e+02
2.030000e-06	-1.276047e-09	-7.513217e-09	-1.050151e+01	-8.855171e+02
2.040000e-06	-1.229782e-09	-7.428715e-09	-1.012076e+01	-8.756585e+02
2.050000e-06	-1.183480e-09	-7.344528e-09	-9.739717e+00	-8.656524e+02
2.060000e-06	-1.137124e-09	-7.258557e-09	-9.358230e+00	-8.554911e+02
2.070000e-06	-1.090701e-09	-7.170314e-09	-8.976181e+00	-8.451667e+02
2.080000e-06	-1.044249e-09	-7.078757e-09	-8.593900e+00	-8.346708e+02
2.090000e-06	-9.977548e-10	-6.985270e-09	-8.211270e+00	-8.239949e+02
2.100000e-06	-9.512027e-10	-6.890165e-09	-7.828165e+00	-8.131300e+02
2.110000e-06	-9.045907e-10	-6.793737e-09	-7.444566e+00	-8.020672e+02
2.120000e-06	-8.579489e-10	-6.692075e-09	-7.060722e+00	-7.907970e+02
2.130000e-06	-8.112980e-10	-6.587863e-09	-6.676802e+00	-7.793101e+02
2.140000e-06	-7.645934e-10	-6.485274e-09	-6.292441e+00	-7.675971e+02
2.150000e-06	-7.178283e-10	-6.383828e-09	-5.907583e+00	-7.556483e+02
2.160000e-06	-6.710459e-10	-6.281892e-09	-5.522581e+00	-7.434543e+02
2.170000e-06	-6.242421e-10	-6.176262e-09	-5.137402e+00	-7.310055e+02
2.180000e-06	-5.773837e-10	-6.067405e-09	-4.751776e+00	-7.182927e+02
2.190000e-06	-5.304997e-10	-5.954711e-09	-4.365937e+00	-7.053067e+02
2.200000e-06	-4.835957e-10	-5.840113e-09	-3.979935e+00	-6.920384e+02
2.210000e-06	-4.366679e-10	-5.722995e-09	-3.593736e+00	-6.784792e+02
2.220000e-06	-3.897223e-10	-5.603385e-09	-3.207392e+00	-6.646207e+02
2.230000e-06	-3.427380e-10	-5.484716e-09	-2.820728e+00	-6.504550e+02
2.240000e-06	-2.957349e-10	-5.366075e-09	-2.433909e+00	-6.359746e+02
2.250000e-06	-2.487197e-10	-5.245273e-09	-2.046991e+00	-6.211724e+02
2.260000e-06	-2.017191e-10	-5.119654e-09	-1.660195e+00	-6.060420e+02
2.270000e-06	-1.547322e-10	-4.991169e-09	-1.273511e+00	-5.905774e+02
2.280000e-06	-1.077383e-10	-4.859902e-09	-8.867681e-01	-5.747735e+02
2.290000e-06	-6.075263e-11	-4.722194e-09	-5.000933e-01	-5.586258e+02
2.300000e-06	-1.377779e-11	-4.577999e-09	-1.135081e-01	-5.421304e+02
2.310000e-06	3.321312e-11	-4.431822e-09	2.732088e-01	-5.252845e+02
2.320000e-06	8.021032e-11	-4.287838e-09	6.599778e-01	-5.080858e+02
2.330000e-06	1.271695e-10	-4.143091e-09	1.046434e+00	-4.905330e+02
2.340000e-06	1.741092e-10	-3.994771e-09	1.432729e+00	-4.726258e+02
2.350000e-06	2.210428e-10	-3.844714e-09	1.818975e+00	-4.543647e+02
2.360000e-06	2.679428e-10	-3.694099e-09	2.204944e+00	-4.357511e+02
2.370000e-06	3.147952e-10	-3.538711e-09	2.590522e+00	-4.167876e+02
2.380000e-06	3.616582e-10	-3.373959e-09	2.976187e+00	-3.974774e+02
2.390000e-06	4.085112e-10	-3.201740e-09	3.361769e+00	-3.778251e+02
2.400000e-06	4.553155e-10	-3.027435e-09	3.746952e+00	-3.578361e+02
2.410000e-06	5.021079e-10	-2.854895e-09	4.132036e+00	-3.375169e+02
2.420000e-06	5.488988e-10	-2.682167e-09	4.517107e+00	-3.168747e+02
2.430000e-06	5.956689e-10	-2.506362e-09	4.902008e+00	-2.959182e+02
2.440000e-06	6.424278e-10	-2.326901e-09	5.286817e+00	-2.746566e+02
2.450000e-06	6.891710e-10	-2.144331e-09	5.671496e+00	-2.531004e+02
2.460000e-06	7.358800e-10	-1.958272e-09	6.055894e+00	-2.312610e+02
2.470000e-06	7.825646e-10	-1.765995e-09	6.440090e+00	-2.091504e+02
2.480000e-06	8.292266e-10	-1.568663e-09	6.824100e+00	-1.867820e+02
2.490000e-06	8.758678e-10	-1.371611e-09	7.207940e+00	-1.641695e+02
2.500000e-06	9.224781e-10	-1.176194e-09	7.591527e+00	-1.413280e+02
2.510000e-06	9.690247e-10	-9.802950e-10	7.974589e+00	-1.182728e+02
2.520000e-06	1.015519e-09	-7.810363e-10	8.357216e+00	-9.502031e+01
2.530000e-06	1.062014e-09	-5.767649e-10	8.739858e+00	-7.158744e+01
2.540000e-06	1.108490e-09	-3.682961e-10	9.122334e+00	-4.799176e+01
2.550000e-06	1.154910e-09	-1.573625e-10	9.504355e+00	-2.425139e+01
2.560000e-06	1.201275e-09	5.482327e-11	9.885924e+00	-3.849357e-01
2.570000e-06	1.247591e-09	2.669299e-10	1.026709e+01	2.358854e+01
2.580000e-06	1.293859e-09	4.761960e-10	1.064786e+01	4.764963e+01
2.590000e-06	1.340063e-09	6.831693e-10	1.102809e+01	7.177860e+01
2.600000e-06	1.386196e-09	8.912833e-10	1.140776e+01	9.595551e+01
2.610000e-06	1.432256e-09	1.100331e-09	1.178681e+01	1.201602e+02
2.620000e-06	1.478225e-09	1.311130e-09	1.216512e+01	1.443725e+02
2.630000e-06	1.524124e-09	1.523114e-09	1.254285e+01	1.685722e+02
2.640000e-06	1.569965e-09	1.732205e-09	1.292010e+01	1.927390e+02
2.650000e-06	1.615704e-09	1.938983e-09	1.329652e+01	2.168528e+02
2.660000e-06	1.661328e-09	2.144137e-09	1.367199e+01	2.408938e+02
2.670000e-06	1.706855e-09	2.347972e-09	1.404666e+01	2.648423e+02
2.680000e-06	1.752284e-09	2.550551e-09	1.442052e+01	2.886790e+02
2.690000e-06	1.797619e-09	2.751032e-09	1.479361e+01	3.123849e+02
2.700000e-06	1.842873e-09	2.950836e-09	1.516604e+01	3.359415e+02
2.710000e-06	1.888046e-09	3.150143e-09	1.553780e+01	3.593308e+02
2.720000e-06	1.933118e-09	3.344397e-09	1.590872e+01	3.825353e+02
2.730000e-06	1.978097e-09	3.533262e-09	1.627888e+01	4.055382e+02
2.740000e-06	2.023008e-09	3.721662e-09	1.664848e+01	4.283233e+02
2.750000e-06	2.067836e-09	3.911110e-09	1.701740e+01	4.508752e+02
2.760000e-06	2.112577e-09	4.099970e-09	1.738560e+01	4.731791e+02
2.770000e-06	2.157258e-09	4.285196e-09	1.775331e+01	4.952212e+02
2.780000e-06	2.201857e-09	4.466537e-09	1.812034e+01	5.169883e+02
2.790000e-06	2.246365e-09	4.646512e-09	1.848663e+01	5.384682e+02
2.800000e-06	2.290798e-09	4.825385e-09	1.885230e+01	5.596496e+02
2.810000e-06	2.335140e-09	5.001147e-09	1.921721e+01	5.805220e+02
2.820000e-06	2.379409e-09	5.172273e-09	1.958154e+01	6.010758e+02
2.830000e-06	2.423619e-09	5.341346e-09	1.994537e+01	6.213027e+02
2.840000e-06	2.467753e-09	5.511544e-09	2.030858e+01	6.411948e+02
2.850000e-06	2.511804e-09	5.681515e-09	2.067111e+01	6.607455e+02
2.860000e-06	2.555773e-09	5.847840e-09	2.103296e+01	6.799491e+02
2.870000e-06	2.599669e-09	6.010472e-09	2.139421e+01	6.988008e+02
2.880000e-06	2.643487e-09	6.168243e-09	2.175482e+01	7.172967e+02
2.890000e-06	2.687189e-09	6.320542e-09	2.211447e+01	7.354338e+02
2.900000e-06	2.730770e-09	6.468338e-09	2.247313e+01	7.532102e+02
2.910000e-06	2.774234e-09	6.613192e-09	2.283082e+01	7.706247e+02
2.920000e-06	2.817571e-09	6.757045e-09	2.318746e+01	7.876769e+02
2.930000e-06	2.860791e-09	6.900262e-09	2.354315e+01	8.043674e+02
2.940000e-06	2.903869e-09	7.042290e-09	2.389767e+01	8.206975e+02
2.950000e-06	2.946756e-09	7.179622e-09	2.425061e+01	8.366692e+02
2.960000e-06	2.989471e-09	7.311873e-09	2.460213e+01	8.522854e+02
2.970000e-06	3.032034e-09	7.439802e-09	2.495241e+01	8.675495e+02
2.980000e-06	3.074401e-09	7.563538e-09	2.530107e+01	8.824656e+02
2.990000e-06	3.116530e-09	7.682392e-09	2.564777e+01	8.970385e+02
3.000000e-06	3.158428e-09	7.797893e-09	2.599257e+01	9.112733e+02
3.010000e-06	3.200092e-09	7.914337e-09	2.633545e+01	9.251758e+02
3.020000e-06	3.241541e-09	8.029763e-09	2.667655e+01	9.387522e+02
3.030000e-06	3.282762e-09	8.141873e-09	2.701578e+01	9.520091e+02
3.040000e-06	3.323745e-09	8.250241e-09	2.735305e+01	9.649535e+02
3.050000e-06	3.364536e-09	8.355895e-09	2.768875e+01	9.775927e+02
3.060000e-06	3.405140e-09	8.460731e-09	2.802290e+01	9.899341e+02
3.070000e-06	3.445568e-09	8.561861e-09	2.835561e+01	1.001986e+03
3.080000e-06	3.485839e-09	8.660610e-09	2.868703e+01	1.013755e+03
3.090000e-06	3.525975e-09	8.757995e-09	2.901733e+01	1.025250e+03
3.100000e-06	3.565991e-09	8.853936e-09	2.934665e+01	1.036479e+03
3.110000e-06	3.605873e-09	8.948946e-09	2.967487e+01	1.047451e+03
3.120000e-06	3.645618e-09	9.038870e-09	3.000195e+01	1.058172e+03
3.130000e-06	3.685247e-09	9.126050e-09	3.032809e+01	1.068652e+03
3.140000e-06	3.724755e-09	9.212295e-09	3.065322e+01	1.078898e+03
3.150000e-06	3.764115e-09	9.299243e-09	3.097714e+01	1.088918e+03
3.160000e-06	3.803336e-09	9.387731e-09	3.129992e+01	1.098720e+03
3.170000e-06	3.842404e-09	9.472964e-09	3.162143e+01	1.108311e+03
3.180000e-06	3.881325e-09	9.554052e-09	3.194174e+01	1.117699e+03
3.190000e-06	3.920099e-09	9.630130e-09	3.226083e+01	1.126890e+03
3.200000e-06	3.958705e-09	9.706444e-09	3.257854e+01	1.135892e+03
3.210000e-06	3.997144e-09	9.785055e-09	3.289489e+01	1.144710e+03
3.220000e-06	4.035404e-09	9.862141e-09	3.320975e+01	1.153351e+03
3.230000e-06	4.073473e-09	9.938992e-09	3.352305e+01	1.161822e+03
3.240000e-06	4.111368e-09	1.001365e-08	3.383491e+01	1.170127e+03
3.250000e-06	4.149104e-09	1.008625e-08	3.414546e+01	1.178272e+03
3.260000e-06	4.186645e-09	1.015417e-08	3.445441e+01	1.186263e+03
3.270000e-06	4.223975e-09	1.021529e-08	3.476162e+01	1.194102e+03
3.280000e-06	4.261128e-09	1.027356e-08	3.506738e+01	1.201796e+03
3.290000e-06	4.298105e-09	1.033486e-08	3.537169e+01	1.209348e+03
3.300000e-06	4.334875e-09	1.040182e-08	3.567430e+01	1.216761e+03
3.310000e-06	4.371454e-09	1.046671e-08	3.597533e+01	1.224040e+03
3.320000e-06	4.407855e-09	1.052819e-08	3.627489e+01	1.231187e+03
3.330000e-06	4.444099e-09	1.058759e-08	3.657317e+01	1.238205e+03
3.340000e-06	4.480198e-09	1.064639e-08	3.687025e+01	1.245096e+03
3.350000e-06	4.516144e-09	1.070253e-08	3.716608e+01	1.251864e+03
3.360000e-06	4.551936e-09	1.075651e-08	3.746064e+01	1.258511e+03
3.370000e-06	4.587578e-09	1.081228e-08	3.775396e+01	1.265037e+03
3.380000e-06	4.623055e-09	1.086626e-08	3.804592e+01	1.271445e+03
3.390000e-06	4.658307e-09	1.091874e-08	3.833603e+01	1.277737e+03
3.400000e-06	4.693323e-09	1.096678e-08	3.862420e+01	1.283915e+03
3.410000e-06	4.728085e-09	1.101285e-08	3.891028e+01	1.289978e+03
3.420000e-06	4.762536e-09	1.106022e-08	3.919380e+01	1.295929e+03
3.430000e-06	4.796633e-09	1.110828e-08	3.947440e+01	1.301768e+03
3.440000e-06	4.830368e-09	1.115671e-08	3.975202e+01	1.307498e+03
3.450000e-06	4.863763e-09	1.120211e-08	4.002684e+01	1.313118e+03
3.460000e-06	4.896863e-09	1.124821e-08	4.029925e+01	1.318630e+03
3.470000e-06	4.929680e-09	1.129173e-08	4.056932e+01	1.324034e+03
3.480000e-06	4.962218e-09	1.133157e-08	4.083709e+01	1.329333e+03
3.490000e-06	4.994547e-09	1.137022e-08	4.110315e+01	1.334526e+03
3.500000e-06	5.026699e-09	1.140862e-08	4.136775e+01	1.339615e+03
3.510000e-06	5.058672e-09	1.145052e-08	4.163088e+01	1.344602e+03
3.520000e-06	5.090480e-09	1.149319e-08	4.189265e+01	1.349486e+03
3.530000e-06	5.122148e-09	1.153661e-08	4.215327e+01	1.354270e+03
3.540000e-06	5.153653e-09	1.157720e-08	4.241254e+01	1.358955e+03
3.550000e-06	5.184950e-09	1.161227e-08	4.267011e+01	1.363542e+03
3.560000e-06	5.216026e-09	1.164507e-08	4.292585e+01	1.368033e+03
3.570000e-06	5.246861e-09	1.167530e-08	4.317961e+01	1.372430e+03
3.580000e-06	5.277446e-09	1.170809e-08	4.343131e+01	1.376734e+03
3.590000e-06	5.307791e-09	1.174529e-08	4.368104e+01	1.380947e+03
3.600000e-06	5.337896e-09	1.178557e-08	4.392879e+01	1.385071e+03
3.610000e-06	5.367779e-09	1.182658e-08	4.417472e+01	1.389108e+03
3.620000e-06	5.397455e-09	1.186265e-08	4.441894e+01	1.393061e+03
3.630000e-06	5.426911e-09	1.189585e-08	4.466136e+01	1.396932e+03
3.640000e-06	5.456124e-09	1.192337e-08	4.490177e+01	1.400722e+03
3.650000e-06	5.485067e-09	1.194715e-08	4.513996e+01	1.404434e+03
3.660000e-06	5.513745e-09	1.197206e-08	4.537597e+01	1.408072e+03
3.670000e-06	5.542207e-09	1.200127e-08	4.561021e+01	1.411636e+03
3.680000e-06	5.570476e-09	1.203541e-08	4.584285e+01	1.415131e+03
3.690000e-06	5.598550e-09	1.206773e-08	4.607389e+01	1.418557e+03
3.700000e-06	5.626457e-09	1.209767e-08	4.630356e+01	1.421919e+03
3.710000e-06	5.654201e-09	1.212202e-08	4.653188e+01	1.425218e+03
3.720000e-06	5.681749e-09	1.214467e-08	4.675859e+01	1.428457e+03
3.730000e-06	5.709068e-09	1.216833e-08	4.698342e+01	1.431639e+03
3.740000e-06	5.736111e-09	1.219105e-08	4.720598e+01	1.434765e+03
3.750000e-06	5.762773e-09	1.221495e-08	4.742539e+01	1.437839e+03
3.760000e-06	5.789019e-09	1.223988e-08	4.764138e+01	1.440862e+03
3.770000e-06	5.814842e-09	1.226739e-08	4.785390e+01	1.443838e+03
3.780000e-06	5.840259e-09	1.229412e-08	4.806306e+01	1.446767e+03
3.790000e-06	5.865264e-09	1.231791e-08	4.826885e+01	1.449653e+03
3.800000e-06	5.889895e-09	1.233796e-08	4.847155e+01	1.452496e+03
3.810000e-06	5.914251e-09	1.235733e-08	4.867199e+01	1.455299e+03
3.820000e-06	5.938381e-09	1.237775e-08	4.887057e+01	1.458063e+03
3.830000e-06	5.962285e-09	1.239947e-08	4.906730e+01	1.460789e+03
3.840000e-06	5.985973e-09	1.242224e-08	4.926224e+01	1.463480e+03
3.850000e-06	6.009448e-09	1.244189e-08	4.945544e+01	1.466135e+03
3.860000e-06	6.032657e-09	1.245921e-08	4.964644e+01	1.468756e+03
3.870000e-06	6.055592e-09	1.247653e-08	4.983518e+01	1.471344e+03
3.880000e-06	6.078228e-09	1.249419e-08	5.002147e+01	1.473900e+03
3.890000e-06	6.100576e-09	1.251049e-08	5.020538e+01	1.476422e+03
3.900000e-06	6.122697e-09	1.252751e-08	5.038743e+01	1.478913e+03
3.910000e-06	6.144599e-09	1.254688e-08	5.056768e+01	1.481371e+03
3.920000e-06	6.166248e-09	1.256775e-08	5.074584e+01	1.483797e+03
3.930000e-06	6.187622e-09	1.258714e-08	5.092175e+01	1.486191e+03
3.940000e-06	6.208710e-09	1.260115e-08	5.109529e+01	1.488551e+03
3.950000e-06	6.229491e-09	1.261293e-08	5.126631e+01	1.490878e+03
3.960000e-06	6.249991e-09	1.262679e-08	5.143502e+01	1.493171e+03
3.970000e-06	6.270244e-09	1.264496e-08	5.160170e+01	1.495429e+03
3.980000e-06	6.290298e-09	1.266361e-08	5.176673e+01	1.497650e+03
3.990000e-06	6.310182e-09	1.267981e-08	5.193038e+01	1.499834e+03
4.000000e-06	6.329896e-09	1.269584e-08	5.209261e+01	1.501980e+03
4.010000e-06	6.349400e-09	1.271083e-08	5.225313e+01	1.504087e+03
4.020000e-06	6.368639e-09	1.272560e-08	5.241146e+01	1.506153e+03
4.030000e-06	6.387568e-09	1.273803e-08	5.256724e+01	1.508176e+03
4.040000e-06	6.406150e-09	1.274878e-08	5.272016e+01	1.510157e+03
4.050000e-06	6.424356e-09	1.276055e-08	5.286999e+01	1.512093e+03
4.060000e-06	6.442191e-09	1.277341e-08	5.301676e+01	1.513983e+03
4.070000e-06	6.459719e-09	1.278794e-08	5.316101e+01	1.515827e+03
4.080000e-06	6.476974e-09	1.280124e-08	5.330302e+01	1.517622e+03
4.090000e-06	6.493978e-09	1.281526e-08	5.344295e+01	1.519368e+03
4.100000e-06	6.510745e-09	1.282904e-08	5.358094e+01	1.521063e+03
4.110000e-06	6.527240e-09	1.284048e-08	5.371669e+01	1.522707e+03
4.120000e-06	6.543436e-09	1.285075e-08	5.384998e+01	1.524299e+03
4.130000e-06	6.559309e-09	1.285965e-08	5.398060e+01	1.525839e+03
4.140000e-06	6.574812e-09	1.286931e-08	5.410819e+01	1.527325e+03
4.150000e-06	6.589919e-09	1.288025e-08	5.423252e+01	1.528757e+03
4.160000e-06	6.604622e-09	1.289088e-08	5.435351e+01	1.530135e+03
4.170000e-06	6.618948e-09	1.290098e-08	5.447141e+01	1.531460e+03
4.180000e-06	6.633002e-09	1.291171e-08	5.458707e+01	1.532730e+03
4.190000e-06	6.646794e-09	1.292191e-08	5.470058e+01	1.533947e+03
4.200000e-06	6.660288e-09	1.292981e-08	5.481163e+01	1.535111e+03
4.210000e-06	6.673492e-09	1.293649e-08	5.492029e+01	1.536222e+03
4.220000e-06	6.686378e-09	1.294446e-08	5.502634e+01	1.537281e+03
4.230000e-06	6.698942e-09	1.295524e-08	5.512974e+01	1.538290e+03
4.240000e-06	6.711197e-09	1.296690e-08	5.523059e+01	1.539250e+03
4.250000e-06	6.723172e-09	1.297647e-08	5.532914e+01	1.540162e+03
4.260000e-06	6.734897e-09	1.298329e-08	5.542564e+01	1.541027e+03
4.270000e-06	6.746359e-09	1.299019e-08	5.551996e+01	1.541848e+03
4.280000e-06	6.757456e-09	1.299934e-08	5.561129e+01	1.542625e+03
4.290000e-06	6.768142e-09	1.300877e-08	5.569923e+01	1.543363e+03
4.300000e-06	6.778332e-09	1.301755e-08	5.578309e+01	1.544061e+03
4.310000e-06	6.787941e-09	1.302480e-08	5.586216e+01	1.544723e+03
4.320000e-06	6.797025e-09	1.303031e-08	5.593693e+01	1.545352e+03
4.330000e-06	6.805679e-09	1.303394e-08	5.600814e+01	1.545949e+03
4.340000e-06	6.813995e-09	1.303763e-08	5.607658e+01	1.546517e+03
4.350000e-06	6.822051e-09	1.304189e-08	5.614288e+01	1.547060e+03
4.360000e-06	6.829913e-09	1.304584e-08	5.620759e+01	1.547578e+03
4.370000e-06	6.837580e-09	1.305129e-08	5.627068e+01	1.548076e+03
4.380000e-06	6.844993e-09	1.305802e-08	5.633169e+01	1.548556e+03
4.390000e-06	6.852111e-09	1.306564e-08	5.639027e+01	1.549020e+03
4.400000e-06	6.858910e-09	1.307082e-08	5.644622e+01	1.549471e+03
4.410000e-06	6.865363e-09	1.307343e-08	5.649933e+01	1.549912e+03
4.420000e-06	6.871508e-09	1.307546e-08	5.654990e+01	1.550346e+03
4.430000e-06	6.877378e-09	1.307911e-08	5.659821e+01	1.550773e+03
4.440000e-06	6.882949e-09	1.308494e-08	5.664406e+01	1.551198e+03
4.450000e-06	6.888186e-09	1.308978e-08	5.668716e+01	1.551622e+03
4.460000e-06	6.893099e-09	1.309392e-08	5.672759e+01	1.552046e+03
4.470000e-06	6.897681e-09	1.309560e-08	5.676530e+01	1.552474e+03
4.480000e-06	6.901982e-09	1.309649e-08	5.680069e+01	1.552905e+03
4.490000e-06	6.906080e-09	1.309758e-08	5.683443e+01	1.553343e+03
4.500000e-06	6.910005e-09	1.309818e-08	5.686672e+01	1.553788e+03
4.510000e-06	6.913756e-09	1.309913e-08	5.689759e+01	1.554241e+03
4.520000e-06	6.917282e-09	1.309984e-08	5.692661e+01	1.554703e+03
4.530000e-06	6.920540e-09	1.310322e-08	5.695342e+01	1.555175e+03
4.540000e-06	6.923461e-09	1.310568e-08	5.697746e+01	1.555657e+03
4.550000e-06	6.925937e-09	1.310589e-08	5.699784e+01	1.556149e+03
4.560000e-06	6.927912e-09	1.310544e-08	5.701409e+01	1.556651e+03
4.570000e-06	6.929365e-09	1.310549e-08	5.702605e+01	1.557163e+03
4.580000e-06	6.930338e-09	1.310793e-08	5.703406e+01	1.557683e+03
4.590000e-06	6.930927e-09	1.310962e-08	5.703891e+01	1.558212e+03
4.600000e-06	6.931190e-09	1.311090e-08	5.704107e+01	1.558748e+03
4.610000e-06	6.931213e-09	1.310767e-08	5.704126e+01	1.559290e+03
4.620000e-06	6.931052e-09	1.310208e-08	5.703994e+01	1.559836e+03
4.630000e-06	6.930690e-09	1.309682e-08	5.703697e+01	1.560384e+03
4.640000e-06	6.930082e-09	1.309351e-08	5.703196e+01	1.560933e+03
4.650000e-06	6.929178e-09	1.309662e-08	5.702452e+01	1.561481e+03
4.660000e-06	6.927934e-09	1.309872e-08	5.701428e+01	1.562024e+03
4.670000e-06	6.926370e-09	1.309903e-08	5.700141e+01	1.562562e+03
4.680000e-06	6.924532e-09	1.308789e-08	5.698629e+01	1.563090e+03
4.690000e-06	6.922432e-09	1.304397e-08	5.696900e+01	1.563608e+03
4.700000e-06	6.920094e-09	1.301830e-08	5.694977e+01	1.564111e+03
4.710000e-06	6.917472e-09	1.314795e-08	5.692819e+01	1.564596e+03
4.720000e-06	6.914485e-09	1.328596e-08	5.690361e+01	1.565062e+03
4.730000e-06	6.911091e-09	1.316567e-08	5.687568e+01	1.565505e+03
4.740000e-06	6.907358e-09	1.288012e-08	5.684496e+01	1.565922e+03
4.750000e-06	6.903410e-09	1.289771e-08	5.681247e+01	1.566310e+03
4.760000e-06	6.899295e-09	1.320314e-08	5.677861e+01	1.566666e+03
4.770000e-06	6.894962e-09	1.313687e-08	5.674295e+01	1.566988e+03
4.780000e-06	6.890375e-09	1.306735e-08	5.670519e+01	1.567272e+03
4.790000e-06	6.885529e-09	1.351170e-08	5.666531e+01	1.567515e+03
4.800000e-06	6.880294e-09	1.370374e-08	5.662223e+01	1.567716e+03
4.810000e-06	6.874510e-09	1.355556e-08	5.657464e+01	1.567872e+03
4.820000e-06	6.868187e-09	1.380315e-08	5.652260e+01	1.567979e+03
4.830000e-06	6.861350e-09	1.403473e-08	5.646634e+01	1.568037e+03
4.840000e-06	6.854027e-09	1.375761e-08	5.640608e+01	1.568043e+03
4.850000e-06	6.846364e-09	1.367887e-08	5.634301e+01	1.567995e+03
4.860000e-06	6.838474e-09	1.376762e-08	5.627808e+01	1.567892e+03
4.870000e-06	6.830377e-09	1.353408e-08	5.621144e+01	1.567731e+03
4.880000e-06	6.822079e-09	1.352436e-08	5.614315e+01	1.567513e+03
4.890000e-06	6.813581e-09	1.358369e-08	5.607322e+01	1.567236e+03
4.900000e-06	6.804812e-09	1.336444e-08	5.600106e+01	1.566899e+03
4.910000e-06	6.795754e-09	1.340519e-08	5.592651e+01	1.566502e+03
4.920000e-06	6.786415e-09	1.353308e-08	5.584965e+01	1.566045e+03
4.930000e-06	6.776781e-09	1.344846e-08	5.577037e+01	1.565527e+03
4.940000e-06	6.766886e-09	1.354851e-08	5.568894e+01	1.564949e+03
4.950000e-06	6.756715e-09	1.360359e-08	5.560524e+01	1.564311e+03
4.960000e-06	6.746246e-09	1.346377e-08	5.551908e+01	1.563614e+03
4.970000e-06	6.735476e-09	1.353494e-08	5.543044e+01	1.562859e+03
4.980000e-06	6.724388e-09	1.352356e-08	5.533920e+01	1.562047e+03
4.990000e-06	6.712992e-09	1.339032e-08	5.524542e+01	1.561180e+03
5.000000e-06	6.701288e-09	1.345601e-08	5.514910e+01	1.560258e+03
5.010000e-06	6.689279e-09	1.349887e-08	5.505027e+01	1.559284e+03
5.020000e-06	6.676955e-09	1.348322e-08	5.494885e+01	1.558259e+03
5.030000e-06	6.664276e-09	1.349113e-08	5.484451e+01	1.557186e+03
5.040000e-06	6.651178e-09	1.344959e-08	5.473672e+01	1.556067e+03
5.050000e-06	6.637568e-09	1.342289e-08	5.462471e+01	1.554903e+03
5.060000e-06	6.623433e-09	1.340794e-08	5.450839e+01	1.553698e+03
5.070000e-06	6.608787e-09	1.338727e-08	5.438786e+01	1.552453e+03
5.080000e-06	6.593682e-09	1.338740e-08	5.426355e+01	1.551172e+03
5.090000e-06	6.578185e-09	1.338429e-08	5.413602e+01	1.549856e+03
5.100000e-06	6.562354e-09	1.341428e-08	5.400574e+01	1.548509e+03
5.110000e-06	6.546281e-09	1.340368e-08	5.387346e+01	1.547132e+03
5.120000e-06	6.530013e-09	1.334582e-08	5.373958e+01	1.545729e+03
5.130000e-06	6.513514e-09	1.333003e-08	5.360380e+01	1.544302e+03
5.140000e-06	6.496715e-09	1.330464e-08	5.346555e+01	1.542853e+03
5.150000e-06	6.479601e-09	1.331998e-08	5.332471e+01	1.541384e+03
5.160000e-06	6.462178e-09	1.333897e-08	5.318133e+01	1.539898e+03
5.170000e-06	6.444467e-09	1.331227e-08	5.303557e+01	1.538397e+03
5.180000e-06	6.426479e-09	1.331813e-08	5.288753e+01	1.536883e+03
5.190000e-06	6.408223e-09	1.329957e-08	5.273730e+01	1.535357e+03
5.200000e-06	6.389702e-09	1.327121e-08	5.258487e+01	1.533822e+03
5.210000e-06	6.370931e-09	1.325368e-08	5.243040e+01	1.532278e+03
5.220000e-06	6.351895e-09	1.322921e-08	5.227374e+01	1.530728e+03
5.230000e-06	6.332562e-09	1.323778e-08	5.211464e+01	1.529171e+03
5.240000e-06	6.312974e-09	1.324626e-08	5.195343e+01	1.527610e+03
5.250000e-06	6.293176e-09	1.324261e-08	5.179051e+01	1.526044e+03
5.260000e-06	6.273199e-09	1.322008e-08	5.162610e+01	1.524474e+03
5.270000e-06	6.253083e-09	1.318422e-08	5.146055e+01	1.522901e+03
5.280000e-06	6.232809e-09	1.317129e-08	5.129371e+01	1.521324e+03
5.290000e-06	6.212343e-09	1.315600e-08	5.112528e+01	1.519743e+03
5.300000e-06	6.191612e-09	1.314631e-08	5.095467e+01	1.518158e+03
5.310000e-06	6.170548e-09	1.314361e-08	5.078133e+01	1.516568e+03
5.320000e-06	6.149100e-09	1.313822e-08	5.060481e+01	1.514972e+03
5.330000e-06	6.127171e-09	1.313805e-08	5.042436e+01	1.513370e+03
5.340000e-06	6.104755e-09	1.311425e-08	5.023988e+01	1.511760e+03
5.350000e-06	6.081889e-09	1.308304e-08	5.005171e+01	1.510140e+03
5.360000e-06	6.058617e-09	1.305772e-08	4.986019e+01	1.508510e+03
5.370000e-06	6.035031e-09	1.304447e-08	4.966608e+01	1.506868e+03
5.380000e-06	6.011185e-09	1.304486e-08	4.946984e+01	1.505211e+03
5.390000e-06	5.987115e-09	1.303441e-08	4.927175e+01	1.503537e+03
5.400000e-06	5.962848e-09	1.302122e-08	4.907204e+01	1.501846e+03
5.410000e-06	5.938382e-09	1.300294e-08	4.887070e+01	1.500134e+03
5.420000e-06	5.913702e-09	1.298651e-08	4.866759e+01	1.498399e+03
5.430000e-06	5.888751e-09	1.296348e-08	4.846225e+01	1.496640e+03
5.440000e-06	5.863495e-09	1.293302e-08	4.825440e+01	1.494853e+03
5.450000e-06	5.837948e-09	1.291439e-08	4.804416e+01	1.493037e+03
5.460000e-06	5.812107e-09	1.290414e-08	4.783150e+01	1.491189e+03
5.470000e-06	5.785990e-09	1.290136e-08	4.761657e+01	1.489307e+03
5.480000e-06	5.759592e-09	1.288449e-08	4.739932e+01	1.487389e+03
5.490000e-06	5.732926e-09	1.286109e-08	4.717987e+01	1.485433e+03
5.500000e-06	5.706010e-09	1.284054e-08	4.695836e+01	1.483436e+03
5.510000e-06	5.678838e-09	1.282331e-08	4.673475e+01	1.481397e+03
5.520000e-06	5.651431e-09	1.280697e-08	4.650921e+01	1.479313e+03
5.530000e-06	5.623788e-09	1.278140e-08	4.628171e+01	1.477183e+03
5.540000e-06	5.595948e-09	1.276174e-08	4.605259e+01	1.475006e+03
5.550000e-06	5.567945e-09	1.274552e-08	4.582214e+01	1.472779e+03
5.560000e-06	5.539796e-09	1.273119e-08	4.559048e+01	1.470501e+03
5.570000e-06	5.511483e-09	1.270635e-08	4.535748e+01	1.468172e+03
5.580000e-06	5.482986e-09	1.267662e-08	4.512296e+01	1.465789e+03
5.590000e-06	5.454276e-09	1.265754e-08	4.488669e+01	1.463354e+03
5.600000e-06	5.425312e-09	1.264269e-08	4.464833e+01	1.460863e+03
5.610000e-06	5.396046e-09	1.263079e-08	4.440748e+01	1.458318e+03
5.620000e-06	5.366424e-09	1.260851e-08	4.416371e+01	1.455718e+03
5.630000e-06	5.336451e-09	1.258384e-08	4.391704e+01	1.453063e+03
5.640000e-06	5.306110e-09	1.255977e-08	4.366735e+01	1.450352e+03
5.650000e-06	5.275402e-09	1.253678e-08	4.341463e+01	1.447587e+03
5.660000e-06	5.244367e-09	1.251456e-08	4.315923e+01	1.444767e+03
5.670000e-06	5.213021e-09	1.248704e-08	4.290127e+01	1.441893e+03
5.680000e-06	5.181389e-09	1.246494e-08	4.264094e+01	1.438965e+03
5.690000e-06	5.149542e-09	1.244833e-08	4.237886e+01	1.435985e+03
5.700000e-06	5.117510e-09	1.243380e-08	4.211524e+01	1.432954e+03
5.710000e-06	5.085285e-09	1.240754e-08	4.185004e+01	1.429872e+03
5.720000e-06	5.052847e-09	1.237158e-08	4.158309e+01	1.426740e+03
5.730000e-06	5.020212e-09	1.233944e-08	4.131452e+01	1.423561e+03
5.740000e-06	4.987413e-09	1.231366e-08	4.104460e+01	1.420334e+03
5.750000e-06	4.954387e-09	1.229195e-08	4.077281e+01	1.417062e+03
5.760000e-06	4.921119e-09	1.226387e-08	4.049902e+01	1.413746e+03
5.770000e-06	4.887632e-09	1.223416e-08	4.022343e+01	1.410388e+03
5.780000e-06	4.853897e-09	1.220950e-08	3.994581e+01	1.406988e+03
5.790000e-06	4.819937e-09	1.218670e-08	3.966633e+01	1.403548e+03
5.800000e-06	4.785750e-09	1.215381e-08	3.938498e+01	1.400070e+03
5.810000e-06	4.751331e-09	1.211330e-08	3.910174e+01	1.396554e+03
5.820000e-06	4.716709e-09	1.207879e-08	3.881681e+01	1.393002e+03
5.830000e-06	4.681853e-09	1.205183e-08	3.852995e+01	1.389415e+03
5.840000e-06	4.646780e-09	1.202567e-08	3.824132e+01	1.385794e+03
5.850000e-06	4.611519e-09	1.199116e-08	3.795114e+01	1.382140e+03
5.860000e-06	4.576066e-09	1.195521e-08	3.765937e+01	1.378454e+03
5.870000e-06	4.540440e-09	1.192192e-08	3.736618e+01	1.374735e+03
5.880000e-06	4.504660e-09	1.189101e-08	3.707172e+01	1.370985e+03
5.890000e-06	4.468726e-09	1.185852e-08	3.677600e+01	1.367205e+03
5.900000e-06	4.432653e-09	1.182073e-08	3.647913e+01	1.363393e+03
5.910000e-06	4.396464e-09	1.178422e-08	3.618131e+01	1.359550e+03
5.920000e-06	4.360133e-09	1.175116e-08	3.588232e+01	1.355675e+03
5.930000e-06	4.323655e-09	1.172051e-08	3.558212e+01	1.351769e+03
5.940000e-06	4.287022e-09	1.168544e-08	3.528064e+01	1.347830e+03
5.950000e-06	4.250174e-09	1.164609e-08	3.497739e+01	1.343857e+03
5.960000e-06	4.213082e-09	1.160780e-08	3.467215e+01	1.339850e+03
5.970000e-06	4.175758e-09	1.157135e-08	3.436499e+01	1.335807e+03
5.980000e-06	4.138169e-09	1.153244e-08	3.405564e+01	1.331727e+03
5.990000e-06	4.100294e-09	1.148923e-08	3.374395e+01	1.327608e+03
6.000000e-06	4.062107e-09	1.144829e-08	3.342969e+01	1.323448e+03
6.010000e-06	4.023639e-09	1.141132e-08	3.311312e+01	1.319246e+03
6.020000e-06	3.984922e-09	1.137499e-08	3.279449e+01	1.314999e+03
6.030000e-06	3.945931e-09	1.133421e-08	3.247362e+01	1.310705e+03
6.040000e-06	3.906705e-09	1.129230e-08	3.215080e+01	1.306362e+03
6.050000e-06	3.867242e-09	1.125206e-08	3.182604e+01	1.301967e+03
6.060000e-06	3.827558e-09	1.120930e-08	3.149945e+01	1.297517e+03
6.070000e-06	3.787706e-09	1.116331e-08	3.117148e+01	1.293011e+03
6.080000e-06	3.747706e-09	1.111618e-08	3.084230e+01	1.288445e+03
6.090000e-06	3.707557e-09	1.107328e-08	3.051189e+01	1.283817e+03
6.100000e-06	3.667268e-09	1.103375e-08	3.018032e+01	1.279124e+03
6.110000e-06	3.626841e-09	1.099557e-08	2.984762e+01	1.274363e+03
6.120000e-06	3.586280e-09	1.095597e-08	2.951381e+01	1.269531e+03
6.130000e-06	3.545579e-09	1.091074e-08	2.917886e+01	1.264627e+03
6.140000e-06	3.504715e-09	1.086169e-08	2.884257e+01	1.259646e+03
6.150000e-06	3.463706e-09	1.081133e-08	2.850508e+01	1.254588e+03
6.160000e-06	3.422576e-09	1.076302e-08	2.816659e+01	1.249449e+03
6.170000e-06	3.381302e-09	1.071338e-08	2.782692e+01	1.244228e+03
6.180000e-06	3.339876e-09	1.066271e-08	2.748601e+01	1.238921e+03
6.190000e-06	3.298299e-09	1.061593e-08	2.714384e+01	1.233527e+03
6.200000e-06	3.256576e-09	1.057317e-08	2.680048e+01	1.228045e+03
6.210000e-06	3.214696e-09	1.052945e-08	2.645582e+01	1.222472e+03
6.220000e-06	3.172686e-09	1.048060e-08	2.611009e+01	1.216807e+03
6.230000e-06	3.130544e-09	1.042798e-08	2.576328e+01	1.211049e+03
6.240000e-06	3.088245e-09	1.037479e-08	2.541518e+01	1.205196e+03
6.250000e-06	3.045829e-09	1.032384e-08	2.506611e+01	1.199249e+03
6.260000e-06	3.003302e-09	1.027085e-08	2.471612e+01	1.193205e+03
6.270000e-06	2.960644e-09	1.021556e-08	2.436507e+01	1.187065e+03
6.280000e-06	2.917874e-09	1.016034e-08	2.401309e+01	1.180828e+03
6.290000e-06	2.874993e-09	1.011037e-08	2.366019e+01	1.174494e+03
6.300000e-06	2.831990e-09	1.006196e-08	2.330630e+01	1.168064e+03
6.310000e-06	2.788890e-09	1.000939e-08	2.295160e+01	1.161537e+03
6.320000e-06	2.745687e-09	9.956548e-09	2.259606e+01	1.154914e+03
6.330000e-06	2.702379e-09	9.898946e-09	2.223965e+01	1.148196e+03
6.340000e-06	2.658978e-09	9.842102e-09	2.188247e+01	1.141383e+03
6.350000e-06	2.615493e-09	9.784254e-09	2.152460e+01	1.134477e+03
6.360000e-06	2.571902e-09	9.725201e-09	2.116586e+01	1.127477e+03
6.370000e-06	2.528203e-09	9.666887e-09	2.080624e+01	1.120386e+03
6.380000e-06	2.484420e-09	9.604656e-09	2.044593e+01	1.113205e+03
6.390000e-06	2.440543e-09	9.542379e-09	2.008482e+01	1.105933e+03
6.400000e-06	2.396568e-09	9.477871e-09	1.972293e+01	1.098574e+03
6.410000e-06	2.352509e-09	9.418296e-09	1.936034e+01	1.091128e+03
6.420000e-06	2.308361e-09	9.359812e-09	1.899702e+01	1.083595e+03
6.430000e-06	2.264125e-09	9.299473e-09	1.863297e+01	1.075978e+03
6.440000e-06	2.219808e-09	9.235926e-09	1.826825e+01	1.068276e+03
6.450000e-06	2.175413e-09	9.168968e-09	1.790290e+01	1.060491e+03
6.460000e-06	2.130933e-09	9.102337e-09	1.753684e+01	1.052624e+03
6.470000e-06	2.086351e-09	9.030195e-09	1.716995e+01	1.044674e+03
6.480000e-06	2.041663e-09	8.957563e-09	1.680218e+01	1.036643e+03
6.490000e-06	1.996881e-09	8.884234e-09	1.643364e+01	1.028529e+03
6.500000e-06	1.952030e-09	8.815094e-09	1.606453e+01	1.020333e+03
6.510000e-06	1.907088e-09	8.748415e-09	1.569468e+01	1.012054e+03
6.520000e-06	1.862044e-09	8.679819e-09	1.532398e+01	1.003691e+03
6.530000e-06	1.816948e-09	8.609552e-09	1.495286e+01	9.952430e+02
6.540000e-06	1.771806e-09	8.534527e-09	1.458136e+01	9.867081e+02
6.550000e-06	1.726581e-09	8.459526e-09	1.420918e+01	9.780842e+02
6.560000e-06	1.681262e-09	8.381632e-09	1.383622e+01	9.693689e+02
6.570000e-06	1.635879e-09	8.302852e-09	1.346274e+01	9.605593e+02
6.580000e-06	1.590447e-09	8.224355e-09	1.308885e+01	9.516521e+02
6.590000e-06	1.544960e-09	8.146064e-09	1.271451e+01	9.426434e+02
6.600000e-06	1.499410e-09	8.067373e-09	1.233965e+01	9.335291e+02
6.610000e-06	1.453806e-09	7.987425e-09	1.196435e+01	9.243044e+02
6.620000e-06	1.408146e-09	7.908429e-09	1.158859e+01	9.149642e+02
6.630000e-06	1.362410e-09	7.822111e-09	1.121220e+01	9.055029e+02
6.640000e-06	1.316625e-09	7.734559e-09	1.083541e+01	8.959145e+02
6.650000e-06	1.270793e-09	7.644753e-09	1.045823e+01	8.861926e+02
6.660000e-06	1.224923e-09	7.551016e-09	1.008074e+01	8.763301e+02
6.670000e-06	1.178997e-09	7.460137e-09	9.702780e+00	8.663200e+02
6.680000e-06	1.133005e-09	7.366132e-09	9.324287e+00	8.561545e+02
6.690000e-06	1.086977e-09	7.277154e-09	8.945491e+00	8.458256e+02
6.700000e-06	1.040892e-09	7.186600e-09	8.566234e+00	8.353249e+02
6.710000e-06	9.947486e-10	7.096419e-09	8.186489e+00	8.246440e+02
6.720000e-06	9.485414e-10	7.004617e-09	7.806222e+00	8.137738e+02
6.730000e-06	9.022816e-10	6.902166e-09	7.425522e+00	8.027054e+02
6.740000e-06	8.559648e-10	6.797373e-09	7.044353e+00	7.914294e+02
6.750000e-06	8.095817e-10	6.685121e-09	6.662637e+00	7.799364e+02
6.760000e-06	7.631556e-10	6.579596e-09	6.280568e+00	7.682169e+02
6.770000e-06	7.167124e-10	6.474793e-09	5.898358e+00	7.562614e+02
6.780000e-06	6.702373e-10	6.369284e-09	5.515884e+00	7.440605e+02
6.790000e-06	6.237011e-10	6.268853e-09	5.132908e+00	7.316045e+02
6.800000e-06	5.771074e-10	6.161534e-09	4.749458e+00	7.188842e+02
6.810000e-06	5.304866e-10	6.055821e-09	4.365784e+00	7.058904e+02
6.820000e-06	4.838446e-10	5.940527e-09	3.981937e+00	6.926141e+02
6.830000e-06	4.371681e-10	5.821206e-09	3.597806e+00	6.790466e+02
6.840000e-06	3.904746e-10	5.699178e-09	3.213534e+00	6.651797e+02
6.850000e-06	3.437592e-10	5.574644e-09	2.829083e+00	6.510053e+02
6.860000e-06	2.970475e-10	5.454962e-09	2.444662e+00	6.365159e+02
6.870000e-06	2.503310e-10	5.330613e-09	2.060201e+00	6.217046e+02
6.880000e-06	2.036197e-10	5.209592e-09	1.675783e+00	6.065649e+02
6.890000e-06	1.569383e-10	5.080981e-09	1.291611e+00	5.910909e+02
6.900000e-06	1.102337e-10	4.952886e-09	9.072480e-01	5.752775e+02
6.910000e-06	6.353731e-11	4.821516e-09	5.229530e-01	5.591201e+02
6.920000e-06	1.683675e-11	4.684448e-09	1.386234e-01	5.426149e+02
6.930000e-06	-2.985048e-11	4.547178e-09	-2.455963e-01	5.257592e+02
6.940000e-06	-7.649095e-11	4.401260e-09	-6.294311e-01	5.085506e+02
6.950000e-06	-1.231326e-10	4.258327e-09	-1.013276e+00	4.909880e+02
6.960000e-06	-1.697555e-10	4.112561e-09	-1.396966e+00	4.730710e+02
6.970000e-06	-2.163691e-10	3.965790e-09	-1.780579e+00	4.548001e+02
6.980000e-06	-2.629513e-10	3.813684e-09	-2.163935e+00	4.361768e+02
6.990000e-06	-3.095082e-10	3.658244e-09	-2.547082e+00	4.172036e+02
7.000000e-06	-3.560450e-10	3.497380e-09	-2.930064e+00	3.978839e+02
7.010000e-06	-4.025562e-10	3.325744e-09	-3.312834e+00	3.782223e+02
7.020000e-06	-4.490513e-10	3.152497e-09	-3.695472e+00	3.582242e+02
7.030000e-06	-4.955205e-10	2.975382e-09	-4.077898e+00	3.378959e+02
7.040000e-06	-5.419581e-10	2.801263e-09	-4.460063e+00	3.172451e+02
7.050000e-06	-5.883880e-10	2.623607e-09	-4.842164e+00	2.962801e+02
7.060000e-06	-6.348259e-10	2.443039e-09	-5.224331e+00	2.750104e+02
7.070000e-06	-6.812157e-10	2.258911e-09	-5.606102e+00	2.534465e+02
7.080000e-06	-7.275715e-10	2.069556e-09	-5.987593e+00	2.315995e+02
7.090000e-06	-7.738963e-10	1.876429e-09	-6.368828e+00	2.094820e+02
7.100000e-06	-8.202062e-10	1.675707e-09	-6.749942e+00	1.871068e+02
7.110000e-06	-8.665088e-10	1.476404e-09	-7.130994e+00	1.644882e+02
7.120000e-06	-9.127443e-10	1.275613e-09	-7.511495e+00	1.416408e+02
7.130000e-06	-9.589530e-10	1.075255e-09	-7.891777e+00	1.185803e+02
7.140000e-06	-1.005136e-09	8.725464e-10	-8.271849e+00	9.532302e+01
7.150000e-06	-1.051269e-09	6.677688e-10	-8.651500e+00	7.188583e+01
7.160000e-06	-1.097358e-09	4.609162e-10	-9.030800e+00	4.828635e+01
7.170000e-06	-1.143420e-09	2.484408e-10	-9.409871e+00	2.454271e+01
7.180000e-06	-1.189442e-09	3.585256e-11	-9.788619e+00	6.735385e-01
7.190000e-06	-1.235377e-09	-1.782449e-10	-1.016664e+01	-2.330210e+01
7.200000e-06	-1.281239e-09	-3.889235e-10	-1.054407e+01	-4.736479e+01
7.210000e-06	-1.327044e-09	-5.995328e-10	-1.092103e+01	-7.149478e+01
7.220000e-06	-1.372769e-09	-8.098673e-10	-1.129732e+01	-9.567213e+01
7.230000e-06	-1.418408e-09	-1.018605e-09	-1.167292e+01	-1.198767e+02
7.240000e-06	-1.463961e-09	-1.224780e-09	-1.204780e+01	-1.440883e+02
7.250000e-06	-1.509451e-09	-1.432160e-09	-1.242216e+01	-1.682866e+02
7.260000e-06	-1.554868e-09	-1.646424e-09	-1.279593e+01	-1.924516e+02
7.270000e-06	-1.600201e-09	-1.860919e-09	-1.316900e+01	-2.165630e+02
7.280000e-06	-1.645457e-09	-2.072752e-09	-1.354144e+01	-2.406010e+02
7.290000e-06	-1.690602e-09	-2.275288e-09	-1.391297e+01	-2.645459e+02
7.300000e-06	-1.735659e-09	-2.475815e-09	-1.428377e+01	-2.883785e+02
7.310000e-06	-1.780641e-09	-2.675864e-09	-1.465395e+01	-3.120798e+02
7.320000e-06	-1.825541e-09	-2.875111e-09	-1.502346e+01	-3.356312e+02
7.330000e-06	-1.870354e-09	-3.078631e-09	-1.539226e+01	-3.590148e+02
7.340000e-06	-1.915108e-09	-3.281148e-09	-1.576056e+01	-3.822132e+02
7.350000e-06	-1.959807e-09	-3.484508e-09	-1.612842e+01	-4.052095e+02
7.360000e-06	-2.004425e-09	-3.681353e-09	-1.649561e+01	-4.279876e+02
7.370000e-06	-2.048956e-09	-3.870136e-09	-1.686209e+01	-4.505320e+02
7.380000e-06	-2.093413e-09	-4.052529e-09	-1.722795e+01	-4.728281e+02
7.390000e-06	-2.137788e-09	-4.232074e-09	-1.759315e+01	-4.948619e+02
7.400000e-06	-2.182085e-09	-4.415523e-09	-1.795770e+01	-5.166204e+02
7.410000e-06	-2.226323e-09	-4.599449e-09	-1.832176e+01	-5.380914e+02
7.420000e-06	-2.270485e-09	-4.785720e-09	-1.868521e+01	-5.592636e+02
7.430000e-06	-2.314574e-09	-4.969113e-09	-1.904805e+01	-5.801265e+02
7.440000e-06	-2.358592e-09	-5.149450e-09	-1.941030e+01	-6.006706e+02
7.450000e-06	-2.402537e-09	-5.324767e-09	-1.977195e+01	-6.208875e+02
7.460000e-06	-2.446396e-09	-5.492229e-09	-2.013289e+01	-6.407694e+02
7.470000e-06	-2.490183e-09	-5.653926e-09	-2.049325e+01	-6.603098e+02
7.480000e-06	-2.533901e-09	-5.811988e-09	-2.085303e+01	-6.795029e+02
7.490000e-06	-2.577523e-09	-5.974212e-09	-2.121203e+01	-6.983440e+02
7.500000e-06	-2.621056e-09	-6.136078e-09	-2.157029e+01	-7.168292e+02
7.510000e-06	-2.664487e-09	-6.294841e-09	-2.192771e+01	-7.349557e+02
7.520000e-06	-2.707795e-09	-6.446074e-09	-2.228412e+01	-7.527213e+02
7.530000e-06	-2.751018e-09	-6.589711e-09	-2.263983e+01	-7.701249e+02
7.540000e-06	-2.794145e-09	-6.731928e-09	-2.299475e+01	-7.871664e+02
7.550000e-06	-2.837136e-09	-6.873219e-09	-2.334854e+01	-8.038461e+02
7.560000e-06	-2.880000e-09	-7.012579e-09	-2.370130e+01	-8.201655e+02
7.570000e-06	-2.922760e-09	-7.147444e-09	-2.405320e+01	-8.361266e+02
7.580000e-06	-2.965391e-09	-7.280849e-09	-2.440404e+01	-8.517322e+02
7.590000e-06	-3.007864e-09	-7.413446e-09	-2.475357e+01	-8.669859e+02
7.600000e-06	-3.050185e-09	-7.542799e-09	-2.510186e+01	-8.818917e+02
7.610000e-06	-3.092353e-09	-7.665573e-09	-2.544889e+01	-8.964544e+02
7.620000e-06	-3.134377e-09	-7.784614e-09	-2.579473e+01	-9.106791e+02
7.630000e-06	-3.176242e-09	-7.904317e-09	-2.613927e+01	-9.245718e+02
7.640000e-06	-3.217948e-09	-8.023716e-09	-2.648249e+01	-9.381386e+02
7.650000e-06	-3.259505e-09	-8.140664e-09	-2.682449e+01	-9.513861e+02
7.660000e-06	-3.300899e-09	-8.252945e-09	-2.716514e+01	-9.643212e+02
7.670000e-06	-3.342134e-09	-8.365182e-09	-2.750449e+01	-9.769514e+02
7.680000e-06	-3.383218e-09	-8.479252e-09	-2.784260e+01	-9.892840e+02
7.690000e-06	-3.424148e-09	-8.590756e-09	-2.817943e+01	-1.001327e+03
7.700000e-06	-3.464926e-09	-8.695285e-09	-2.851503e+01	-1.013088e+03
7.710000e-06	-3.505594e-09	-8.796519e-09	-2.884971e+01	-1.024575e+03
7.720000e-06	-3.546172e-09	-8.900034e-09	-2.918365e+01	-1.035796e+03
7.730000e-06	-3.586629e-09	-9.001608e-09	-2.951660e+01	-1.046760e+03
7.740000e-06	-3.626940e-09	-9.096000e-09	-2.984835e+01	-1.057474e+03
7.750000e-06	-3.667130e-09	-9.185421e-09	-3.017910e+01	-1.067946e+03
7.760000e-06	-3.707215e-09	-9.276136e-09	-3.050899e+01	-1.078185e+03
7.770000e-06	-3.747179e-09	-9.367750e-09	-3.083787e+01	-1.088199e+03
7.780000e-06	-3.787025e-09	-9.458209e-09	-3.116579e+01	-1.097994e+03
7.790000e-06	-3.826730e-09	-9.546434e-09	-3.149255e+01	-1.107579e+03
7.800000e-06	-3.866275e-09	-9.632072e-09	-3.181800e+01	-1.116960e+03
7.810000e-06	-3.905631e-09	-9.716899e-09	-3.214188e+01	-1.126145e+03
7.820000e-06	-3.944786e-09	-9.799890e-09	-3.246411e+01	-1.135141e+03
7.830000e-06	-3.983735e-09	-9.879256e-09	-3.278464e+01	-1.143954e+03
7.840000e-06	-4.022420e-09	-9.954343e-09	-3.310300e+01	-1.152590e+03
7.850000e-06	-4.060855e-09	-1.002749e-08	-3.341930e+01	-1.161055e+03
7.860000e-06	-4.099016e-09	-1.010030e-08	-3.373335e+01	-1.169355e+03
7.870000e-06	-4.136848e-09	-1.017253e-08	-3.404470e+01	-1.177496e+03
7.880000e-06	-4.174394e-09	-1.024338e-08	-3.435368e+01	-1.185481e+03
7.890000e-06	-4.211704e-09	-1.031152e-08	-3.466073e+01	-1.193316e+03
7.900000e-06	-4.248758e-09	-1.037802e-08	-3.496566e+01	-1.201005e+03
7.910000e-06	-4.285553e-09	-1.044269e-08	-3.526848e+01	-1.208552e+03
7.920000e-06	-4.322139e-09	-1.050326e-08	-3.556956e+01	-1.215961e+03
7.930000e-06	-4.358547e-09	-1.056092e-08	-3.586919e+01	-1.223236e+03
7.940000e-06	-4.394779e-09	-1.061955e-08	-3.616737e+01	-1.230378e+03
7.950000e-06	-4.430861e-09	-1.068099e-08	-3.646431e+01	-1.237392e+03
7.960000e-06	-4.466801e-09	-1.074350e-08	-3.676009e+01	-1.244280e+03
7.970000e-06	-4.502583e-09	-1.080134e-08	-3.705456e+01	-1.251044e+03
7.980000e-06	-4.538179e-09	-1.085592e-08	-3.734750e+01	-1.257686e+03
7.990000e-06	-4.573578e-09	-1.090903e-08	-3.763882e+01	-1.264209e+03
8.000000e-06	-4.608796e-09	-1.095913e-08	-3.792865e+01	-1.270614e+03
8.010000e-06	-4.643820e-09	-1.100886e-08	-3.821688e+01	-1.276902e+03
8.020000e-06	-4.678628e-09	-1.105785e-08	-3.850334e+01	-1.283075e+03
8.030000e-06	-4.713229e-09	-1.110709e-08	-3.878810e+01	-1.289135e+03
8.040000e-06	-4.747611e-09	-1.115819e-08	-3.907105e+01	-1.295083e+03
8.050000e-06	-4.781759e-09	-1.120908e-08	-3.935207e+01	-1.300919e+03
8.060000e-06	-4.815692e-09	-1.125697e-08	-3.963133e+01	-1.306644e+03
8.070000e-06	-4.849390e-09	-1.130266e-08	-3.990865e+01	-1.312261e+03
8.080000e-06	-4.882873e-09	-1.134642e-08	-4.018420e+01	-1.317770e+03
8.090000e-06	-4.916151e-09	-1.138758e-08	-4.045807e+01	-1.323171e+03
8.100000e-06	-4.949208e-09	-1.143012e-08	-4.073012e+01	-1.328466e+03
8.110000e-06	-4.982078e-09	-1.147186e-08	-4.100062e+01	-1.333656e+03
8.120000e-06	-5.014767e-09	-1.151421e-08	-4.126964e+01	-1.338742e+03
8.130000e-06	-5.047242e-09	-1.156014e-08	-4.153690e+01	-1.343725e+03
8.140000e-06	-5.079533e-09	-1.160677e-08	-4.180265e+01	-1.348606e+03
8.150000e-06	-5.111661e-09	-1.165073e-08	-4.206705e+01	-1.353387e+03
8.160000e-06	-5.143607e-09	-1.169148e-08	-4.232995e+01	-1.358068e+03
8.170000e-06	-5.175358e-09	-1.173102e-08	-4.259125e+01	-1.362653e+03
8.180000e-06	-5.206886e-09	-1.176893e-08	-4.285072e+01	-1.367141e+03
8.190000e-06	-5.238160e-09	-1.180702e-08	-4.310809e+01	-1.371534e+03
8.200000e-06	-5.269139e-09	-1.184483e-08	-4.336303e+01	-1.375835e+03
8.210000e-06	-5.299761e-09	-1.188227e-08	-4.361504e+01	-1.380045e+03
8.220000e-06	-5.329978e-09	-1.192051e-08	-4.386371e+01	-1.384167e+03
8.230000e-06	-5.359800e-09	-1.195938e-08	-4.410913e+01	-1.388201e+03
8.240000e-06	-5.389261e-09	-1.199966e-08	-4.435158e+01	-1.392151e+03
8.250000e-06	-5.418379e-09	-1.204059e-08	-4.459121e+01	-1.396019e+03
8.260000e-06	-5.447180e-09	-1.208119e-08	-4.482823e+01	-1.399807e+03
8.270000e-06	-5.475727e-09	-1.211894e-08	-4.506316e+01	-1.403517e+03
8.280000e-06	-5.504073e-09	-1.215230e-08	-4.529645e+01	-1.407152e+03
8.290000e-06	-5.532233e-09	-1.218188e-08	-4.552819e+01	-1.410714e+03
8.300000e-06	-5.560222e-09	-1.221034e-08	-4.575853e+01	-1.414206e+03
8.310000e-06	-5.588036e-09	-1.224160e-08	-4.598744e+01	-1.417630e+03
8.320000e-06	-5.615641e-09	-1.227466e-08	-4.621461e+01	-1.420990e+03
8.330000e-06	-5.642997e-09	-1.230949e-08	-4.643974e+01	-1.424287e+03
8.340000e-06	-5.670076e-09	-1.234649e-08	-4.666259e+01	-1.427524e+03
8.350000e-06	-5.696913e-09	-1.238331e-08	-4.688345e+01	-1.430703e+03
8.360000e-06	-5.723493e-09	-1.241632e-08	-4.710220e+01	-1.433828e+03
8.370000e-06	-5.749783e-09	-1.244437e-08	-4.731856e+01	-1.436900e+03
8.380000e-06	-5.775834e-09	-1.247019e-08	-4.753295e+01	-1.439921e+03
8.390000e-06	-5.801625e-09	-1.249619e-08	-4.774520e+01	-1.442895e+03
8.400000e-06	-5.827142e-09	-1.252199e-08	-4.795519e+01	-1.445822e+03
8.410000e-06	-5.852383e-09	-1.254743e-08	-4.816292e+01	-1.448706e+03
8.420000e-06	-5.877361e-09	-1.257650e-08	-4.836848e+01	-1.451548e+03
8.430000e-06	-5.902111e-09	-1.261014e-08	-4.857216e+01	-1.454349e+03
8.440000e-06	-5.926630e-09	-1.264449e-08	-4.877395e+01	-1.457111e+03
8.450000e-06	-5.950965e-09	-1.267654e-08	-4.897421e+01	-1.459836e+03
8.460000e-06	-5.975141e-09	-1.270385e-08	-4.917318e+01	-1.462525e+03
8.470000e-06	-5.999131e-09	-1.272673e-08	-4.937061e+01	-1.465179e+03
8.480000e-06	-6.022924e-09	-1.274914e-08	-4.956642e+01	-1.467799e+03
8.490000e-06	-6.046489e-09	-1.277212e-08	-4.976034e+01	-1.470386e+03
8.500000e-06	-6.069738e-09	-1.279643e-08	-4.995167e+01	-1.472939e+03
8.510000e-06	-6.092616e-09	-1.282278e-08	-5.013995e+01	-1.475461e+03
8.520000e-06	-6.115111e-09	-1.284993e-08	-5.032508e+01	-1.477950e+03
8.530000e-06	-6.137189e-09	-1.287660e-08	-5.050677e+01	-1.480407e+03
8.540000e-06	-6.158815e-09	-1.290033e-08	-5.068474e+01	-1.482831e+03
8.550000e-06	-6.180001e-09	-1.291951e-08	-5.085909e+01	-1.485223e+03
8.560000e-06	-6.200826e-09	-1.293600e-08	-5.103048e+01	-1.487582e+03
8.570000e-06	-6.221371e-09	-1.295329e-08	-5.119956e+01	-1.489908e+03
8.580000e-06	-6.241684e-09	-1.297319e-08	-5.136673e+01	-1.492199e+03
8.590000e-06	-6.261805e-09	-1.299425e-08	-5.153231e+01	-1.494455e+03
8.600000e-06	-6.281752e-09	-1.301601e-08	-5.169647e+01	-1.496675e+03
8.610000e-06	-6.301502e-09	-1.303806e-08	-5.185901e+01	-1.498858e+03
8.620000e-06	-6.321002e-09	-1.305702e-08	-5.201949e+01	-1.501002e+03
8.630000e-06	-6.340211e-09	-1.307328e-08	-5.217757e+01	-1.503107e+03
8.640000e-06	-6.359101e-09	-1.308796e-08	-5.233303e+01	-1.505171e+03
8.650000e-06	-6.377706e-09	-1.310296e-08	-5.248614e+01	-1.507193e+03
8.660000e-06	-6.396068e-09	-1.312178e-08	-5.263725e+01	-1.509172e+03
8.670000e-06	-6.414168e-09	-1.314263e-08	-5.278621e+01	-1.511107e+03
8.680000e-06	-6.432022e-09	-1.316122e-08	-5.293314e+01	-1.512995e+03
8.690000e-06	-6.449596e-09	-1.317563e-08	-5.307777e+01	-1.514837e+03
8.700000e-06	-6.466838e-09	-1.318900e-08	-5.321967e+01	-1.516630e+03
8.710000e-06	-6.483787e-09	-1.320397e-08	-5.335915e+01	-1.518374e+03
8.720000e-06	-6.500454e-09	-1.321748e-08	-5.349632e+01	-1.520068e+03
8.730000e-06	-6.516872e-09	-1.322839e-08	-5.363143e+01	-1.521710e+03
8.740000e-06	-6.533110e-09	-1.324222e-08	-5.376506e+01	-1.523300e+03
8.750000e-06	-6.549165e-09	-1.325847e-08	-5.389719e+01	-1.524838e+03
8.760000e-06	-6.564996e-09	-1.327444e-08	-5.402747e+01	-1.526322e+03
8.770000e-06	-6.580505e-09	-1.329051e-08	-5.415511e+01	-1.527752e+03
8.780000e-06	-6.595594e-09	-1.330384e-08	-5.427929e+01	-1.529129e+03
8.790000e-06	-6.610219e-09	-1.331770e-08	-5.439964e+01	-1.530451e+03
8.800000e-06	-6.624336e-09	-1.332955e-08	-5.451582e+01	-1.531720e+03
8.810000e-06	-6.637953e-09	-1.333775e-08	-5.462789e+01	-1.532935e+03
8.820000e-06	-6.651171e-09	-1.334287e-08	-5.473666e+01	-1.534097e+03
8.830000e-06	-6.664008e-09	-1.334700e-08	-5.484230e+01	-1.535207e+03
8.840000e-06	-6.676501e-09	-1.335658e-08	-5.494512e+01	-1.536264e+03
8.850000e-06	-6.688732e-09	-1.337064e-08	-5.504577e+01	-1.537272e+03
8.860000e-06	-6.700702e-09	-1.338747e-08	-5.514429e+01	-1.538230e+03
8.870000e-06	-6.712368e-09	-1.340014e-08	-5.524029e+01	-1.539140e+03
8.880000e-06	-6.723693e-09	-1.341007e-08	-5.533349e+01	-1.540003e+03
8.890000e-06	-6.734695e-09	-1.341552e-08	-5.542404e+01	-1.540823e+03
8.900000e-06	-6.745366e-09	-1.341672e-08	-5.551185e+01	-1.541599e+03
8.910000e-06	-6.755739e-09	-1.342118e-08	-5.559722e+01	-1.542335e+03
8.920000e-06	-6.765860e-09	-1.342856e-08	-5.568052e+01	-1.543032e+03
8.930000e-06	-6.775700e-09	-1.344381e-08	-5.576149e+01	-1.543693e+03
8.940000e-06	-6.785227e-09	-1.346113e-08	-5.583990e+01	-1.544320e+03
8.950000e-06	-6.794413e-09	-1.347723e-08	-5.591550e+01	-1.544916e+03
8.960000e-06	-6.803267e-09	-1.348873e-08	-5.598837e+01	-1.545484e+03
8.970000e-06	-6.811856e-09	-1.349211e-08	-5.605905e+01	-1.546025e+03
8.980000e-06	-6.820222e-09	-1.349208e-08	-5.612790e+01	-1.546542e+03
8.990000e-06	-6.828402e-09	-1.349063e-08	-5.619522e+01	-1.547039e+03
9.000000e-06	-6.836389e-09	-1.349429e-08	-5.626094e+01	-1.547518e+03
9.010000e-06	-6.844142e-09	-1.350098e-08	-5.632476e+01	-1.547981e+03
9.020000e-06	-6.851595e-09	-1.350996e-08	-5.638608e+01	-1.548432e+03
9.030000e-06	-6.858660e-09	-1.351941e-08	-5.644423e+01	-1.548872e+03
9.040000e-06	-6.865244e-09	-1.352743e-08	-5.649842e+01	-1.549305e+03
9.050000e-06	-6.871308e-09	-1.353216e-08	-5.654832e+01	-1.549732e+03
9.060000e-06	-6.876877e-09	-1.353206e-08	-5.659415e+01	-1.550156e+03
9.070000e-06	-6.881997e-09	-1.353349e-08	-5.663629e+01	-1.550579e+03
9.080000e-06	-6.886745e-09	-1.353679e-08	-5.667536e+01	-1.551003e+03
9.090000e-06	-6.891200e-09	-1.354427e-08	-5.671203e+01	-1.551430e+03
9.100000e-06	-6.895443e-09	-1.355175e-08	-5.674694e+01	-1.551861e+03
9.110000e-06	-6.899511e-09	-1.355617e-08	-5.678042e+01	-1.552298e+03
9.120000e-06	-6.903404e-09	-1.355787e-08	-5.681246e+01	-1.552743e+03
9.130000e-06	-6.907038e-09	-1.356004e-08	-5.684237e+01	-1.553196e+03
9.140000e-06	-6.910382e-09	-1.356429e-08	-5.686989e+01	-1.553657e+03
9.150000e-06	-6.913402e-09	-1.356719e-08	-5.689475e+01	-1.554129e+03
9.160000e-06	-6.916108e-09	-1.357021e-08	-5.691701e+01	-1.554610e+03
9.170000e-06	-6.918563e-09	-1.357280e-08	-5.693722e+01	-1.555102e+03
9.180000e-06	-6.920779e-09	-1.357663e-08	-5.695546e+01	-1.555603e+03
9.190000e-06	-6.922760e-09	-1.357798e-08	-5.697176e+01	-1.556114e+03
9.200000e-06	-6.924355e-09	-1.357685e-08	-5.698489e+01	-1.556634e+03
9.210000e-06	-6.925508e-09	-1.357574e-08	-5.699438e+01	-1.557163e+03
9.220000e-06	-6.926389e-09	-1.357757e-08	-5.700163e+01	-1.557698e+03
9.230000e-06	-6.927057e-09	-1.358487e-08	-5.700712e+01	-1.558239e+03
