# Temperatura_=_20.0
# Concentracion g/m^3_=_18000.0
# C_Vs_to_Am_M_A/Vsm_=_116720831517.84952
# pendiente_HvsI_1/m_=_3716.3
# ordenada_HvsI_A/m_=_1297.0
# frecuencia_Hz_=_108230.265164176
# Promedio de 22 ciclos

Tiempo_(s)	Campo_(V.s)	Magnetizacion_(V.s)	Campo_(kA/m)	Magnetizacion_(A/m)
0.000000e+00	-6.926916e-09	-1.358328e-08	-5.700502e+01	-1.569219e+03
1.000000e-08	-6.927087e-09	-1.358222e-08	-5.700643e+01	-1.569343e+03
2.000000e-08	-6.927067e-09	-1.357894e-08	-5.700627e+01	-1.569441e+03
3.000000e-08	-6.926853e-09	-1.357461e-08	-5.700451e+01	-1.569512e+03
4.000000e-08	-6.926393e-09	-1.357087e-08	-5.700072e+01	-1.569554e+03
5.000000e-08	-6.925582e-09	-1.356805e-08	-5.699404e+01	-1.569566e+03
6.000000e-08	-6.924353e-09	-1.356918e-08	-5.698393e+01	-1.569546e+03
7.000000e-08	-6.922672e-09	-1.357507e-08	-5.697010e+01	-1.569494e+03
8.000000e-08	-6.920467e-09	-1.358527e-08	-5.695195e+01	-1.569407e+03
9.000000e-08	-6.917703e-09	-1.358070e-08	-5.692921e+01	-1.569284e+03
1.000000e-07	-6.914458e-09	-1.353952e-08	-5.690250e+01	-1.569125e+03
1.100000e-07	-6.910868e-09	-1.349211e-08	-5.687296e+01	-1.568927e+03
1.200000e-07	-6.907025e-09	-1.351701e-08	-5.684134e+01	-1.568689e+03
1.300000e-07	-6.902999e-09	-1.359733e-08	-5.680820e+01	-1.568410e+03
1.400000e-07	-6.898807e-09	-1.362718e-08	-5.677370e+01	-1.568090e+03
1.500000e-07	-6.894361e-09	-1.355906e-08	-5.673711e+01	-1.567726e+03
1.600000e-07	-6.889572e-09	-1.349848e-08	-5.669771e+01	-1.567319e+03
1.700000e-07	-6.884453e-09	-1.352835e-08	-5.665558e+01	-1.566867e+03
1.800000e-07	-6.879024e-09	-1.342187e-08	-5.661090e+01	-1.566371e+03
1.900000e-07	-6.873299e-09	-1.322191e-08	-5.656379e+01	-1.565828e+03
2.000000e-07	-6.867264e-09	-1.329525e-08	-5.651413e+01	-1.565240e+03
2.100000e-07	-6.860896e-09	-1.338695e-08	-5.646172e+01	-1.564605e+03
2.200000e-07	-6.854167e-09	-1.326264e-08	-5.640634e+01	-1.563924e+03
2.300000e-07	-6.847077e-09	-1.326480e-08	-5.634800e+01	-1.563197e+03
2.400000e-07	-6.839687e-09	-1.335477e-08	-5.628718e+01	-1.562425e+03
2.500000e-07	-6.832072e-09	-1.328746e-08	-5.622451e+01	-1.561607e+03
2.600000e-07	-6.824237e-09	-1.326799e-08	-5.616003e+01	-1.560744e+03
2.700000e-07	-6.816209e-09	-1.330462e-08	-5.609397e+01	-1.559838e+03
2.800000e-07	-6.808000e-09	-1.322629e-08	-5.602641e+01	-1.558889e+03
2.900000e-07	-6.799522e-09	-1.323445e-08	-5.595664e+01	-1.557897e+03
3.000000e-07	-6.790673e-09	-1.330853e-08	-5.588382e+01	-1.556866e+03
3.100000e-07	-6.781406e-09	-1.326933e-08	-5.580756e+01	-1.555794e+03
3.200000e-07	-6.771675e-09	-1.322516e-08	-5.572748e+01	-1.554686e+03
3.300000e-07	-6.761412e-09	-1.322042e-08	-5.564302e+01	-1.553541e+03
3.400000e-07	-6.750671e-09	-1.319503e-08	-5.555462e+01	-1.552361e+03
3.500000e-07	-6.739539e-09	-1.319429e-08	-5.546302e+01	-1.551150e+03
3.600000e-07	-6.728088e-09	-1.319388e-08	-5.536878e+01	-1.549908e+03
3.700000e-07	-6.716349e-09	-1.316406e-08	-5.527218e+01	-1.548637e+03
3.800000e-07	-6.704326e-09	-1.318508e-08	-5.517323e+01	-1.547340e+03
3.900000e-07	-6.692009e-09	-1.319611e-08	-5.507187e+01	-1.546018e+03
4.000000e-07	-6.679377e-09	-1.315454e-08	-5.496791e+01	-1.544674e+03
4.100000e-07	-6.666405e-09	-1.312744e-08	-5.486116e+01	-1.543311e+03
4.200000e-07	-6.653075e-09	-1.311992e-08	-5.475147e+01	-1.541929e+03
4.300000e-07	-6.639433e-09	-1.312250e-08	-5.463920e+01	-1.540532e+03
4.400000e-07	-6.625475e-09	-1.312859e-08	-5.452433e+01	-1.539122e+03
4.500000e-07	-6.611130e-09	-1.312647e-08	-5.440628e+01	-1.537699e+03
4.600000e-07	-6.596380e-09	-1.311147e-08	-5.428490e+01	-1.536268e+03
4.700000e-07	-6.581172e-09	-1.310904e-08	-5.415974e+01	-1.534828e+03
4.800000e-07	-6.565499e-09	-1.310942e-08	-5.403076e+01	-1.533383e+03
4.900000e-07	-6.549405e-09	-1.308205e-08	-5.389831e+01	-1.531934e+03
5.000000e-07	-6.532925e-09	-1.305065e-08	-5.376269e+01	-1.530482e+03
5.100000e-07	-6.516123e-09	-1.304263e-08	-5.362442e+01	-1.529030e+03
5.200000e-07	-6.499043e-09	-1.305035e-08	-5.348387e+01	-1.527577e+03
5.300000e-07	-6.481717e-09	-1.304752e-08	-5.334128e+01	-1.526126e+03
5.400000e-07	-6.464119e-09	-1.303197e-08	-5.319646e+01	-1.524677e+03
5.500000e-07	-6.446239e-09	-1.301523e-08	-5.304931e+01	-1.523231e+03
5.600000e-07	-6.428061e-09	-1.300710e-08	-5.289972e+01	-1.521789e+03
5.700000e-07	-6.409565e-09	-1.299564e-08	-5.274750e+01	-1.520351e+03
5.800000e-07	-6.390727e-09	-1.297396e-08	-5.259247e+01	-1.518917e+03
5.900000e-07	-6.371574e-09	-1.295653e-08	-5.243485e+01	-1.517487e+03
6.000000e-07	-6.352150e-09	-1.294843e-08	-5.227501e+01	-1.516062e+03
6.100000e-07	-6.332471e-09	-1.294829e-08	-5.211306e+01	-1.514640e+03
6.200000e-07	-6.312629e-09	-1.293838e-08	-5.194977e+01	-1.513220e+03
6.300000e-07	-6.292656e-09	-1.291796e-08	-5.178541e+01	-1.511803e+03
6.400000e-07	-6.272524e-09	-1.289629e-08	-5.161973e+01	-1.510387e+03
6.500000e-07	-6.252217e-09	-1.288216e-08	-5.145261e+01	-1.508971e+03
6.600000e-07	-6.231695e-09	-1.287235e-08	-5.128373e+01	-1.507553e+03
6.700000e-07	-6.210902e-09	-1.285540e-08	-5.111261e+01	-1.506132e+03
6.800000e-07	-6.189818e-09	-1.283959e-08	-5.093910e+01	-1.504706e+03
6.900000e-07	-6.168464e-09	-1.282572e-08	-5.076337e+01	-1.503274e+03
7.000000e-07	-6.146831e-09	-1.281608e-08	-5.058534e+01	-1.501833e+03
7.100000e-07	-6.124933e-09	-1.280439e-08	-5.040513e+01	-1.500381e+03
7.200000e-07	-6.102795e-09	-1.278508e-08	-5.022294e+01	-1.498916e+03
7.300000e-07	-6.080362e-09	-1.276368e-08	-5.003834e+01	-1.497436e+03
7.400000e-07	-6.057612e-09	-1.274680e-08	-4.985111e+01	-1.495938e+03
7.500000e-07	-6.034582e-09	-1.273548e-08	-4.966159e+01	-1.494419e+03
7.600000e-07	-6.011284e-09	-1.271850e-08	-4.946986e+01	-1.492878e+03
7.700000e-07	-5.987755e-09	-1.269803e-08	-4.927623e+01	-1.491311e+03
7.800000e-07	-5.964025e-09	-1.267966e-08	-4.908094e+01	-1.489716e+03
7.900000e-07	-5.940073e-09	-1.266520e-08	-4.888382e+01	-1.488091e+03
8.000000e-07	-5.915909e-09	-1.264930e-08	-4.868497e+01	-1.486432e+03
8.100000e-07	-5.891462e-09	-1.262695e-08	-4.848378e+01	-1.484739e+03
8.200000e-07	-5.866680e-09	-1.260351e-08	-4.827984e+01	-1.483007e+03
8.300000e-07	-5.841527e-09	-1.258418e-08	-4.807284e+01	-1.481235e+03
8.400000e-07	-5.815929e-09	-1.256913e-08	-4.786218e+01	-1.479420e+03
8.500000e-07	-5.789872e-09	-1.254885e-08	-4.764775e+01	-1.477561e+03
8.600000e-07	-5.763409e-09	-1.252456e-08	-4.742998e+01	-1.475656e+03
8.700000e-07	-5.736596e-09	-1.250331e-08	-4.720932e+01	-1.473702e+03
8.800000e-07	-5.709437e-09	-1.248715e-08	-4.698582e+01	-1.471697e+03
8.900000e-07	-5.681999e-09	-1.247163e-08	-4.676001e+01	-1.469641e+03
9.000000e-07	-5.654340e-09	-1.244925e-08	-4.653240e+01	-1.467532e+03
9.100000e-07	-5.626470e-09	-1.242418e-08	-4.630303e+01	-1.465368e+03
9.200000e-07	-5.598408e-09	-1.240161e-08	-4.607210e+01	-1.463149e+03
9.300000e-07	-5.570163e-09	-1.238109e-08	-4.583966e+01	-1.460874e+03
9.400000e-07	-5.541712e-09	-1.235764e-08	-4.560552e+01	-1.458542e+03
9.500000e-07	-5.513053e-09	-1.233276e-08	-4.536967e+01	-1.456152e+03
9.600000e-07	-5.484207e-09	-1.231188e-08	-4.513229e+01	-1.453705e+03
9.700000e-07	-5.455135e-09	-1.229624e-08	-4.489303e+01	-1.451200e+03
9.800000e-07	-5.425814e-09	-1.228159e-08	-4.465174e+01	-1.448637e+03
9.900000e-07	-5.396270e-09	-1.226132e-08	-4.440861e+01	-1.446018e+03
1.000000e-06	-5.366506e-09	-1.223556e-08	-4.416366e+01	-1.443341e+03
1.010000e-06	-5.336524e-09	-1.220889e-08	-4.391693e+01	-1.440608e+03
1.020000e-06	-5.306325e-09	-1.218607e-08	-4.366840e+01	-1.437820e+03
1.030000e-06	-5.275911e-09	-1.216349e-08	-4.341811e+01	-1.434978e+03
1.040000e-06	-5.245289e-09	-1.213805e-08	-4.316611e+01	-1.432082e+03
1.050000e-06	-5.214442e-09	-1.211369e-08	-4.291226e+01	-1.429134e+03
1.060000e-06	-5.183390e-09	-1.209198e-08	-4.265671e+01	-1.426135e+03
1.070000e-06	-5.152115e-09	-1.206886e-08	-4.239933e+01	-1.423086e+03
1.080000e-06	-5.120620e-09	-1.204089e-08	-4.214015e+01	-1.419990e+03
1.090000e-06	-5.088957e-09	-1.201298e-08	-4.187958e+01	-1.416848e+03
1.100000e-06	-5.057109e-09	-1.198861e-08	-4.161748e+01	-1.413660e+03
1.110000e-06	-5.025059e-09	-1.196724e-08	-4.135372e+01	-1.410430e+03
1.120000e-06	-4.992790e-09	-1.194510e-08	-4.108817e+01	-1.407158e+03
1.130000e-06	-4.960284e-09	-1.191924e-08	-4.082066e+01	-1.403846e+03
1.140000e-06	-4.927531e-09	-1.189126e-08	-4.055112e+01	-1.400495e+03
1.150000e-06	-4.894485e-09	-1.186415e-08	-4.027917e+01	-1.397108e+03
1.160000e-06	-4.861104e-09	-1.183779e-08	-4.000446e+01	-1.393685e+03
1.170000e-06	-4.827347e-09	-1.180917e-08	-3.972665e+01	-1.390228e+03
1.180000e-06	-4.793249e-09	-1.178014e-08	-3.944605e+01	-1.386738e+03
1.190000e-06	-4.758833e-09	-1.175309e-08	-3.916283e+01	-1.383216e+03
1.200000e-06	-4.724078e-09	-1.172910e-08	-3.887681e+01	-1.379664e+03
1.210000e-06	-4.689035e-09	-1.170389e-08	-3.858843e+01	-1.376082e+03
1.220000e-06	-4.653754e-09	-1.167301e-08	-3.829808e+01	-1.372471e+03
1.230000e-06	-4.618240e-09	-1.163932e-08	-3.800582e+01	-1.368831e+03
1.240000e-06	-4.582530e-09	-1.160665e-08	-3.771194e+01	-1.365162e+03
1.250000e-06	-4.546679e-09	-1.157626e-08	-3.741690e+01	-1.361466e+03
1.260000e-06	-4.510697e-09	-1.154675e-08	-3.712079e+01	-1.357741e+03
1.270000e-06	-4.474575e-09	-1.151849e-08	-3.682352e+01	-1.353988e+03
1.280000e-06	-4.438280e-09	-1.149074e-08	-3.652483e+01	-1.350205e+03
1.290000e-06	-4.401818e-09	-1.146274e-08	-3.622477e+01	-1.346393e+03
1.300000e-06	-4.365211e-09	-1.143306e-08	-3.592351e+01	-1.342551e+03
1.310000e-06	-4.328467e-09	-1.139851e-08	-3.562113e+01	-1.338676e+03
1.320000e-06	-4.291567e-09	-1.136261e-08	-3.531746e+01	-1.334769e+03
1.330000e-06	-4.254462e-09	-1.132787e-08	-3.501211e+01	-1.330827e+03
1.340000e-06	-4.217148e-09	-1.129438e-08	-3.470503e+01	-1.326849e+03
1.350000e-06	-4.179669e-09	-1.126286e-08	-3.439660e+01	-1.322833e+03
1.360000e-06	-4.142010e-09	-1.123018e-08	-3.408668e+01	-1.318777e+03
1.370000e-06	-4.104176e-09	-1.119536e-08	-3.377533e+01	-1.314679e+03
1.380000e-06	-4.066179e-09	-1.115948e-08	-3.346263e+01	-1.310536e+03
1.390000e-06	-4.027975e-09	-1.112363e-08	-3.314823e+01	-1.306345e+03
1.400000e-06	-3.989572e-09	-1.108774e-08	-3.283220e+01	-1.302105e+03
1.410000e-06	-3.950993e-09	-1.104982e-08	-3.251470e+01	-1.297813e+03
1.420000e-06	-3.912254e-09	-1.101151e-08	-3.219591e+01	-1.293465e+03
1.430000e-06	-3.873366e-09	-1.097291e-08	-3.187588e+01	-1.289059e+03
1.440000e-06	-3.834307e-09	-1.093227e-08	-3.155444e+01	-1.284592e+03
1.450000e-06	-3.795070e-09	-1.089067e-08	-3.123154e+01	-1.280061e+03
1.460000e-06	-3.755662e-09	-1.084960e-08	-3.090723e+01	-1.275464e+03
1.470000e-06	-3.716098e-09	-1.081105e-08	-3.058164e+01	-1.270796e+03
1.480000e-06	-3.676394e-09	-1.077260e-08	-3.025490e+01	-1.266057e+03
1.490000e-06	-3.636527e-09	-1.073180e-08	-2.992681e+01	-1.261242e+03
1.500000e-06	-3.596512e-09	-1.068970e-08	-2.959750e+01	-1.256349e+03
1.510000e-06	-3.556381e-09	-1.064619e-08	-2.926725e+01	-1.251376e+03
1.520000e-06	-3.516126e-09	-1.060130e-08	-2.893596e+01	-1.246319e+03
1.530000e-06	-3.475701e-09	-1.055511e-08	-2.860329e+01	-1.241178e+03
1.540000e-06	-3.435086e-09	-1.050983e-08	-2.826905e+01	-1.235949e+03
1.550000e-06	-3.394313e-09	-1.046634e-08	-2.793351e+01	-1.230630e+03
1.560000e-06	-3.353383e-09	-1.042231e-08	-2.759668e+01	-1.225220e+03
1.570000e-06	-3.312255e-09	-1.037607e-08	-2.725822e+01	-1.219717e+03
1.580000e-06	-3.270904e-09	-1.032709e-08	-2.691792e+01	-1.214120e+03
1.590000e-06	-3.229331e-09	-1.027793e-08	-2.657579e+01	-1.208427e+03
1.600000e-06	-3.187546e-09	-1.022956e-08	-2.623193e+01	-1.202637e+03
1.610000e-06	-3.145564e-09	-1.018080e-08	-2.588644e+01	-1.196751e+03
1.620000e-06	-3.103403e-09	-1.013426e-08	-2.553948e+01	-1.190766e+03
1.630000e-06	-3.061050e-09	-1.008841e-08	-2.519093e+01	-1.184683e+03
1.640000e-06	-3.018507e-09	-1.004142e-08	-2.484083e+01	-1.178503e+03
1.650000e-06	-2.975796e-09	-9.989804e-09	-2.448934e+01	-1.172224e+03
1.660000e-06	-2.932927e-09	-9.930555e-09	-2.413656e+01	-1.165847e+03
1.670000e-06	-2.889909e-09	-9.868468e-09	-2.378254e+01	-1.159373e+03
1.680000e-06	-2.846770e-09	-9.808701e-09	-2.342753e+01	-1.152803e+03
1.690000e-06	-2.803515e-09	-9.757587e-09	-2.307156e+01	-1.146137e+03
1.700000e-06	-2.760122e-09	-9.712036e-09	-2.271446e+01	-1.139377e+03
1.710000e-06	-2.716595e-09	-9.666241e-09	-2.235625e+01	-1.132524e+03
1.720000e-06	-2.672960e-09	-9.616373e-09	-2.199716e+01	-1.125579e+03
1.730000e-06	-2.629244e-09	-9.559091e-09	-2.163740e+01	-1.118544e+03
1.740000e-06	-2.585409e-09	-9.495860e-09	-2.127665e+01	-1.111420e+03
1.750000e-06	-2.541455e-09	-9.425650e-09	-2.091493e+01	-1.104209e+03
1.760000e-06	-2.497425e-09	-9.357088e-09	-2.055259e+01	-1.096912e+03
1.770000e-06	-2.453301e-09	-9.296065e-09	-2.018947e+01	-1.089532e+03
1.780000e-06	-2.409068e-09	-9.244051e-09	-1.982546e+01	-1.082069e+03
1.790000e-06	-2.364730e-09	-9.198039e-09	-1.946058e+01	-1.074525e+03
1.800000e-06	-2.320298e-09	-9.144730e-09	-1.909492e+01	-1.066901e+03
1.810000e-06	-2.275776e-09	-9.081224e-09	-1.872853e+01	-1.059200e+03
1.820000e-06	-2.231149e-09	-9.008302e-09	-1.836127e+01	-1.051421e+03
1.830000e-06	-2.186427e-09	-8.932798e-09	-1.799323e+01	-1.043567e+03
1.840000e-06	-2.141624e-09	-8.856951e-09	-1.762453e+01	-1.035637e+03
1.850000e-06	-2.096724e-09	-8.783792e-09	-1.725502e+01	-1.027633e+03
1.860000e-06	-2.051697e-09	-8.718722e-09	-1.688447e+01	-1.019554e+03
1.870000e-06	-2.006569e-09	-8.656415e-09	-1.651309e+01	-1.011400e+03
1.880000e-06	-1.961376e-09	-8.593109e-09	-1.614117e+01	-1.003171e+03
1.890000e-06	-1.916106e-09	-8.522545e-09	-1.576863e+01	-9.948664e+02
1.900000e-06	-1.870726e-09	-8.446884e-09	-1.539518e+01	-9.864848e+02
1.910000e-06	-1.825280e-09	-8.368731e-09	-1.502118e+01	-9.780246e+02
1.920000e-06	-1.779781e-09	-8.290410e-09	-1.464674e+01	-9.694840e+02
1.930000e-06	-1.734173e-09	-8.216725e-09	-1.427142e+01	-9.608604e+02
1.940000e-06	-1.688451e-09	-8.143200e-09	-1.389515e+01	-9.521510e+02
1.950000e-06	-1.642661e-09	-8.067049e-09	-1.351832e+01	-9.433525e+02
1.960000e-06	-1.596818e-09	-7.986105e-09	-1.314105e+01	-9.344611e+02
1.970000e-06	-1.550937e-09	-7.903936e-09	-1.276347e+01	-9.254725e+02
1.980000e-06	-1.504997e-09	-7.823022e-09	-1.238541e+01	-9.163820e+02
1.990000e-06	-1.459003e-09	-7.741845e-09	-1.200690e+01	-9.071843e+02
2.000000e-06	-1.412982e-09	-7.660065e-09	-1.162817e+01	-8.978738e+02
2.010000e-06	-1.366872e-09	-7.576032e-09	-1.124871e+01	-8.884443e+02
2.020000e-06	-1.320687e-09	-7.491792e-09	-1.086864e+01	-8.788892e+02
2.030000e-06	-1.274455e-09	-7.405543e-09	-1.048817e+01	-8.692014e+02
2.040000e-06	-1.228164e-09	-7.316349e-09	-1.010721e+01	-8.593736e+02
2.050000e-06	-1.181826e-09	-7.225413e-09	-9.725877e+00	-8.493977e+02
2.060000e-06	-1.135462e-09	-7.134739e-09	-9.344327e+00	-8.392658e+02
2.070000e-06	-1.089056e-09	-7.046955e-09	-8.962425e+00	-8.289691e+02
2.080000e-06	-1.042600e-09	-6.957935e-09	-8.580121e+00	-8.184988e+02
2.090000e-06	-9.961092e-10	-6.865359e-09	-8.197522e+00	-8.078459e+02
2.100000e-06	-9.495733e-10	-6.769135e-09	-7.814556e+00	-7.970009e+02
2.110000e-06	-9.030029e-10	-6.670797e-09	-7.431305e+00	-7.859543e+02
2.120000e-06	-8.563897e-10	-6.570320e-09	-7.047702e+00	-7.746965e+02
2.130000e-06	-8.096957e-10	-6.467929e-09	-6.663433e+00	-7.632177e+02
2.140000e-06	-7.629444e-10	-6.365672e-09	-6.278694e+00	-7.515079e+02
2.150000e-06	-7.161725e-10	-6.261973e-09	-5.893785e+00	-7.395575e+02
2.160000e-06	-6.693601e-10	-6.158121e-09	-5.508543e+00	-7.273566e+02
2.170000e-06	-6.225136e-10	-6.052803e-09	-5.123022e+00	-7.148957e+02
2.180000e-06	-5.756463e-10	-5.943982e-09	-4.737327e+00	-7.021650e+02
2.190000e-06	-5.287342e-10	-5.832133e-09	-4.351264e+00	-6.891555e+02
2.200000e-06	-4.817806e-10	-5.717525e-09	-3.964860e+00	-6.758581e+02
2.210000e-06	-4.348208e-10	-5.602228e-09	-3.578406e+00	-6.622642e+02
2.220000e-06	-3.878457e-10	-5.485285e-09	-3.191825e+00	-6.483654e+02
2.230000e-06	-3.408565e-10	-5.366458e-09	-2.805128e+00	-6.341538e+02
2.240000e-06	-2.938569e-10	-5.244635e-09	-2.418345e+00	-6.196223e+02
2.250000e-06	-2.468304e-10	-5.119818e-09	-2.031339e+00	-6.047638e+02
2.260000e-06	-1.997877e-10	-4.992531e-09	-1.644202e+00	-5.895723e+02
2.270000e-06	-1.527575e-10	-4.861879e-09	-1.257167e+00	-5.740423e+02
2.280000e-06	-1.057419e-10	-4.729748e-09	-8.702510e-01	-5.581687e+02
2.290000e-06	-5.875223e-11	-4.592819e-09	-4.835497e-01	-5.419476e+02
2.300000e-06	-1.174636e-11	-4.453952e-09	-9.671489e-02	-5.253756e+02
2.310000e-06	3.526858e-11	-4.313768e-09	2.901946e-01	-5.084502e+02
2.320000e-06	8.225681e-11	-4.169314e-09	6.768839e-01	-4.911697e+02
2.330000e-06	1.292359e-10	-4.020933e-09	1.063498e+00	-4.735334e+02
2.340000e-06	1.762201e-10	-3.867699e-09	1.450153e+00	-4.555415e+02
2.350000e-06	2.231730e-10	-3.714069e-09	1.836551e+00	-4.371951e+02
2.360000e-06	2.700609e-10	-3.558880e-09	2.222415e+00	-4.184962e+02
2.370000e-06	3.169527e-10	-3.399529e-09	2.608310e+00	-3.994480e+02
2.380000e-06	3.638560e-10	-3.236376e-09	2.994300e+00	-3.800544e+02
2.390000e-06	4.107163e-10	-3.069876e-09	3.379936e+00	-3.603205e+02
2.400000e-06	4.575311e-10	-2.900526e-09	3.765198e+00	-3.402524e+02
2.410000e-06	5.043457e-10	-2.725905e-09	4.150458e+00	-3.198572e+02
2.420000e-06	5.511649e-10	-2.547593e-09	4.535755e+00	-2.991428e+02
2.430000e-06	5.979607e-10	-2.366513e-09	4.920861e+00	-2.781183e+02
2.440000e-06	6.447123e-10	-2.183755e-09	5.305603e+00	-2.567937e+02
2.450000e-06	6.914643e-10	-1.998548e-09	5.690348e+00	-2.351800e+02
2.460000e-06	7.382052e-10	-1.809056e-09	6.075002e+00	-2.132889e+02
2.470000e-06	7.849109e-10	-1.618064e-09	6.459366e+00	-1.911334e+02
2.480000e-06	8.316015e-10	-1.425212e-09	6.843606e+00	-1.687268e+02
2.490000e-06	8.782498e-10	-1.230603e-09	7.227498e+00	-1.460838e+02
2.500000e-06	9.248590e-10	-1.031358e-09	7.611068e+00	-1.232194e+02
2.510000e-06	9.714627e-10	-8.286323e-10	7.994593e+00	-1.001496e+02
2.520000e-06	1.018035e-09	-6.241328e-10	8.377858e+00	-7.689102e+01
2.530000e-06	1.064561e-09	-4.159841e-10	8.760748e+00	-5.346085e+01
2.540000e-06	1.111044e-09	-2.068298e-10	9.143272e+00	-2.987690e+01
2.550000e-06	1.157489e-09	3.036298e-12	9.525498e+00	-6.157479e+00
2.560000e-06	1.203890e-09	2.110384e-10	9.907349e+00	1.767866e+01
2.570000e-06	1.250220e-09	4.172335e-10	1.028863e+01	4.161238e+01
2.580000e-06	1.296496e-09	6.239397e-10	1.066945e+01	6.562421e+01
2.590000e-06	1.342715e-09	8.328221e-10	1.104981e+01	8.969442e+01
2.600000e-06	1.388859e-09	1.044815e-09	1.142956e+01	1.138031e+02
2.610000e-06	1.434905e-09	1.256272e-09	1.180849e+01	1.379303e+02
2.620000e-06	1.480856e-09	1.467238e-09	1.218665e+01	1.620558e+02
2.630000e-06	1.526741e-09	1.677744e-09	1.256426e+01	1.861596e+02
2.640000e-06	1.572570e-09	1.887615e-09	1.294141e+01	2.102217e+02
2.650000e-06	1.618272e-09	2.096653e-09	1.331751e+01	2.342223e+02
2.660000e-06	1.663861e-09	2.302094e-09	1.369268e+01	2.581419e+02
2.670000e-06	1.709388e-09	2.505009e-09	1.406735e+01	2.819610e+02
2.680000e-06	1.754822e-09	2.708439e-09	1.444125e+01	3.056606e+02
2.690000e-06	1.800171e-09	2.909186e-09	1.481444e+01	3.292224e+02
2.700000e-06	1.845433e-09	3.106852e-09	1.518693e+01	3.526280e+02
2.710000e-06	1.890597e-09	3.301868e-09	1.555861e+01	3.758600e+02
2.720000e-06	1.935678e-09	3.495000e-09	1.592960e+01	3.989014e+02
2.730000e-06	1.980684e-09	3.690268e-09	1.629997e+01	4.217357e+02
2.740000e-06	2.025615e-09	3.885920e-09	1.666974e+01	4.443474e+02
2.750000e-06	2.070458e-09	4.081178e-09	1.703877e+01	4.667214e+02
2.760000e-06	2.115215e-09	4.272408e-09	1.740710e+01	4.888435e+02
2.770000e-06	2.159898e-09	4.458634e-09	1.777482e+01	5.107003e+02
2.780000e-06	2.204502e-09	4.639416e-09	1.814188e+01	5.322793e+02
2.790000e-06	2.249031e-09	4.812900e-09	1.850834e+01	5.535686e+02
2.800000e-06	2.293471e-09	4.984728e-09	1.887406e+01	5.745574e+02
2.810000e-06	2.337837e-09	5.157934e-09	1.923917e+01	5.952359e+02
2.820000e-06	2.382137e-09	5.334535e-09	1.960373e+01	6.155948e+02
2.830000e-06	2.426345e-09	5.511764e-09	1.996755e+01	6.356262e+02
2.840000e-06	2.470489e-09	5.683838e-09	2.033083e+01	6.553227e+02
2.850000e-06	2.514561e-09	5.848417e-09	2.069352e+01	6.746781e+02
2.860000e-06	2.558542e-09	6.004924e-09	2.105547e+01	6.936872e+02
2.870000e-06	2.602434e-09	6.158626e-09	2.141667e+01	7.123454e+02
2.880000e-06	2.646235e-09	6.309943e-09	2.177714e+01	7.306492e+02
2.890000e-06	2.689949e-09	6.459724e-09	2.213688e+01	7.485961e+02
2.900000e-06	2.733554e-09	6.609569e-09	2.249573e+01	7.661842e+02
2.910000e-06	2.777053e-09	6.758547e-09	2.285371e+01	7.834128e+02
2.920000e-06	2.820422e-09	6.906292e-09	2.321061e+01	8.002816e+02
2.930000e-06	2.863626e-09	7.049522e-09	2.356616e+01	8.167915e+02
2.940000e-06	2.906670e-09	7.186429e-09	2.392039e+01	8.329440e+02
2.950000e-06	2.949544e-09	7.316800e-09	2.427322e+01	8.487412e+02
2.960000e-06	2.992222e-09	7.443549e-09	2.462444e+01	8.641861e+02
2.970000e-06	3.034706e-09	7.567733e-09	2.497406e+01	8.792824e+02
2.980000e-06	3.076994e-09	7.688290e-09	2.532206e+01	8.940341e+02
2.990000e-06	3.119049e-09	7.806652e-09	2.566815e+01	9.084460e+02
3.000000e-06	3.160866e-09	7.924930e-09	2.601228e+01	9.225235e+02
3.010000e-06	3.202423e-09	8.042658e-09	2.635427e+01	9.362723e+02
3.020000e-06	3.243752e-09	8.156553e-09	2.669439e+01	9.496986e+02
3.030000e-06	3.284907e-09	8.264271e-09	2.703307e+01	9.628091e+02
3.040000e-06	3.325858e-09	8.368078e-09	2.737007e+01	9.756106e+02
3.050000e-06	3.366611e-09	8.470444e-09	2.770545e+01	9.881103e+02
3.060000e-06	3.407189e-09	8.572209e-09	2.803939e+01	1.000316e+03
3.070000e-06	3.447596e-09	8.673174e-09	2.837192e+01	1.012235e+03
3.080000e-06	3.487857e-09	8.773046e-09	2.870324e+01	1.023875e+03
3.090000e-06	3.528003e-09	8.869978e-09	2.903363e+01	1.035245e+03
3.100000e-06	3.568024e-09	8.962744e-09	2.936298e+01	1.046352e+03
3.110000e-06	3.607919e-09	9.052905e-09	2.969130e+01	1.057204e+03
3.120000e-06	3.647685e-09	9.142432e-09	3.001855e+01	1.067810e+03
3.130000e-06	3.687306e-09	9.232226e-09	3.034462e+01	1.078177e+03
3.140000e-06	3.726804e-09	9.320183e-09	3.066966e+01	1.088313e+03
3.150000e-06	3.766196e-09	9.406751e-09	3.099384e+01	1.098226e+03
3.160000e-06	3.805432e-09	9.491180e-09	3.131673e+01	1.107925e+03
3.170000e-06	3.844493e-09	9.572830e-09	3.163818e+01	1.117415e+03
3.180000e-06	3.883388e-09	9.652077e-09	3.195827e+01	1.126705e+03
3.190000e-06	3.922129e-09	9.728640e-09	3.227709e+01	1.135802e+03
3.200000e-06	3.960737e-09	9.806139e-09	3.259481e+01	1.144712e+03
3.210000e-06	3.999191e-09	9.883061e-09	3.291127e+01	1.153442e+03
3.220000e-06	4.037466e-09	9.959731e-09	3.322626e+01	1.161998e+03
3.230000e-06	4.075559e-09	1.003763e-08	3.353974e+01	1.170387e+03
3.240000e-06	4.113469e-09	1.011405e-08	3.385172e+01	1.178613e+03
3.250000e-06	4.151178e-09	1.018676e-08	3.416205e+01	1.186683e+03
3.260000e-06	4.188689e-09	1.025279e-08	3.447074e+01	1.194601e+03
3.270000e-06	4.226008e-09	1.031551e-08	3.477786e+01	1.202373e+03
3.280000e-06	4.263134e-09	1.037754e-08	3.508339e+01	1.210002e+03
3.290000e-06	4.300074e-09	1.044080e-08	3.538739e+01	1.217493e+03
3.300000e-06	4.336839e-09	1.050524e-08	3.568994e+01	1.224849e+03
3.310000e-06	4.373414e-09	1.056976e-08	3.599094e+01	1.232075e+03
3.320000e-06	4.409808e-09	1.063430e-08	3.629044e+01	1.239173e+03
3.330000e-06	4.446049e-09	1.069687e-08	3.658869e+01	1.246147e+03
3.340000e-06	4.482144e-09	1.075707e-08	3.688573e+01	1.252999e+03
3.350000e-06	4.518093e-09	1.081140e-08	3.718157e+01	1.259732e+03
3.360000e-06	4.553883e-09	1.086205e-08	3.747610e+01	1.266348e+03
3.370000e-06	4.589509e-09	1.091447e-08	3.776929e+01	1.272849e+03
3.380000e-06	4.624954e-09	1.096969e-08	3.806098e+01	1.279237e+03
3.390000e-06	4.660178e-09	1.102478e-08	3.835086e+01	1.285514e+03
3.400000e-06	4.695156e-09	1.107724e-08	3.863871e+01	1.291681e+03
3.410000e-06	4.729843e-09	1.113009e-08	3.892417e+01	1.297739e+03
3.420000e-06	4.764219e-09	1.118180e-08	3.920707e+01	1.303691e+03
3.430000e-06	4.798284e-09	1.122900e-08	3.948740e+01	1.309536e+03
3.440000e-06	4.831986e-09	1.127282e-08	3.976475e+01	1.315277e+03
3.450000e-06	4.865333e-09	1.131678e-08	4.003918e+01	1.320913e+03
3.460000e-06	4.898366e-09	1.136309e-08	4.031103e+01	1.326447e+03
3.470000e-06	4.931112e-09	1.140922e-08	4.058050e+01	1.331879e+03
3.480000e-06	4.963614e-09	1.145482e-08	4.084799e+01	1.337210e+03
3.490000e-06	4.995931e-09	1.150013e-08	4.111393e+01	1.342440e+03
3.500000e-06	5.028085e-09	1.154418e-08	4.137854e+01	1.347571e+03
3.510000e-06	5.060085e-09	1.158451e-08	4.164189e+01	1.352604e+03
3.520000e-06	5.091934e-09	1.162174e-08	4.190399e+01	1.357540e+03
3.530000e-06	5.123607e-09	1.166007e-08	4.216465e+01	1.362379e+03
3.540000e-06	5.155093e-09	1.169845e-08	4.242376e+01	1.367123e+03
3.550000e-06	5.186376e-09	1.173811e-08	4.268120e+01	1.371773e+03
3.560000e-06	5.217420e-09	1.177697e-08	4.293668e+01	1.376331e+03
3.570000e-06	5.248225e-09	1.181301e-08	4.319019e+01	1.380797e+03
3.580000e-06	5.278807e-09	1.184818e-08	4.344186e+01	1.385173e+03
3.590000e-06	5.309138e-09	1.188262e-08	4.369148e+01	1.389460e+03
3.600000e-06	5.339230e-09	1.191603e-08	4.393911e+01	1.393660e+03
3.610000e-06	5.369093e-09	1.194933e-08	4.418487e+01	1.397775e+03
3.620000e-06	5.398744e-09	1.198324e-08	4.442888e+01	1.401806e+03
3.630000e-06	5.428186e-09	1.201251e-08	4.467118e+01	1.405755e+03
3.640000e-06	5.457396e-09	1.203936e-08	4.491156e+01	1.409624e+03
3.650000e-06	5.486347e-09	1.206664e-08	4.514981e+01	1.413415e+03
3.660000e-06	5.515045e-09	1.209467e-08	4.538598e+01	1.417130e+03
3.670000e-06	5.543529e-09	1.212650e-08	4.562039e+01	1.420771e+03
3.680000e-06	5.571818e-09	1.216007e-08	4.585320e+01	1.424340e+03
3.690000e-06	5.599925e-09	1.219390e-08	4.608451e+01	1.427839e+03
3.700000e-06	5.627855e-09	1.222519e-08	4.631435e+01	1.431270e+03
3.710000e-06	5.655625e-09	1.225243e-08	4.654289e+01	1.434635e+03
3.720000e-06	5.683216e-09	1.227397e-08	4.676995e+01	1.437938e+03
3.730000e-06	5.710571e-09	1.229380e-08	4.699507e+01	1.441178e+03
3.740000e-06	5.737627e-09	1.231619e-08	4.721772e+01	1.444360e+03
3.750000e-06	5.764259e-09	1.233859e-08	4.743689e+01	1.447484e+03
3.760000e-06	5.790427e-09	1.236672e-08	4.765224e+01	1.450553e+03
3.770000e-06	5.816191e-09	1.239719e-08	4.786426e+01	1.453569e+03
3.780000e-06	5.841536e-09	1.242533e-08	4.807284e+01	1.456534e+03
3.790000e-06	5.866477e-09	1.244880e-08	4.827809e+01	1.459449e+03
3.800000e-06	5.891082e-09	1.246544e-08	4.848057e+01	1.462317e+03
3.810000e-06	5.915412e-09	1.247997e-08	4.868080e+01	1.465139e+03
3.820000e-06	5.939516e-09	1.249506e-08	4.887917e+01	1.467917e+03
3.830000e-06	5.963424e-09	1.251746e-08	4.907591e+01	1.470652e+03
3.840000e-06	5.987115e-09	1.254381e-08	4.927088e+01	1.473345e+03
3.850000e-06	6.010555e-09	1.257107e-08	4.946378e+01	1.475998e+03
3.860000e-06	6.033731e-09	1.259805e-08	4.965450e+01	1.478611e+03
3.870000e-06	6.056634e-09	1.262187e-08	4.984299e+01	1.481187e+03
3.880000e-06	6.079293e-09	1.264103e-08	5.002946e+01	1.483725e+03
3.890000e-06	6.101665e-09	1.265427e-08	5.021357e+01	1.486226e+03
3.900000e-06	6.123767e-09	1.267032e-08	5.039546e+01	1.488692e+03
3.910000e-06	6.145645e-09	1.269029e-08	5.057550e+01	1.491122e+03
3.920000e-06	6.167263e-09	1.271274e-08	5.075341e+01	1.493516e+03
3.930000e-06	6.188612e-09	1.273425e-08	5.092910e+01	1.495876e+03
3.940000e-06	6.209693e-09	1.275301e-08	5.110258e+01	1.498201e+03
3.950000e-06	6.230474e-09	1.277095e-08	5.127360e+01	1.500491e+03
3.960000e-06	6.250962e-09	1.278758e-08	5.144221e+01	1.502746e+03
3.970000e-06	6.271220e-09	1.280374e-08	5.160892e+01	1.504966e+03
3.980000e-06	6.291300e-09	1.281845e-08	5.177417e+01	1.507151e+03
3.990000e-06	6.311229e-09	1.283559e-08	5.193817e+01	1.509299e+03
4.000000e-06	6.330986e-09	1.285586e-08	5.210076e+01	1.511412e+03
4.010000e-06	6.350504e-09	1.287578e-08	5.226139e+01	1.513487e+03
4.020000e-06	6.369763e-09	1.289315e-08	5.241988e+01	1.515526e+03
4.030000e-06	6.388720e-09	1.290821e-08	5.257589e+01	1.517526e+03
4.040000e-06	6.407299e-09	1.292152e-08	5.272878e+01	1.519488e+03
4.050000e-06	6.425514e-09	1.293416e-08	5.287869e+01	1.521411e+03
4.060000e-06	6.443370e-09	1.294926e-08	5.302563e+01	1.523294e+03
4.070000e-06	6.460895e-09	1.296292e-08	5.316985e+01	1.525137e+03
4.080000e-06	6.478170e-09	1.297591e-08	5.331202e+01	1.526938e+03
4.090000e-06	6.495214e-09	1.298935e-08	5.345228e+01	1.528698e+03
4.100000e-06	6.512017e-09	1.300278e-08	5.359056e+01	1.530416e+03
4.110000e-06	6.528556e-09	1.301765e-08	5.372667e+01	1.532091e+03
4.120000e-06	6.544787e-09	1.303144e-08	5.386024e+01	1.533723e+03
4.130000e-06	6.560638e-09	1.304614e-08	5.399069e+01	1.535311e+03
4.140000e-06	6.576081e-09	1.305944e-08	5.411778e+01	1.536855e+03
4.150000e-06	6.591127e-09	1.307000e-08	5.424160e+01	1.538355e+03
4.160000e-06	6.605819e-09	1.308093e-08	5.436250e+01	1.539811e+03
4.170000e-06	6.620182e-09	1.309268e-08	5.448070e+01	1.541223e+03
4.180000e-06	6.634236e-09	1.310535e-08	5.459636e+01	1.542590e+03
4.190000e-06	6.648032e-09	1.311596e-08	5.470990e+01	1.543913e+03
4.200000e-06	6.661533e-09	1.312741e-08	5.482100e+01	1.545192e+03
4.210000e-06	6.674713e-09	1.314096e-08	5.492946e+01	1.546427e+03
4.220000e-06	6.687579e-09	1.315395e-08	5.503534e+01	1.547619e+03
4.230000e-06	6.700121e-09	1.316325e-08	5.513856e+01	1.548769e+03
4.240000e-06	6.712362e-09	1.316652e-08	5.523930e+01	1.549876e+03
4.250000e-06	6.724323e-09	1.317083e-08	5.533773e+01	1.550941e+03
4.260000e-06	6.736056e-09	1.317835e-08	5.543428e+01	1.551967e+03
4.270000e-06	6.747493e-09	1.318770e-08	5.552841e+01	1.552952e+03
4.280000e-06	6.758513e-09	1.319700e-08	5.561909e+01	1.553899e+03
4.290000e-06	6.769075e-09	1.320684e-08	5.570602e+01	1.554808e+03
4.300000e-06	6.779106e-09	1.321937e-08	5.578857e+01	1.555680e+03
4.310000e-06	6.788612e-09	1.323067e-08	5.586680e+01	1.556517e+03
4.320000e-06	6.797630e-09	1.323790e-08	5.594101e+01	1.557319e+03
4.330000e-06	6.806233e-09	1.323955e-08	5.601181e+01	1.558089e+03
4.340000e-06	6.814535e-09	1.324034e-08	5.608013e+01	1.558826e+03
4.350000e-06	6.822603e-09	1.324422e-08	5.614653e+01	1.559533e+03
4.360000e-06	6.830475e-09	1.324983e-08	5.621131e+01	1.560211e+03
4.370000e-06	6.838119e-09	1.325589e-08	5.627421e+01	1.560861e+03
4.380000e-06	6.845502e-09	1.326166e-08	5.633498e+01	1.561484e+03
4.390000e-06	6.852599e-09	1.326895e-08	5.639338e+01	1.562082e+03
4.400000e-06	6.859375e-09	1.327672e-08	5.644914e+01	1.562655e+03
4.410000e-06	6.865809e-09	1.328261e-08	5.650209e+01	1.563205e+03
4.420000e-06	6.871942e-09	1.328497e-08	5.655256e+01	1.563733e+03
4.430000e-06	6.877803e-09	1.328650e-08	5.660080e+01	1.564239e+03
4.440000e-06	6.883372e-09	1.329102e-08	5.664663e+01	1.564725e+03
4.450000e-06	6.888633e-09	1.329776e-08	5.668992e+01	1.565192e+03
4.460000e-06	6.893537e-09	1.330385e-08	5.673027e+01	1.565640e+03
4.470000e-06	6.898114e-09	1.330616e-08	5.676794e+01	1.566070e+03
4.480000e-06	6.902437e-09	1.330790e-08	5.680352e+01	1.566482e+03
4.490000e-06	6.906558e-09	1.331034e-08	5.683743e+01	1.566877e+03
4.500000e-06	6.910519e-09	1.331252e-08	5.687003e+01	1.567254e+03
4.510000e-06	6.914309e-09	1.331424e-08	5.690122e+01	1.567615e+03
4.520000e-06	6.917871e-09	1.331421e-08	5.693054e+01	1.567959e+03
4.530000e-06	6.921127e-09	1.331595e-08	5.695733e+01	1.568286e+03
4.540000e-06	6.923979e-09	1.331970e-08	5.698080e+01	1.568596e+03
4.550000e-06	6.926362e-09	1.332175e-08	5.700041e+01	1.568888e+03
4.560000e-06	6.928219e-09	1.332103e-08	5.701570e+01	1.569161e+03
4.570000e-06	6.929582e-09	1.332090e-08	5.702690e+01	1.569416e+03
4.580000e-06	6.930519e-09	1.332399e-08	5.703462e+01	1.569652e+03
4.590000e-06	6.931054e-09	1.333045e-08	5.703902e+01	1.569867e+03
4.600000e-06	6.931300e-09	1.333616e-08	5.704105e+01	1.570060e+03
4.610000e-06	6.931340e-09	1.333883e-08	5.704138e+01	1.570232e+03
4.620000e-06	6.931189e-09	1.334203e-08	5.704013e+01	1.570379e+03
4.630000e-06	6.930804e-09	1.334502e-08	5.703697e+01	1.570502e+03
4.640000e-06	6.930139e-09	1.334514e-08	5.703149e+01	1.570599e+03
4.650000e-06	6.929174e-09	1.334331e-08	5.702355e+01	1.570669e+03
4.660000e-06	6.927898e-09	1.334432e-08	5.701305e+01	1.570710e+03
4.670000e-06	6.926308e-09	1.334325e-08	5.699996e+01	1.570720e+03
4.680000e-06	6.924430e-09	1.333445e-08	5.698451e+01	1.570700e+03
4.690000e-06	6.922324e-09	1.331697e-08	5.696717e+01	1.570646e+03
4.700000e-06	6.919986e-09	1.331477e-08	5.694794e+01	1.570558e+03
4.710000e-06	6.917364e-09	1.334905e-08	5.692636e+01	1.570433e+03
4.720000e-06	6.914389e-09	1.342534e-08	5.690187e+01	1.570272e+03
4.730000e-06	6.911033e-09	1.342102e-08	5.687426e+01	1.570073e+03
4.740000e-06	6.907330e-09	1.327391e-08	5.684379e+01	1.569833e+03
4.750000e-06	6.903381e-09	1.320352e-08	5.681129e+01	1.569553e+03
4.760000e-06	6.899261e-09	1.329940e-08	5.677738e+01	1.569231e+03
4.770000e-06	6.894966e-09	1.338688e-08	5.674204e+01	1.568866e+03
4.780000e-06	6.890419e-09	1.340038e-08	5.670462e+01	1.568457e+03
4.790000e-06	6.885516e-09	1.357413e-08	5.666427e+01	1.568004e+03
4.800000e-06	6.880198e-09	1.382983e-08	5.662051e+01	1.567505e+03
4.810000e-06	6.874388e-09	1.373887e-08	5.657269e+01	1.566961e+03
4.820000e-06	6.867988e-09	1.356692e-08	5.652002e+01	1.566371e+03
4.830000e-06	6.861044e-09	1.367474e-08	5.646288e+01	1.565735e+03
4.840000e-06	6.853693e-09	1.368816e-08	5.640238e+01	1.565052e+03
4.850000e-06	6.846031e-09	1.352221e-08	5.633934e+01	1.564324e+03
4.860000e-06	6.838156e-09	1.352390e-08	5.627453e+01	1.563550e+03
4.870000e-06	6.830080e-09	1.354511e-08	5.620807e+01	1.562730e+03
4.880000e-06	6.821780e-09	1.343631e-08	5.613976e+01	1.561866e+03
4.890000e-06	6.813272e-09	1.341937e-08	5.606974e+01	1.560958e+03
4.900000e-06	6.804516e-09	1.336715e-08	5.599769e+01	1.560007e+03
4.910000e-06	6.795446e-09	1.326565e-08	5.592305e+01	1.559015e+03
4.920000e-06	6.786075e-09	1.331238e-08	5.584593e+01	1.557982e+03
4.930000e-06	6.776440e-09	1.333311e-08	5.576663e+01	1.556909e+03
4.940000e-06	6.766526e-09	1.330645e-08	5.568505e+01	1.555799e+03
4.950000e-06	6.756339e-09	1.334805e-08	5.560121e+01	1.554653e+03
4.960000e-06	6.745866e-09	1.331627e-08	5.551503e+01	1.553473e+03
4.970000e-06	6.735065e-09	1.327010e-08	5.542614e+01	1.552260e+03
4.980000e-06	6.723953e-09	1.329895e-08	5.533469e+01	1.551017e+03
4.990000e-06	6.712561e-09	1.323242e-08	5.524094e+01	1.549746e+03
5.000000e-06	6.700863e-09	1.319967e-08	5.514468e+01	1.548448e+03
5.010000e-06	6.688846e-09	1.325435e-08	5.504578e+01	1.547126e+03
5.020000e-06	6.676481e-09	1.322927e-08	5.494403e+01	1.545782e+03
5.030000e-06	6.663761e-09	1.322805e-08	5.483934e+01	1.544418e+03
5.040000e-06	6.650594e-09	1.323442e-08	5.473098e+01	1.543036e+03
5.050000e-06	6.636892e-09	1.319558e-08	5.461823e+01	1.541639e+03
5.060000e-06	6.622644e-09	1.319076e-08	5.450098e+01	1.540228e+03
5.070000e-06	6.607870e-09	1.318553e-08	5.437939e+01	1.538806e+03
5.080000e-06	6.592668e-09	1.316730e-08	5.425428e+01	1.537374e+03
5.090000e-06	6.577105e-09	1.315557e-08	5.412621e+01	1.535935e+03
5.100000e-06	6.561269e-09	1.315585e-08	5.399589e+01	1.534490e+03
5.110000e-06	6.545202e-09	1.316747e-08	5.386367e+01	1.533041e+03
5.120000e-06	6.528911e-09	1.314726e-08	5.372960e+01	1.531590e+03
5.130000e-06	6.512406e-09	1.311833e-08	5.359377e+01	1.530137e+03
5.140000e-06	6.495623e-09	1.311125e-08	5.345565e+01	1.528685e+03
5.150000e-06	6.478494e-09	1.310046e-08	5.331469e+01	1.527234e+03
5.160000e-06	6.461040e-09	1.310131e-08	5.317105e+01	1.525786e+03
5.170000e-06	6.443317e-09	1.309006e-08	5.302520e+01	1.524341e+03
5.180000e-06	6.425317e-09	1.307407e-08	5.287707e+01	1.522899e+03
5.190000e-06	6.407056e-09	1.307622e-08	5.272679e+01	1.521461e+03
5.200000e-06	6.388535e-09	1.305800e-08	5.257438e+01	1.520028e+03
5.210000e-06	6.369731e-09	1.304878e-08	5.241963e+01	1.518598e+03
5.220000e-06	6.350656e-09	1.303935e-08	5.226265e+01	1.517173e+03
5.230000e-06	6.331333e-09	1.302480e-08	5.210364e+01	1.515751e+03
5.240000e-06	6.311783e-09	1.302611e-08	5.194275e+01	1.514332e+03
5.250000e-06	6.292014e-09	1.301574e-08	5.178006e+01	1.512915e+03
5.260000e-06	6.272085e-09	1.300319e-08	5.161605e+01	1.511499e+03
5.270000e-06	6.252010e-09	1.298329e-08	5.145085e+01	1.510083e+03
5.280000e-06	6.231764e-09	1.296663e-08	5.128423e+01	1.508666e+03
5.290000e-06	6.211291e-09	1.295960e-08	5.111575e+01	1.507245e+03
5.300000e-06	6.190496e-09	1.294649e-08	5.094461e+01	1.505819e+03
5.310000e-06	6.169333e-09	1.293833e-08	5.077046e+01	1.504387e+03
5.320000e-06	6.147753e-09	1.292526e-08	5.059287e+01	1.502945e+03
5.330000e-06	6.125731e-09	1.291293e-08	5.041164e+01	1.501493e+03
5.340000e-06	6.103234e-09	1.290066e-08	5.022649e+01	1.500027e+03
5.350000e-06	6.080291e-09	1.288229e-08	5.003769e+01	1.498546e+03
5.360000e-06	6.057011e-09	1.286853e-08	4.984611e+01	1.497048e+03
5.370000e-06	6.033419e-09	1.285631e-08	4.965196e+01	1.495528e+03
5.380000e-06	6.009561e-09	1.284901e-08	4.945562e+01	1.493986e+03
5.390000e-06	5.985504e-09	1.283888e-08	4.925764e+01	1.492418e+03
5.400000e-06	5.961253e-09	1.282049e-08	4.905807e+01	1.490822e+03
5.410000e-06	5.936791e-09	1.279978e-08	4.885675e+01	1.489196e+03
5.420000e-06	5.912099e-09	1.278073e-08	4.865356e+01	1.487536e+03
5.430000e-06	5.887113e-09	1.276938e-08	4.844793e+01	1.485841e+03
5.440000e-06	5.861823e-09	1.275595e-08	4.823981e+01	1.484108e+03
5.450000e-06	5.836257e-09	1.273845e-08	4.802941e+01	1.482334e+03
5.460000e-06	5.810381e-09	1.272205e-08	4.781647e+01	1.480518e+03
5.470000e-06	5.784246e-09	1.270727e-08	4.760139e+01	1.478657e+03
5.480000e-06	5.757871e-09	1.269000e-08	4.738433e+01	1.476750e+03
5.490000e-06	5.731211e-09	1.266509e-08	4.716494e+01	1.474794e+03
5.500000e-06	5.704267e-09	1.264322e-08	4.694320e+01	1.472787e+03
5.510000e-06	5.677092e-09	1.262758e-08	4.671957e+01	1.470729e+03
5.520000e-06	5.649696e-09	1.261586e-08	4.649411e+01	1.468618e+03
5.530000e-06	5.622055e-09	1.260080e-08	4.626664e+01	1.466452e+03
5.540000e-06	5.594230e-09	1.258105e-08	4.603765e+01	1.464231e+03
5.550000e-06	5.566253e-09	1.256252e-08	4.580742e+01	1.461953e+03
5.560000e-06	5.538136e-09	1.254057e-08	4.557602e+01	1.459619e+03
5.570000e-06	5.509857e-09	1.251628e-08	4.534330e+01	1.457227e+03
5.580000e-06	5.481357e-09	1.249181e-08	4.510877e+01	1.454778e+03
5.590000e-06	5.452605e-09	1.247320e-08	4.487215e+01	1.452271e+03
5.600000e-06	5.423582e-09	1.245907e-08	4.463331e+01	1.449706e+03
5.610000e-06	5.394249e-09	1.244396e-08	4.439191e+01	1.447084e+03
5.620000e-06	5.364557e-09	1.242697e-08	4.414756e+01	1.444405e+03
5.630000e-06	5.334466e-09	1.240425e-08	4.389993e+01	1.441670e+03
5.640000e-06	5.304020e-09	1.237948e-08	4.364938e+01	1.438880e+03
5.650000e-06	5.273254e-09	1.235389e-08	4.339619e+01	1.436036e+03
5.660000e-06	5.242169e-09	1.233037e-08	4.314037e+01	1.433138e+03
5.670000e-06	5.210815e-09	1.230975e-08	4.288234e+01	1.430188e+03
5.680000e-06	5.179226e-09	1.229004e-08	4.262239e+01	1.427187e+03
5.690000e-06	5.147407e-09	1.226973e-08	4.236053e+01	1.424137e+03
5.700000e-06	5.115375e-09	1.224431e-08	4.209692e+01	1.421039e+03
5.710000e-06	5.083144e-09	1.221579e-08	4.183168e+01	1.417895e+03
5.720000e-06	5.050707e-09	1.218570e-08	4.156473e+01	1.414706e+03
5.730000e-06	5.018080e-09	1.215808e-08	4.129623e+01	1.411474e+03
5.740000e-06	4.985248e-09	1.213310e-08	4.102604e+01	1.408201e+03
5.750000e-06	4.952180e-09	1.210773e-08	4.075391e+01	1.404887e+03
5.760000e-06	4.918903e-09	1.208076e-08	4.048006e+01	1.401535e+03
5.770000e-06	4.885400e-09	1.205161e-08	4.020435e+01	1.398147e+03
5.780000e-06	4.851662e-09	1.202175e-08	3.992670e+01	1.394723e+03
5.790000e-06	4.817689e-09	1.198851e-08	3.964712e+01	1.391265e+03
5.800000e-06	4.783465e-09	1.195553e-08	3.936547e+01	1.387774e+03
5.810000e-06	4.749022e-09	1.192583e-08	3.908202e+01	1.384251e+03
5.820000e-06	4.714365e-09	1.189848e-08	3.879682e+01	1.380698e+03
5.830000e-06	4.679491e-09	1.187187e-08	3.850982e+01	1.377115e+03
5.840000e-06	4.644414e-09	1.184358e-08	3.822115e+01	1.373503e+03
5.850000e-06	4.609128e-09	1.181239e-08	3.793077e+01	1.369862e+03
5.860000e-06	4.573663e-09	1.177967e-08	3.763891e+01	1.366192e+03
5.870000e-06	4.538062e-09	1.174668e-08	3.734593e+01	1.362495e+03
5.880000e-06	4.502320e-09	1.171312e-08	3.705179e+01	1.358769e+03
5.890000e-06	4.466427e-09	1.167975e-08	3.675641e+01	1.355015e+03
5.900000e-06	4.430390e-09	1.164469e-08	3.645984e+01	1.351232e+03
5.910000e-06	4.394214e-09	1.160972e-08	3.616214e+01	1.347419e+03
5.920000e-06	4.357877e-09	1.157516e-08	3.586309e+01	1.343575e+03
5.930000e-06	4.321362e-09	1.153805e-08	3.556260e+01	1.339700e+03
5.940000e-06	4.284656e-09	1.150213e-08	3.526053e+01	1.335791e+03
5.950000e-06	4.247716e-09	1.146835e-08	3.495653e+01	1.331848e+03
5.960000e-06	4.210533e-09	1.143406e-08	3.465053e+01	1.327869e+03
5.970000e-06	4.173097e-09	1.139797e-08	3.434245e+01	1.323851e+03
5.980000e-06	4.135400e-09	1.135897e-08	3.403223e+01	1.319794e+03
5.990000e-06	4.097436e-09	1.132079e-08	3.371981e+01	1.315694e+03
6.000000e-06	4.059188e-09	1.128439e-08	3.340504e+01	1.311549e+03
6.010000e-06	4.020673e-09	1.124823e-08	3.308809e+01	1.307357e+03
6.020000e-06	3.981909e-09	1.121041e-08	3.276908e+01	1.303115e+03
6.030000e-06	3.942890e-09	1.116927e-08	3.244797e+01	1.298820e+03
6.040000e-06	3.903601e-09	1.112802e-08	3.212465e+01	1.294470e+03
6.050000e-06	3.864094e-09	1.108617e-08	3.179953e+01	1.290062e+03
6.060000e-06	3.824439e-09	1.104394e-08	3.147318e+01	1.285593e+03
6.070000e-06	3.784639e-09	1.100151e-08	3.114565e+01	1.281060e+03
6.080000e-06	3.744672e-09	1.095723e-08	3.081674e+01	1.276460e+03
6.090000e-06	3.704547e-09	1.091383e-08	3.048653e+01	1.271790e+03
6.100000e-06	3.664279e-09	1.087101e-08	3.015515e+01	1.267047e+03
6.110000e-06	3.623856e-09	1.083016e-08	2.982248e+01	1.262229e+03
6.120000e-06	3.583290e-09	1.078770e-08	2.948865e+01	1.257334e+03
6.130000e-06	3.542574e-09	1.074200e-08	2.915357e+01	1.252357e+03
6.140000e-06	3.501704e-09	1.069574e-08	2.881724e+01	1.247298e+03
6.150000e-06	3.460686e-09	1.064632e-08	2.847968e+01	1.242153e+03
6.160000e-06	3.419519e-09	1.059897e-08	2.814090e+01	1.236920e+03
6.170000e-06	3.378224e-09	1.055203e-08	2.780106e+01	1.231598e+03
6.180000e-06	3.336788e-09	1.050465e-08	2.746006e+01	1.226184e+03
6.190000e-06	3.295185e-09	1.045729e-08	2.711769e+01	1.220678e+03
6.200000e-06	3.253419e-09	1.040783e-08	2.677398e+01	1.215077e+03
6.210000e-06	3.211534e-09	1.035984e-08	2.642929e+01	1.209380e+03
6.220000e-06	3.169536e-09	1.031060e-08	2.608366e+01	1.203587e+03
6.230000e-06	3.127368e-09	1.025931e-08	2.573665e+01	1.197697e+03
6.240000e-06	3.085054e-09	1.020676e-08	2.538842e+01	1.191708e+03
6.250000e-06	3.042627e-09	1.015374e-08	2.503926e+01	1.185622e+03
6.260000e-06	3.000069e-09	1.009919e-08	2.468904e+01	1.179437e+03
6.270000e-06	2.957378e-09	1.003961e-08	2.433771e+01	1.173155e+03
6.280000e-06	2.914585e-09	9.978587e-09	2.398554e+01	1.166774e+03
6.290000e-06	2.871697e-09	9.925183e-09	2.363260e+01	1.160297e+03
6.300000e-06	2.828685e-09	9.880420e-09	2.327864e+01	1.153723e+03
6.310000e-06	2.785577e-09	9.836521e-09	2.292388e+01	1.147054e+03
6.320000e-06	2.742401e-09	9.786725e-09	2.256856e+01	1.140290e+03
6.330000e-06	2.699146e-09	9.729766e-09	2.221260e+01	1.133433e+03
6.340000e-06	2.655798e-09	9.667095e-09	2.185586e+01	1.126485e+03
6.350000e-06	2.612339e-09	9.601275e-09	2.149822e+01	1.119446e+03
6.360000e-06	2.568753e-09	9.536469e-09	2.113953e+01	1.112319e+03
6.370000e-06	2.525083e-09	9.473950e-09	2.078014e+01	1.105105e+03
6.380000e-06	2.481351e-09	9.415262e-09	2.042025e+01	1.097805e+03
6.390000e-06	2.437522e-09	9.360126e-09	2.005956e+01	1.090421e+03
6.400000e-06	2.393586e-09	9.302168e-09	1.969799e+01	1.082955e+03
6.410000e-06	2.349535e-09	9.238274e-09	1.933547e+01	1.075408e+03
6.420000e-06	2.305390e-09	9.171781e-09	1.897217e+01	1.067782e+03
6.430000e-06	2.261167e-09	9.105294e-09	1.860824e+01	1.060077e+03
6.440000e-06	2.216841e-09	9.040245e-09	1.824346e+01	1.052296e+03
6.450000e-06	2.172414e-09	8.975150e-09	1.787785e+01	1.044439e+03
6.460000e-06	2.127913e-09	8.910041e-09	1.751163e+01	1.036506e+03
6.470000e-06	2.083322e-09	8.845869e-09	1.714466e+01	1.028499e+03
6.480000e-06	2.038649e-09	8.780329e-09	1.677703e+01	1.020417e+03
6.490000e-06	1.993918e-09	8.709549e-09	1.640891e+01	1.012260e+03
6.500000e-06	1.949107e-09	8.632944e-09	1.604015e+01	1.004029e+03
6.510000e-06	1.904196e-09	8.557695e-09	1.567055e+01	9.957211e+02
6.520000e-06	1.859176e-09	8.486738e-09	1.530006e+01	9.873366e+02
6.530000e-06	1.814068e-09	8.416890e-09	1.492884e+01	9.788734e+02
6.540000e-06	1.768919e-09	8.345681e-09	1.455729e+01	9.703296e+02
6.550000e-06	1.723715e-09	8.273178e-09	1.418528e+01	9.617028e+02
6.560000e-06	1.678419e-09	8.199036e-09	1.381252e+01	9.529900e+02
6.570000e-06	1.633031e-09	8.122413e-09	1.343900e+01	9.441880e+02
6.580000e-06	1.587585e-09	8.044384e-09	1.306500e+01	9.352930e+02
6.590000e-06	1.542096e-09	7.964402e-09	1.269065e+01	9.263005e+02
6.600000e-06	1.496523e-09	7.884536e-09	1.231561e+01	9.172060e+02
6.610000e-06	1.450907e-09	7.805098e-09	1.194022e+01	9.080040e+02
6.620000e-06	1.405285e-09	7.725293e-09	1.156477e+01	8.986890e+02
6.630000e-06	1.359609e-09	7.643331e-09	1.118888e+01	8.892547e+02
6.640000e-06	1.313858e-09	7.557347e-09	1.081237e+01	8.796946e+02
6.650000e-06	1.268047e-09	7.470018e-09	1.043537e+01	8.700015e+02
6.660000e-06	1.222146e-09	7.380523e-09	1.005763e+01	8.601679e+02
6.670000e-06	1.176165e-09	7.290074e-09	9.679232e+00	8.501861e+02
6.680000e-06	1.130206e-09	7.198815e-09	9.301009e+00	8.400479e+02
6.690000e-06	1.084223e-09	7.106117e-09	8.922596e+00	8.297445e+02
6.700000e-06	1.038147e-09	7.012989e-09	8.543414e+00	8.192672e+02
6.710000e-06	9.920379e-10	6.919299e-09	8.163961e+00	8.086069e+02
6.720000e-06	9.458767e-10	6.824362e-09	7.784077e+00	7.977541e+02
6.730000e-06	8.996447e-10	6.725256e-09	7.403611e+00	7.866994e+02
6.740000e-06	8.533718e-10	6.624037e-09	7.022810e+00	7.754331e+02
6.750000e-06	8.070219e-10	6.521954e-09	6.641374e+00	7.639453e+02
6.760000e-06	7.606032e-10	6.419092e-09	6.259372e+00	7.522262e+02
6.770000e-06	7.141711e-10	6.314118e-09	5.877259e+00	7.402661e+02
6.780000e-06	6.677297e-10	6.205350e-09	5.495069e+00	7.280551e+02
6.790000e-06	6.212218e-10	6.095652e-09	5.112333e+00	7.155836e+02
6.800000e-06	5.746635e-10	5.985085e-09	4.729181e+00	7.028422e+02
6.810000e-06	5.281024e-10	5.874107e-09	4.346006e+00	6.898215e+02
6.820000e-06	4.815224e-10	5.762139e-09	3.962677e+00	6.765125e+02
6.830000e-06	4.349059e-10	5.647189e-09	3.579046e+00	6.629067e+02
6.840000e-06	3.882411e-10	5.528407e-09	3.195017e+00	6.489957e+02
6.850000e-06	3.415775e-10	5.408844e-09	2.810999e+00	6.347717e+02
6.860000e-06	2.949263e-10	5.287545e-09	2.427084e+00	6.202273e+02
6.870000e-06	2.482564e-10	5.159717e-09	2.043014e+00	6.053559e+02
6.880000e-06	2.015834e-10	5.030351e-09	1.658919e+00	5.901511e+02
6.890000e-06	1.548977e-10	4.900983e-09	1.274718e+00	5.746076e+02
6.900000e-06	1.082124e-10	4.772547e-09	8.905215e-01	5.587205e+02
6.910000e-06	6.154009e-11	4.644280e-09	5.064316e-01	5.424856e+02
6.920000e-06	1.491380e-11	4.511722e-09	1.227208e-01	5.258997e+02
6.930000e-06	-3.169742e-11	4.376565e-09	-2.608663e-01	5.089604e+02
6.940000e-06	-7.832557e-11	4.235211e-09	-6.445931e-01	4.916660e+02
6.950000e-06	-1.249342e-10	4.088691e-09	-1.028159e+00	4.740157e+02
6.960000e-06	-1.715142e-10	3.937633e-09	-1.411490e+00	4.560099e+02
6.970000e-06	-2.180483e-10	3.781832e-09	-1.794443e+00	4.376496e+02
6.980000e-06	-2.645661e-10	3.625692e-09	-2.177261e+00	4.189370e+02
6.990000e-06	-3.110777e-10	3.468120e-09	-2.560028e+00	3.998752e+02
7.000000e-06	-3.575720e-10	3.308535e-09	-2.942653e+00	3.804682e+02
7.010000e-06	-4.040581e-10	3.142819e-09	-3.325209e+00	3.607212e+02
7.020000e-06	-4.505280e-10	2.972021e-09	-3.707633e+00	3.406402e+02
7.030000e-06	-4.969668e-10	2.797338e-09	-4.089800e+00	3.202323e+02
7.040000e-06	-5.433744e-10	2.617377e-09	-4.471712e+00	2.995057e+02
7.050000e-06	-5.897664e-10	2.434994e-09	-4.853493e+00	2.784694e+02
7.060000e-06	-6.361398e-10	2.249704e-09	-5.235124e+00	2.571334e+02
7.070000e-06	-6.824785e-10	2.064233e-09	-5.616467e+00	2.355087e+02
7.080000e-06	-7.287923e-10	1.876443e-09	-5.997607e+00	2.136072e+02
7.090000e-06	-7.750939e-10	1.683543e-09	-6.378646e+00	1.914417e+02
7.100000e-06	-8.213689e-10	1.488950e-09	-6.759467e+00	1.690258e+02
7.110000e-06	-8.675938e-10	1.292973e-09	-7.139874e+00	1.463740e+02
7.120000e-06	-9.137999e-10	1.095402e-09	-7.520126e+00	1.235014e+02
7.130000e-06	-9.599736e-10	8.935071e-10	-7.900111e+00	1.004242e+02
7.140000e-06	-1.006116e-09	6.854263e-10	-8.279840e+00	7.715874e+01
7.150000e-06	-1.052201e-09	4.742131e-10	-8.659094e+00	5.372245e+01
7.160000e-06	-1.098227e-09	2.644457e-10	-9.037866e+00	3.013309e+01
7.170000e-06	-1.144230e-09	5.683956e-11	-9.416452e+00	6.408995e+00
7.180000e-06	-1.190178e-09	-1.506609e-10	-9.794575e+00	-1.743107e+01
7.190000e-06	-1.236062e-09	-3.579675e-10	-1.017218e+01	-4.136794e+01
7.200000e-06	-1.281893e-09	-5.646495e-10	-1.054934e+01	-6.538214e+01
7.210000e-06	-1.327670e-09	-7.706020e-10	-1.092607e+01	-8.945394e+01
7.220000e-06	-1.373365e-09	-9.802822e-10	-1.130212e+01	-1.135634e+02
7.230000e-06	-1.418988e-09	-1.193798e-09	-1.167756e+01	-1.376906e+02
7.240000e-06	-1.464537e-09	-1.405002e-09	-1.205241e+01	-1.618153e+02
7.250000e-06	-1.510007e-09	-1.611421e-09	-1.242661e+01	-1.859175e+02
7.260000e-06	-1.555396e-09	-1.814695e-09	-1.280013e+01	-2.099773e+02
7.270000e-06	-1.600678e-09	-2.019507e-09	-1.317278e+01	-2.339748e+02
7.280000e-06	-1.645878e-09	-2.225636e-09	-1.354476e+01	-2.578904e+02
7.290000e-06	-1.691042e-09	-2.430698e-09	-1.391643e+01	-2.817049e+02
7.300000e-06	-1.736119e-09	-2.634676e-09	-1.428739e+01	-3.053992e+02
7.310000e-06	-1.781090e-09	-2.836932e-09	-1.465748e+01	-3.289548e+02
7.320000e-06	-1.825977e-09	-3.039035e-09	-1.502688e+01	-3.523536e+02
7.330000e-06	-1.870781e-09	-3.237740e-09	-1.539559e+01	-3.755781e+02
7.340000e-06	-1.915513e-09	-3.429973e-09	-1.576371e+01	-3.986113e+02
7.350000e-06	-1.960170e-09	-3.619606e-09	-1.613122e+01	-4.214369e+02
7.360000e-06	-2.004756e-09	-3.807623e-09	-1.649814e+01	-4.440392e+02
7.370000e-06	-2.049238e-09	-3.994655e-09	-1.686420e+01	-4.664033e+02
7.380000e-06	-2.093644e-09	-4.179872e-09	-1.722964e+01	-4.885149e+02
7.390000e-06	-2.137999e-09	-4.364397e-09	-1.759466e+01	-5.103607e+02
7.400000e-06	-2.182277e-09	-4.550604e-09	-1.795905e+01	-5.319282e+02
7.410000e-06	-2.226482e-09	-4.736509e-09	-1.832283e+01	-5.532057e+02
7.420000e-06	-2.270588e-09	-4.917979e-09	-1.868581e+01	-5.741822e+02
7.430000e-06	-2.314627e-09	-5.089374e-09	-1.904822e+01	-5.948480e+02
7.440000e-06	-2.358627e-09	-5.255458e-09	-1.941032e+01	-6.151939e+02
7.450000e-06	-2.402546e-09	-5.421553e-09	-1.977176e+01	-6.352120e+02
7.460000e-06	-2.446388e-09	-5.588056e-09	-2.013256e+01	-6.548950e+02
7.470000e-06	-2.490166e-09	-5.755559e-09	-2.049283e+01	-6.742366e+02
7.480000e-06	-2.533852e-09	-5.921079e-09	-2.085234e+01	-6.932317e+02
7.490000e-06	-2.577445e-09	-6.084167e-09	-2.121109e+01	-7.118758e+02
7.500000e-06	-2.620942e-09	-6.243114e-09	-2.156905e+01	-7.301654e+02
7.510000e-06	-2.664357e-09	-6.396650e-09	-2.192633e+01	-7.480980e+02
7.520000e-06	-2.707676e-09	-6.541550e-09	-2.228283e+01	-7.656718e+02
7.530000e-06	-2.750892e-09	-6.681067e-09	-2.263847e+01	-7.828859e+02
7.540000e-06	-2.794004e-09	-6.822083e-09	-2.299326e+01	-7.997404e+02
7.550000e-06	-2.836994e-09	-6.962828e-09	-2.334705e+01	-8.162360e+02
7.560000e-06	-2.879855e-09	-7.102864e-09	-2.369977e+01	-8.323742e+02
7.570000e-06	-2.922579e-09	-7.239112e-09	-2.405137e+01	-8.481574e+02
7.580000e-06	-2.965164e-09	-7.373443e-09	-2.440182e+01	-8.635883e+02
7.590000e-06	-3.007632e-09	-7.506154e-09	-2.475131e+01	-8.786707e+02
7.600000e-06	-3.049986e-09	-7.632742e-09	-2.509986e+01	-8.934087e+02
7.610000e-06	-3.092178e-09	-7.755636e-09	-2.544708e+01	-9.078072e+02
7.620000e-06	-3.134201e-09	-7.875582e-09	-2.579291e+01	-9.218714e+02
7.630000e-06	-3.176068e-09	-7.994156e-09	-2.613745e+01	-9.356072e+02
7.640000e-06	-3.217778e-09	-8.108830e-09	-2.648070e+01	-9.490208e+02
7.650000e-06	-3.259315e-09	-8.219890e-09	-2.682253e+01	-9.621187e+02
7.660000e-06	-3.300676e-09	-8.330195e-09	-2.716292e+01	-9.749080e+02
7.670000e-06	-3.341908e-09	-8.439009e-09	-2.750224e+01	-9.873959e+02
7.680000e-06	-3.383003e-09	-8.548139e-09	-2.784043e+01	-9.995898e+02
7.690000e-06	-3.423939e-09	-8.654875e-09	-2.817730e+01	-1.011498e+03
7.700000e-06	-3.464733e-09	-8.758159e-09	-2.851301e+01	-1.023127e+03
7.710000e-06	-3.505407e-09	-8.859996e-09	-2.884775e+01	-1.034486e+03
7.720000e-06	-3.545954e-09	-8.959473e-09	-2.918143e+01	-1.045582e+03
7.730000e-06	-3.586374e-09	-9.055362e-09	-2.951406e+01	-1.056424e+03
7.740000e-06	-3.626664e-09	-9.147202e-09	-2.984563e+01	-1.067020e+03
7.750000e-06	-3.666821e-09	-9.239457e-09	-3.017610e+01	-1.077378e+03
7.760000e-06	-3.706859e-09	-9.332965e-09	-3.050560e+01	-1.087505e+03
7.770000e-06	-3.746772e-09	-9.425253e-09	-3.083406e+01	-1.097410e+03
7.780000e-06	-3.786572e-09	-9.515120e-09	-3.116159e+01	-1.107099e+03
7.790000e-06	-3.826249e-09	-9.601427e-09	-3.148812e+01	-1.116582e+03
7.800000e-06	-3.865782e-09	-9.686666e-09	-3.181346e+01	-1.125864e+03
7.810000e-06	-3.905145e-09	-9.768940e-09	-3.213739e+01	-1.134953e+03
7.820000e-06	-3.944336e-09	-9.849216e-09	-3.245991e+01	-1.143855e+03
7.830000e-06	-3.983326e-09	-9.925774e-09	-3.278078e+01	-1.152578e+03
7.840000e-06	-4.022057e-09	-9.997533e-09	-3.309951e+01	-1.161128e+03
7.850000e-06	-4.060530e-09	-1.006854e-08	-3.341613e+01	-1.169510e+03
7.860000e-06	-4.098744e-09	-1.013915e-08	-3.373061e+01	-1.177730e+03
7.870000e-06	-4.136673e-09	-1.021171e-08	-3.404274e+01	-1.185793e+03
7.880000e-06	-4.174281e-09	-1.028248e-08	-3.435223e+01	-1.193705e+03
7.890000e-06	-4.211602e-09	-1.034886e-08	-3.465937e+01	-1.201471e+03
7.900000e-06	-4.248678e-09	-1.041170e-08	-3.496448e+01	-1.209094e+03
7.910000e-06	-4.285482e-09	-1.047231e-08	-3.526736e+01	-1.216579e+03
7.920000e-06	-4.322048e-09	-1.053200e-08	-3.556828e+01	-1.223930e+03
7.930000e-06	-4.358413e-09	-1.059047e-08	-3.586754e+01	-1.231151e+03
7.940000e-06	-4.394603e-09	-1.065055e-08	-3.616537e+01	-1.238244e+03
7.950000e-06	-4.430648e-09	-1.070977e-08	-3.646201e+01	-1.245213e+03
7.960000e-06	-4.466532e-09	-1.076694e-08	-3.675731e+01	-1.252060e+03
7.970000e-06	-4.502243e-09	-1.082188e-08	-3.705120e+01	-1.258788e+03
7.980000e-06	-4.537805e-09	-1.087446e-08	-3.734386e+01	-1.265399e+03
7.990000e-06	-4.573202e-09	-1.092655e-08	-3.763515e+01	-1.271896e+03
8.000000e-06	-4.608423e-09	-1.097718e-08	-3.792500e+01	-1.278279e+03
8.010000e-06	-4.643446e-09	-1.102842e-08	-3.821323e+01	-1.284551e+03
8.020000e-06	-4.678265e-09	-1.107943e-08	-3.849977e+01	-1.290714e+03
8.030000e-06	-4.712878e-09	-1.112795e-08	-3.878462e+01	-1.296768e+03
8.040000e-06	-4.747259e-09	-1.117482e-08	-3.906755e+01	-1.302715e+03
8.050000e-06	-4.781428e-09	-1.122189e-08	-3.934875e+01	-1.308556e+03
8.060000e-06	-4.815383e-09	-1.127121e-08	-3.962818e+01	-1.314292e+03
8.070000e-06	-4.849118e-09	-1.131996e-08	-3.990580e+01	-1.319925e+03
8.080000e-06	-4.882620e-09	-1.136553e-08	-4.018151e+01	-1.325454e+03
8.090000e-06	-4.915875e-09	-1.140878e-08	-4.045518e+01	-1.330882e+03
8.100000e-06	-4.948918e-09	-1.145279e-08	-4.072710e+01	-1.336209e+03
8.110000e-06	-4.981781e-09	-1.149757e-08	-4.099755e+01	-1.341435e+03
8.120000e-06	-5.014447e-09	-1.154052e-08	-4.126638e+01	-1.346562e+03
8.130000e-06	-5.046917e-09	-1.158279e-08	-4.153359e+01	-1.351591e+03
8.140000e-06	-5.079208e-09	-1.162489e-08	-4.179932e+01	-1.356523e+03
8.150000e-06	-5.111321e-09	-1.166738e-08	-4.206360e+01	-1.361358e+03
8.160000e-06	-5.143259e-09	-1.170908e-08	-4.232643e+01	-1.366099e+03
8.170000e-06	-5.174989e-09	-1.174819e-08	-4.258755e+01	-1.370745e+03
8.180000e-06	-5.206477e-09	-1.178512e-08	-4.284669e+01	-1.375299e+03
8.190000e-06	-5.237732e-09	-1.182245e-08	-4.310390e+01	-1.379761e+03
8.200000e-06	-5.268732e-09	-1.186381e-08	-4.335902e+01	-1.384133e+03
8.210000e-06	-5.299390e-09	-1.190708e-08	-4.361131e+01	-1.388417e+03
8.220000e-06	-5.329646e-09	-1.194760e-08	-4.386030e+01	-1.392613e+03
8.230000e-06	-5.359525e-09	-1.198369e-08	-4.410619e+01	-1.396725e+03
8.240000e-06	-5.389034e-09	-1.202028e-08	-4.434903e+01	-1.400752e+03
8.250000e-06	-5.418166e-09	-1.205978e-08	-4.458877e+01	-1.404698e+03
8.260000e-06	-5.446972e-09	-1.209777e-08	-4.482583e+01	-1.408564e+03
8.270000e-06	-5.475486e-09	-1.213274e-08	-4.506049e+01	-1.412352e+03
8.280000e-06	-5.503768e-09	-1.216845e-08	-4.529323e+01	-1.416064e+03
8.290000e-06	-5.531891e-09	-1.220687e-08	-4.552468e+01	-1.419702e+03
8.300000e-06	-5.559839e-09	-1.224421e-08	-4.575467e+01	-1.423268e+03
8.310000e-06	-5.587612e-09	-1.227536e-08	-4.598323e+01	-1.426764e+03
8.320000e-06	-5.615201e-09	-1.230169e-08	-4.621027e+01	-1.430192e+03
8.330000e-06	-5.642574e-09	-1.233097e-08	-4.643554e+01	-1.433555e+03
8.340000e-06	-5.669697e-09	-1.236597e-08	-4.665875e+01	-1.436854e+03
8.350000e-06	-5.696541e-09	-1.240205e-08	-4.687966e+01	-1.440093e+03
8.360000e-06	-5.723121e-09	-1.243506e-08	-4.709840e+01	-1.443272e+03
8.370000e-06	-5.749435e-09	-1.246636e-08	-4.731495e+01	-1.446394e+03
8.380000e-06	-5.775493e-09	-1.249757e-08	-4.752940e+01	-1.449460e+03
8.390000e-06	-5.801300e-09	-1.252930e-08	-4.774177e+01	-1.452474e+03
8.400000e-06	-5.826849e-09	-1.255841e-08	-4.795203e+01	-1.455437e+03
8.410000e-06	-5.852090e-09	-1.258473e-08	-4.815975e+01	-1.458350e+03
8.420000e-06	-5.877050e-09	-1.261422e-08	-4.836516e+01	-1.461216e+03
8.430000e-06	-5.901784e-09	-1.264589e-08	-4.856870e+01	-1.464036e+03
8.440000e-06	-5.926287e-09	-1.267430e-08	-4.877036e+01	-1.466812e+03
8.450000e-06	-5.950594e-09	-1.269828e-08	-4.897039e+01	-1.469545e+03
8.460000e-06	-5.974718e-09	-1.271964e-08	-4.916892e+01	-1.472236e+03
8.470000e-06	-5.998657e-09	-1.274219e-08	-4.936592e+01	-1.474887e+03
8.480000e-06	-6.022430e-09	-1.276712e-08	-4.956156e+01	-1.477499e+03
8.490000e-06	-6.046011e-09	-1.279340e-08	-4.975562e+01	-1.480073e+03
8.500000e-06	-6.069282e-09	-1.281983e-08	-4.994713e+01	-1.482609e+03
8.510000e-06	-6.092216e-09	-1.284548e-08	-5.013587e+01	-1.485109e+03
8.520000e-06	-6.114785e-09	-1.287149e-08	-5.032160e+01	-1.487573e+03
8.530000e-06	-6.136932e-09	-1.289470e-08	-5.050385e+01	-1.490001e+03
8.540000e-06	-6.158612e-09	-1.291368e-08	-5.068227e+01	-1.492394e+03
8.550000e-06	-6.179853e-09	-1.293225e-08	-5.085707e+01	-1.494752e+03
8.560000e-06	-6.200727e-09	-1.295470e-08	-5.102886e+01	-1.497076e+03
8.570000e-06	-6.221255e-09	-1.297950e-08	-5.119779e+01	-1.499364e+03
8.580000e-06	-6.241524e-09	-1.300141e-08	-5.136459e+01	-1.501618e+03
8.590000e-06	-6.261601e-09	-1.301862e-08	-5.152982e+01	-1.503836e+03
8.600000e-06	-6.281505e-09	-1.303260e-08	-5.169361e+01	-1.506019e+03
8.610000e-06	-6.301228e-09	-1.304754e-08	-5.185592e+01	-1.508166e+03
8.620000e-06	-6.320710e-09	-1.306558e-08	-5.201625e+01	-1.510277e+03
8.630000e-06	-6.339914e-09	-1.308410e-08	-5.217429e+01	-1.512351e+03
8.640000e-06	-6.358830e-09	-1.310159e-08	-5.232996e+01	-1.514388e+03
8.650000e-06	-6.377445e-09	-1.311980e-08	-5.248315e+01	-1.516386e+03
8.660000e-06	-6.395774e-09	-1.313882e-08	-5.263399e+01	-1.518347e+03
8.670000e-06	-6.413833e-09	-1.315562e-08	-5.278260e+01	-1.520268e+03
8.680000e-06	-6.431641e-09	-1.316879e-08	-5.292916e+01	-1.522149e+03
8.690000e-06	-6.449166e-09	-1.318177e-08	-5.307339e+01	-1.523990e+03
8.700000e-06	-6.466376e-09	-1.319867e-08	-5.321501e+01	-1.525790e+03
8.710000e-06	-6.483309e-09	-1.321759e-08	-5.335437e+01	-1.527548e+03
8.720000e-06	-6.499955e-09	-1.323419e-08	-5.349135e+01	-1.529264e+03
8.730000e-06	-6.516337e-09	-1.324845e-08	-5.362616e+01	-1.530937e+03
8.740000e-06	-6.532534e-09	-1.326031e-08	-5.375946e+01	-1.532567e+03
8.750000e-06	-6.548556e-09	-1.327053e-08	-5.389131e+01	-1.534153e+03
8.760000e-06	-6.564353e-09	-1.328051e-08	-5.402132e+01	-1.535696e+03
8.770000e-06	-6.579894e-09	-1.329126e-08	-5.414921e+01	-1.537194e+03
8.780000e-06	-6.595095e-09	-1.330303e-08	-5.427430e+01	-1.538648e+03
8.790000e-06	-6.609809e-09	-1.331686e-08	-5.439539e+01	-1.540058e+03
8.800000e-06	-6.624009e-09	-1.333274e-08	-5.451225e+01	-1.541423e+03
8.810000e-06	-6.637701e-09	-1.334630e-08	-5.462493e+01	-1.542744e+03
8.820000e-06	-6.650909e-09	-1.335738e-08	-5.473362e+01	-1.544022e+03
8.830000e-06	-6.663725e-09	-1.336842e-08	-5.483909e+01	-1.545255e+03
8.840000e-06	-6.676231e-09	-1.338051e-08	-5.494201e+01	-1.546445e+03
8.850000e-06	-6.688454e-09	-1.339097e-08	-5.504260e+01	-1.547593e+03
8.860000e-06	-6.700398e-09	-1.339821e-08	-5.514089e+01	-1.548698e+03
8.870000e-06	-6.712044e-09	-1.340640e-08	-5.523673e+01	-1.549762e+03
8.880000e-06	-6.723362e-09	-1.341702e-08	-5.532987e+01	-1.550786e+03
8.890000e-06	-6.734345e-09	-1.342905e-08	-5.542026e+01	-1.551770e+03
8.900000e-06	-6.745006e-09	-1.343972e-08	-5.550800e+01	-1.552715e+03
8.910000e-06	-6.755378e-09	-1.344951e-08	-5.559335e+01	-1.553622e+03
8.920000e-06	-6.765470e-09	-1.345941e-08	-5.567640e+01	-1.554493e+03
8.930000e-06	-6.775287e-09	-1.346690e-08	-5.575720e+01	-1.555328e+03
8.940000e-06	-6.784809e-09	-1.347273e-08	-5.583556e+01	-1.556129e+03
8.950000e-06	-6.794013e-09	-1.347801e-08	-5.591129e+01	-1.556897e+03
8.960000e-06	-6.802901e-09	-1.348554e-08	-5.598444e+01	-1.557633e+03
8.970000e-06	-6.811475e-09	-1.349541e-08	-5.605500e+01	-1.558339e+03
8.980000e-06	-6.819802e-09	-1.350472e-08	-5.612353e+01	-1.559016e+03
8.990000e-06	-6.827932e-09	-1.351272e-08	-5.619044e+01	-1.559664e+03
9.000000e-06	-6.835875e-09	-1.351845e-08	-5.625580e+01	-1.560286e+03
9.010000e-06	-6.843602e-09	-1.352444e-08	-5.631939e+01	-1.560883e+03
9.020000e-06	-6.851021e-09	-1.353180e-08	-5.638045e+01	-1.561455e+03
9.030000e-06	-6.858102e-09	-1.353933e-08	-5.643872e+01	-1.562004e+03
9.040000e-06	-6.864762e-09	-1.354694e-08	-5.649352e+01	-1.562530e+03
9.050000e-06	-6.870892e-09	-1.355262e-08	-5.654398e+01	-1.563036e+03
9.060000e-06	-6.876517e-09	-1.355649e-08	-5.659026e+01	-1.563521e+03
9.070000e-06	-6.881668e-09	-1.355886e-08	-5.663266e+01	-1.563987e+03
9.080000e-06	-6.886399e-09	-1.355964e-08	-5.667159e+01	-1.564434e+03
9.090000e-06	-6.890814e-09	-1.355983e-08	-5.670792e+01	-1.564863e+03
9.100000e-06	-6.895011e-09	-1.356114e-08	-5.674246e+01	-1.565274e+03
9.110000e-06	-6.899049e-09	-1.356448e-08	-5.677569e+01	-1.565668e+03
9.120000e-06	-6.902921e-09	-1.356938e-08	-5.680756e+01	-1.566044e+03
9.130000e-06	-6.906549e-09	-1.357450e-08	-5.683742e+01	-1.566404e+03
9.140000e-06	-6.909870e-09	-1.357762e-08	-5.686474e+01	-1.566747e+03
9.150000e-06	-6.912895e-09	-1.357897e-08	-5.688963e+01	-1.567073e+03
9.160000e-06	-6.915595e-09	-1.357881e-08	-5.691186e+01	-1.567382e+03
9.170000e-06	-6.917994e-09	-1.357637e-08	-5.693160e+01	-1.567673e+03
9.180000e-06	-6.920164e-09	-1.357360e-08	-5.694946e+01	-1.567945e+03
9.190000e-06	-6.922125e-09	-1.357304e-08	-5.696560e+01	-1.568199e+03
9.200000e-06	-6.923818e-09	-1.357492e-08	-5.697953e+01	-1.568434e+03
9.210000e-06	-6.925016e-09	-1.357871e-08	-5.698939e+01	-1.568647e+03
9.220000e-06	-6.925832e-09	-1.358022e-08	-5.699610e+01	-1.568840e+03
9.230000e-06	-6.926462e-09	-1.358140e-08	-5.700129e+01	-1.569010e+03
