# Temperatura_=_20.0
# Concentracion g/m^3_=_18000.0
# C_Vs_to_Am_M_A/Vsm_=_116720831517.84952
# pendiente_HvsI_1/m_=_3716.3
# ordenada_HvsI_A/m_=_1297.0
# frecuencia_Hz_=_108124.15451265649
# Promedio de 25 ciclos

Tiempo_(s)	Campo_(V.s)	Magnetizacion_(V.s)	Campo_(kA/m)	Magnetizacion_(A/m)
0.000000e+00	-7.022794e-09	-7.731521e-09	-5.702477e+01	-8.824149e+02
1.000000e-08	-7.022947e-09	-7.733673e-09	-5.702601e+01	-8.823083e+02
2.000000e-08	-7.022938e-09	-7.736867e-09	-5.702594e+01	-8.821907e+02
3.000000e-08	-7.022741e-09	-7.743476e-09	-5.702434e+01	-8.820635e+02
4.000000e-08	-7.022263e-09	-7.747804e-09	-5.702046e+01	-8.819282e+02
5.000000e-08	-7.021451e-09	-7.748953e-09	-5.701387e+01	-8.817862e+02
6.000000e-08	-7.020241e-09	-7.745237e-09	-5.700404e+01	-8.816388e+02
7.000000e-08	-7.018540e-09	-7.733527e-09	-5.699023e+01	-8.814874e+02
8.000000e-08	-7.016282e-09	-7.729745e-09	-5.697189e+01	-8.813332e+02
9.000000e-08	-7.013476e-09	-7.742916e-09	-5.694911e+01	-8.811775e+02
1.000000e-07	-7.010196e-09	-7.787682e-09	-5.692247e+01	-8.810212e+02
1.100000e-07	-7.006549e-09	-7.791099e-09	-5.689286e+01	-8.808655e+02
1.200000e-07	-7.002657e-09	-7.749599e-09	-5.686126e+01	-8.807113e+02
1.300000e-07	-6.998603e-09	-7.706987e-09	-5.682834e+01	-8.805594e+02
1.400000e-07	-6.994373e-09	-7.698476e-09	-5.679399e+01	-8.804104e+02
1.500000e-07	-6.989889e-09	-7.741813e-09	-5.675758e+01	-8.802650e+02
1.600000e-07	-6.985084e-09	-7.690532e-09	-5.671856e+01	-8.801237e+02
1.700000e-07	-6.979945e-09	-7.661860e-09	-5.667684e+01	-8.799869e+02
1.800000e-07	-6.974462e-09	-7.653830e-09	-5.663232e+01	-8.798548e+02
1.900000e-07	-6.968652e-09	-7.526452e-09	-5.658514e+01	-8.797275e+02
2.000000e-07	-6.962561e-09	-7.511672e-09	-5.653567e+01	-8.796051e+02
2.100000e-07	-6.956121e-09	-7.534844e-09	-5.648338e+01	-8.794874e+02
2.200000e-07	-6.949303e-09	-7.465764e-09	-5.642802e+01	-8.793742e+02
2.300000e-07	-6.942158e-09	-7.444754e-09	-5.637001e+01	-8.792651e+02
2.400000e-07	-6.934692e-09	-7.503282e-09	-5.630938e+01	-8.791597e+02
2.500000e-07	-6.926955e-09	-7.481000e-09	-5.624656e+01	-8.790575e+02
2.600000e-07	-6.919037e-09	-7.468611e-09	-5.618226e+01	-8.789577e+02
2.700000e-07	-6.910951e-09	-7.548893e-09	-5.611660e+01	-8.788595e+02
2.800000e-07	-6.902637e-09	-7.481020e-09	-5.604910e+01	-8.787622e+02
2.900000e-07	-6.894045e-09	-7.463682e-09	-5.597933e+01	-8.786646e+02
3.000000e-07	-6.885120e-09	-7.491866e-09	-5.590686e+01	-8.785659e+02
3.100000e-07	-6.875762e-09	-7.440151e-09	-5.583087e+01	-8.784649e+02
3.200000e-07	-6.865881e-09	-7.453285e-09	-5.575064e+01	-8.783605e+02
3.300000e-07	-6.855466e-09	-7.476867e-09	-5.566607e+01	-8.782514e+02
3.400000e-07	-6.844620e-09	-7.450286e-09	-5.557800e+01	-8.781363e+02
3.500000e-07	-6.833392e-09	-7.432124e-09	-5.548682e+01	-8.780141e+02
3.600000e-07	-6.821802e-09	-7.455901e-09	-5.539271e+01	-8.778833e+02
3.700000e-07	-6.809925e-09	-7.408419e-09	-5.529628e+01	-8.777427e+02
3.800000e-07	-6.797777e-09	-7.407336e-09	-5.519763e+01	-8.775910e+02
3.900000e-07	-6.785316e-09	-7.434194e-09	-5.509645e+01	-8.774267e+02
4.000000e-07	-6.772492e-09	-7.411762e-09	-5.499232e+01	-8.772486e+02
4.100000e-07	-6.759277e-09	-7.430337e-09	-5.488502e+01	-8.770555e+02
4.200000e-07	-6.745721e-09	-7.424394e-09	-5.477494e+01	-8.768460e+02
4.300000e-07	-6.731862e-09	-7.414455e-09	-5.466241e+01	-8.766191e+02
4.400000e-07	-6.717642e-09	-7.398688e-09	-5.454694e+01	-8.763735e+02
4.500000e-07	-6.703005e-09	-7.405944e-09	-5.442809e+01	-8.761082e+02
4.600000e-07	-6.687884e-09	-7.401599e-09	-5.430531e+01	-8.758221e+02
4.700000e-07	-6.672252e-09	-7.395445e-09	-5.417837e+01	-8.755143e+02
4.800000e-07	-6.656143e-09	-7.413612e-09	-5.404757e+01	-8.751840e+02
4.900000e-07	-6.639612e-09	-7.395918e-09	-5.391334e+01	-8.748303e+02
5.000000e-07	-6.622714e-09	-7.387816e-09	-5.377613e+01	-8.744527e+02
5.100000e-07	-6.605517e-09	-7.366161e-09	-5.363649e+01	-8.740504e+02
5.200000e-07	-6.588082e-09	-7.352890e-09	-5.349491e+01	-8.736231e+02
5.300000e-07	-6.570417e-09	-7.350876e-09	-5.335147e+01	-8.731704e+02
5.400000e-07	-6.552502e-09	-7.356715e-09	-5.320601e+01	-8.726918e+02
5.500000e-07	-6.534322e-09	-7.363096e-09	-5.305839e+01	-8.721874e+02
5.600000e-07	-6.515864e-09	-7.359791e-09	-5.290851e+01	-8.716570e+02
5.700000e-07	-6.497102e-09	-7.361655e-09	-5.275616e+01	-8.711005e+02
5.800000e-07	-6.478002e-09	-7.340051e-09	-5.260107e+01	-8.705182e+02
5.900000e-07	-6.458597e-09	-7.329603e-09	-5.244350e+01	-8.699103e+02
6.000000e-07	-6.438961e-09	-7.312397e-09	-5.228406e+01	-8.692770e+02
6.100000e-07	-6.419141e-09	-7.304870e-09	-5.212312e+01	-8.686187e+02
6.200000e-07	-6.399174e-09	-7.309735e-09	-5.196099e+01	-8.679360e+02
6.300000e-07	-6.379055e-09	-7.314114e-09	-5.179762e+01	-8.672294e+02
6.400000e-07	-6.358754e-09	-7.324290e-09	-5.163277e+01	-8.664995e+02
6.500000e-07	-6.338235e-09	-7.314171e-09	-5.146616e+01	-8.657471e+02
6.600000e-07	-6.317458e-09	-7.309175e-09	-5.129745e+01	-8.649728e+02
6.700000e-07	-6.296380e-09	-7.290118e-09	-5.112630e+01	-8.641775e+02
6.800000e-07	-6.275009e-09	-7.279127e-09	-5.095277e+01	-8.633621e+02
6.900000e-07	-6.253377e-09	-7.271735e-09	-5.077712e+01	-8.625274e+02
7.000000e-07	-6.231485e-09	-7.264383e-09	-5.059936e+01	-8.616743e+02
7.100000e-07	-6.209320e-09	-7.269204e-09	-5.041938e+01	-8.608038e+02
7.200000e-07	-6.186883e-09	-7.263884e-09	-5.023719e+01	-8.599167e+02
7.300000e-07	-6.164168e-09	-7.265533e-09	-5.005275e+01	-8.590142e+02
7.400000e-07	-6.141136e-09	-7.253620e-09	-4.986573e+01	-8.580969e+02
7.500000e-07	-6.117810e-09	-7.244828e-09	-4.967632e+01	-8.571660e+02
7.600000e-07	-6.094247e-09	-7.233178e-09	-4.948499e+01	-8.562222e+02
7.700000e-07	-6.070463e-09	-7.221790e-09	-4.929186e+01	-8.552664e+02
7.800000e-07	-6.046481e-09	-7.216465e-09	-4.909713e+01	-8.542995e+02
7.900000e-07	-6.022295e-09	-7.203267e-09	-4.890074e+01	-8.533221e+02
8.000000e-07	-5.997833e-09	-7.199389e-09	-4.870211e+01	-8.523351e+02
8.100000e-07	-5.973037e-09	-7.191670e-09	-4.850076e+01	-8.513390e+02
8.200000e-07	-5.947875e-09	-7.188490e-09	-4.829645e+01	-8.503345e+02
8.300000e-07	-5.922311e-09	-7.180025e-09	-4.808888e+01	-8.493221e+02
8.400000e-07	-5.896284e-09	-7.173822e-09	-4.787754e+01	-8.483022e+02
8.500000e-07	-5.869808e-09	-7.169983e-09	-4.766255e+01	-8.472752e+02
8.600000e-07	-5.842924e-09	-7.161992e-09	-4.744426e+01	-8.462413e+02
8.700000e-07	-5.815670e-09	-7.157502e-09	-4.722296e+01	-8.452009e+02
8.800000e-07	-5.788158e-09	-7.146741e-09	-4.699957e+01	-8.441539e+02
8.900000e-07	-5.760450e-09	-7.141398e-09	-4.677457e+01	-8.431005e+02
9.000000e-07	-5.732543e-09	-7.131993e-09	-4.654797e+01	-8.420406e+02
9.100000e-07	-5.704448e-09	-7.125533e-09	-4.631984e+01	-8.409740e+02
9.200000e-07	-5.676165e-09	-7.118632e-09	-4.609019e+01	-8.399006e+02
9.300000e-07	-5.647669e-09	-7.108876e-09	-4.585879e+01	-8.388200e+02
9.400000e-07	-5.618964e-09	-7.100251e-09	-4.562572e+01	-8.377319e+02
9.500000e-07	-5.590043e-09	-7.088959e-09	-4.539087e+01	-8.366358e+02
9.600000e-07	-5.560866e-09	-7.082944e-09	-4.515396e+01	-8.355313e+02
9.700000e-07	-5.531458e-09	-7.071979e-09	-4.491517e+01	-8.344177e+02
9.800000e-07	-5.501827e-09	-7.062787e-09	-4.467457e+01	-8.332945e+02
9.900000e-07	-5.471975e-09	-7.051315e-09	-4.443216e+01	-8.321610e+02
1.000000e-06	-5.441909e-09	-7.040257e-09	-4.418803e+01	-8.310163e+02
1.010000e-06	-5.411631e-09	-7.032510e-09	-4.394217e+01	-8.298599e+02
1.020000e-06	-5.381142e-09	-7.024692e-09	-4.369460e+01	-8.286908e+02
1.030000e-06	-5.350451e-09	-7.019555e-09	-4.344540e+01	-8.275082e+02
1.040000e-06	-5.319550e-09	-7.009489e-09	-4.319448e+01	-8.263114e+02
1.050000e-06	-5.288411e-09	-6.999216e-09	-4.294163e+01	-8.250994e+02
1.060000e-06	-5.257024e-09	-6.985324e-09	-4.268677e+01	-8.238715e+02
1.070000e-06	-5.225424e-09	-6.972138e-09	-4.243018e+01	-8.226267e+02
1.080000e-06	-5.193655e-09	-6.959829e-09	-4.217221e+01	-8.213642e+02
1.090000e-06	-5.161709e-09	-6.947937e-09	-4.191282e+01	-8.200833e+02
1.100000e-06	-5.129557e-09	-6.938586e-09	-4.165174e+01	-8.187831e+02
1.110000e-06	-5.097171e-09	-6.926408e-09	-4.138877e+01	-8.174629e+02
1.120000e-06	-5.064523e-09	-6.916250e-09	-4.112367e+01	-8.161220e+02
1.130000e-06	-5.031576e-09	-6.905207e-09	-4.085614e+01	-8.147597e+02
1.140000e-06	-4.998295e-09	-6.895369e-09	-4.058590e+01	-8.133754e+02
1.150000e-06	-4.964673e-09	-6.883995e-09	-4.031290e+01	-8.119685e+02
1.160000e-06	-4.930698e-09	-6.870999e-09	-4.003702e+01	-8.105385e+02
1.170000e-06	-4.896351e-09	-6.857808e-09	-3.975812e+01	-8.090849e+02
1.180000e-06	-4.861680e-09	-6.842384e-09	-3.947659e+01	-8.076075e+02
1.190000e-06	-4.826707e-09	-6.828320e-09	-3.919262e+01	-8.061058e+02
1.200000e-06	-4.791471e-09	-6.814011e-09	-3.890650e+01	-8.045796e+02
1.210000e-06	-4.755998e-09	-6.801553e-09	-3.861847e+01	-8.030288e+02
1.220000e-06	-4.720294e-09	-6.788801e-09	-3.832855e+01	-8.014531e+02
1.230000e-06	-4.684399e-09	-6.776385e-09	-3.803709e+01	-7.998527e+02
1.240000e-06	-4.648348e-09	-6.763127e-09	-3.774435e+01	-7.982274e+02
1.250000e-06	-4.612143e-09	-6.748851e-09	-3.745036e+01	-7.965775e+02
1.260000e-06	-4.575778e-09	-6.735423e-09	-3.715508e+01	-7.949029e+02
1.270000e-06	-4.539295e-09	-6.720281e-09	-3.685884e+01	-7.932040e+02
1.280000e-06	-4.502665e-09	-6.705742e-09	-3.656141e+01	-7.914809e+02
1.290000e-06	-4.465856e-09	-6.692114e-09	-3.626253e+01	-7.897340e+02
1.300000e-06	-4.428867e-09	-6.679555e-09	-3.596217e+01	-7.879636e+02
1.310000e-06	-4.391685e-09	-6.666684e-09	-3.566026e+01	-7.861701e+02
1.320000e-06	-4.354329e-09	-6.654973e-09	-3.535693e+01	-7.843538e+02
1.330000e-06	-4.316795e-09	-6.643624e-09	-3.505216e+01	-7.825153e+02
1.340000e-06	-4.279043e-09	-6.629751e-09	-3.474561e+01	-7.806549e+02
1.350000e-06	-4.241075e-09	-6.615677e-09	-3.443731e+01	-7.787730e+02
1.360000e-06	-4.202936e-09	-6.600216e-09	-3.412762e+01	-7.768702e+02
1.370000e-06	-4.164611e-09	-6.583565e-09	-3.381642e+01	-7.749468e+02
1.380000e-06	-4.126099e-09	-6.565968e-09	-3.350371e+01	-7.730033e+02
1.390000e-06	-4.087411e-09	-6.549603e-09	-3.318956e+01	-7.710400e+02
1.400000e-06	-4.048556e-09	-6.535307e-09	-3.287406e+01	-7.690574e+02
1.410000e-06	-4.009542e-09	-6.521716e-09	-3.255727e+01	-7.670556e+02
1.420000e-06	-3.970371e-09	-6.507973e-09	-3.223921e+01	-7.650351e+02
1.430000e-06	-3.931036e-09	-6.492911e-09	-3.191981e+01	-7.629959e+02
1.440000e-06	-3.891509e-09	-6.474732e-09	-3.159885e+01	-7.609383e+02
1.450000e-06	-3.851813e-09	-6.456065e-09	-3.127651e+01	-7.588622e+02
1.460000e-06	-3.811990e-09	-6.439884e-09	-3.095316e+01	-7.567678e+02
1.470000e-06	-3.772030e-09	-6.422920e-09	-3.062868e+01	-7.546549e+02
1.480000e-06	-3.731914e-09	-6.406070e-09	-3.030294e+01	-7.525234e+02
1.490000e-06	-3.691641e-09	-6.388341e-09	-2.997593e+01	-7.503730e+02
1.500000e-06	-3.651202e-09	-6.370756e-09	-2.964756e+01	-7.482033e+02
1.510000e-06	-3.610577e-09	-6.354352e-09	-2.931769e+01	-7.460139e+02
1.520000e-06	-3.569765e-09	-6.336686e-09	-2.898630e+01	-7.438044e+02
1.530000e-06	-3.528776e-09	-6.317627e-09	-2.865346e+01	-7.415739e+02
1.540000e-06	-3.487555e-09	-6.296808e-09	-2.831875e+01	-7.393219e+02
1.550000e-06	-3.446129e-09	-6.276510e-09	-2.798238e+01	-7.370474e+02
1.560000e-06	-3.404523e-09	-6.256353e-09	-2.764455e+01	-7.347495e+02
1.570000e-06	-3.362683e-09	-6.235485e-09	-2.730481e+01	-7.324272e+02
1.580000e-06	-3.320595e-09	-6.213561e-09	-2.696305e+01	-7.300794e+02
1.590000e-06	-3.278278e-09	-6.190817e-09	-2.661945e+01	-7.277048e+02
1.600000e-06	-3.235776e-09	-6.171254e-09	-2.627433e+01	-7.253023e+02
1.610000e-06	-3.193102e-09	-6.152957e-09	-2.592782e+01	-7.228703e+02
1.620000e-06	-3.150266e-09	-6.134406e-09	-2.558000e+01	-7.204076e+02
1.630000e-06	-3.107258e-09	-6.115014e-09	-2.523078e+01	-7.179125e+02
1.640000e-06	-3.064062e-09	-6.096005e-09	-2.488003e+01	-7.153836e+02
1.650000e-06	-3.020744e-09	-6.076951e-09	-2.452829e+01	-7.128191e+02
1.660000e-06	-2.977289e-09	-6.055696e-09	-2.417543e+01	-7.102176e+02
1.670000e-06	-2.933686e-09	-6.031586e-09	-2.382138e+01	-7.075773e+02
1.680000e-06	-2.889996e-09	-6.004128e-09	-2.346661e+01	-7.048966e+02
1.690000e-06	-2.846186e-09	-5.975679e-09	-2.311088e+01	-7.021737e+02
1.700000e-06	-2.802251e-09	-5.950473e-09	-2.275413e+01	-6.994069e+02
1.710000e-06	-2.758225e-09	-5.928497e-09	-2.239664e+01	-6.965946e+02
1.720000e-06	-2.714112e-09	-5.903445e-09	-2.203844e+01	-6.937351e+02
1.730000e-06	-2.669902e-09	-5.875098e-09	-2.167946e+01	-6.908267e+02
1.740000e-06	-2.625595e-09	-5.845307e-09	-2.131968e+01	-6.878678e+02
1.750000e-06	-2.581178e-09	-5.817212e-09	-2.095902e+01	-6.848569e+02
1.760000e-06	-2.536659e-09	-5.789912e-09	-2.059753e+01	-6.817926e+02
1.770000e-06	-2.492046e-09	-5.763175e-09	-2.023527e+01	-6.786733e+02
1.780000e-06	-2.447348e-09	-5.737135e-09	-1.987233e+01	-6.754977e+02
1.790000e-06	-2.402566e-09	-5.712936e-09	-1.950870e+01	-6.722645e+02
1.800000e-06	-2.357670e-09	-5.689741e-09	-1.914415e+01	-6.689726e+02
1.810000e-06	-2.312675e-09	-5.664616e-09	-1.877879e+01	-6.656210e+02
1.820000e-06	-2.267597e-09	-5.635272e-09	-1.841276e+01	-6.622085e+02
1.830000e-06	-2.222419e-09	-5.603774e-09	-1.804592e+01	-6.587343e+02
1.840000e-06	-2.177118e-09	-5.573953e-09	-1.767807e+01	-6.551978e+02
1.850000e-06	-2.131711e-09	-5.543049e-09	-1.730937e+01	-6.515981e+02
1.860000e-06	-2.086185e-09	-5.508913e-09	-1.693970e+01	-6.479348e+02
1.870000e-06	-2.040528e-09	-5.473471e-09	-1.656897e+01	-6.442075e+02
1.880000e-06	-1.994783e-09	-5.438988e-09	-1.619752e+01	-6.404158e+02
1.890000e-06	-1.948929e-09	-5.405562e-09	-1.582519e+01	-6.365597e+02
1.900000e-06	-1.902981e-09	-5.371588e-09	-1.545209e+01	-6.326388e+02
1.910000e-06	-1.856964e-09	-5.336666e-09	-1.507843e+01	-6.286534e+02
1.920000e-06	-1.810862e-09	-5.302191e-09	-1.470409e+01	-6.246035e+02
1.930000e-06	-1.764660e-09	-5.269040e-09	-1.432893e+01	-6.204894e+02
1.940000e-06	-1.718377e-09	-5.236759e-09	-1.395312e+01	-6.163113e+02
1.950000e-06	-1.672026e-09	-5.202690e-09	-1.357675e+01	-6.120697e+02
1.960000e-06	-1.625619e-09	-5.167223e-09	-1.319992e+01	-6.077649e+02
1.970000e-06	-1.579181e-09	-5.130443e-09	-1.282285e+01	-6.033976e+02
1.980000e-06	-1.532675e-09	-5.093466e-09	-1.244523e+01	-5.989683e+02
1.990000e-06	-1.486084e-09	-5.054701e-09	-1.206690e+01	-5.944777e+02
2.000000e-06	-1.439446e-09	-5.015081e-09	-1.168821e+01	-5.899262e+02
2.010000e-06	-1.392776e-09	-4.978278e-09	-1.130925e+01	-5.853148e+02
2.020000e-06	-1.346064e-09	-4.941601e-09	-1.092995e+01	-5.806439e+02
2.030000e-06	-1.299306e-09	-4.906318e-09	-1.055028e+01	-5.759142e+02
2.040000e-06	-1.252493e-09	-4.867450e-09	-1.017015e+01	-5.711264e+02
2.050000e-06	-1.205639e-09	-4.821941e-09	-9.789708e+00	-5.662810e+02
2.060000e-06	-1.158753e-09	-4.775698e-09	-9.408990e+00	-5.613785e+02
2.070000e-06	-1.111826e-09	-4.729498e-09	-9.027953e+00	-5.564195e+02
2.080000e-06	-1.064850e-09	-4.685609e-09	-8.646505e+00	-5.514043e+02
2.090000e-06	-1.017832e-09	-4.642581e-09	-8.264723e+00	-5.463331e+02
2.100000e-06	-9.707777e-10	-4.604217e-09	-7.882643e+00	-5.412062e+02
2.110000e-06	-9.236638e-10	-4.567986e-09	-7.500081e+00	-5.360236e+02
2.120000e-06	-8.765102e-10	-4.527351e-09	-7.117196e+00	-5.307852e+02
2.130000e-06	-8.293114e-10	-4.482196e-09	-6.733944e+00	-5.254907e+02
2.140000e-06	-7.820506e-10	-4.431369e-09	-6.350189e+00	-5.201399e+02
2.150000e-06	-7.347599e-10	-4.380063e-09	-5.966191e+00	-5.147320e+02
2.160000e-06	-6.874553e-10	-4.329273e-09	-5.582079e+00	-5.092664e+02
2.170000e-06	-6.401103e-10	-4.280910e-09	-5.197641e+00	-5.037422e+02
2.180000e-06	-5.927009e-10	-4.233346e-09	-4.812679e+00	-4.981583e+02
2.190000e-06	-5.452618e-10	-4.185435e-09	-4.427475e+00	-4.925134e+02
2.200000e-06	-4.978197e-10	-4.140669e-09	-4.042246e+00	-4.868060e+02
2.210000e-06	-4.503466e-10	-4.095787e-09	-3.656767e+00	-4.810343e+02
2.220000e-06	-4.028331e-10	-4.049896e-09	-3.270959e+00	-4.751966e+02
2.230000e-06	-3.553045e-10	-3.995208e-09	-2.885029e+00	-4.692907e+02
2.240000e-06	-3.077689e-10	-3.940398e-09	-2.499041e+00	-4.633144e+02
2.250000e-06	-2.602198e-10	-3.887854e-09	-2.112945e+00	-4.572652e+02
2.260000e-06	-2.126732e-10	-3.836862e-09	-1.726868e+00	-4.511403e+02
2.270000e-06	-1.651271e-10	-3.786614e-09	-1.340795e+00	-4.449371e+02
2.280000e-06	-1.175816e-10	-3.729566e-09	-9.547277e-01	-4.386525e+02
2.290000e-06	-7.004551e-11	-3.675987e-09	-5.687358e-01	-4.322834e+02
2.300000e-06	-2.253287e-11	-3.619208e-09	-1.829347e-01	-4.258264e+02
2.310000e-06	2.498543e-11	-3.560910e-09	2.029125e-01	-4.192782e+02
2.320000e-06	7.250561e-11	-3.500767e-09	5.887748e-01	-4.126351e+02
2.330000e-06	1.199908e-10	-3.440638e-09	9.743528e-01	-4.058937e+02
2.340000e-06	1.674543e-10	-3.386445e-09	1.359755e+00	-3.990501e+02
2.350000e-06	2.148972e-10	-3.328608e-09	1.744989e+00	-3.921007e+02
2.360000e-06	2.623229e-10	-3.267715e-09	2.130084e+00	-3.850415e+02
2.370000e-06	3.097391e-10	-3.199750e-09	2.515101e+00	-3.778688e+02
2.380000e-06	3.571341e-10	-3.131571e-09	2.899947e+00	-3.705788e+02
2.390000e-06	4.044919e-10	-3.066323e-09	3.284490e+00	-3.631677e+02
2.400000e-06	4.518048e-10	-3.003154e-09	3.668668e+00	-3.556318e+02
2.410000e-06	4.991131e-10	-2.944583e-09	4.052809e+00	-3.479673e+02
2.420000e-06	5.464323e-10	-2.883374e-09	4.437039e+00	-3.401709e+02
2.430000e-06	5.937281e-10	-2.820247e-09	4.821078e+00	-3.322390e+02
2.440000e-06	6.410046e-10	-2.750915e-09	5.204961e+00	-3.241685e+02
2.450000e-06	6.882619e-10	-2.677587e-09	5.588689e+00	-3.159562e+02
2.460000e-06	7.354930e-10	-2.599614e-09	5.972203e+00	-3.075993e+02
2.470000e-06	7.827197e-10	-2.522219e-09	6.355682e+00	-2.990951e+02
2.480000e-06	8.299296e-10	-2.451084e-09	6.739025e+00	-2.904412e+02
2.490000e-06	8.770929e-10	-2.379388e-09	7.121989e+00	-2.816356e+02
2.500000e-06	9.242193e-10	-2.309567e-09	7.504654e+00	-2.726764e+02
2.510000e-06	9.713198e-10	-2.234916e-09	7.887107e+00	-2.635621e+02
2.520000e-06	1.018397e-09	-2.158821e-09	8.269372e+00	-2.542916e+02
2.530000e-06	1.065434e-09	-2.078633e-09	8.651313e+00	-2.448640e+02
2.540000e-06	1.112450e-09	-1.993831e-09	9.033076e+00	-2.352790e+02
2.550000e-06	1.159434e-09	-1.908153e-09	9.414588e+00	-2.255366e+02
2.560000e-06	1.206372e-09	-1.819442e-09	9.795716e+00	-2.156370e+02
2.570000e-06	1.253281e-09	-1.735664e-09	1.017661e+01	-2.055811e+02
2.580000e-06	1.300133e-09	-1.653366e-09	1.055706e+01	-1.953701e+02
2.590000e-06	1.346894e-09	-1.572990e-09	1.093675e+01	-1.850057e+02
2.600000e-06	1.393585e-09	-1.488627e-09	1.131588e+01	-1.744899e+02
2.610000e-06	1.440234e-09	-1.396736e-09	1.169466e+01	-1.638253e+02
2.620000e-06	1.486800e-09	-1.300067e-09	1.207278e+01	-1.530149e+02
2.630000e-06	1.533280e-09	-1.198813e-09	1.245020e+01	-1.420621e+02
2.640000e-06	1.579698e-09	-1.099058e-09	1.282711e+01	-1.309708e+02
2.650000e-06	1.626057e-09	-1.000909e-09	1.320354e+01	-1.197453e+02
2.660000e-06	1.672332e-09	-9.081881e-10	1.357929e+01	-1.083903e+02
2.670000e-06	1.718491e-09	-8.176971e-10	1.395410e+01	-9.691104e+01
2.680000e-06	1.764561e-09	-7.232800e-10	1.432819e+01	-8.531303e+01
2.690000e-06	1.810540e-09	-6.218792e-10	1.470153e+01	-7.360227e+01
2.700000e-06	1.856399e-09	-5.147334e-10	1.507391e+01	-6.178511e+01
2.710000e-06	1.902138e-09	-4.092872e-10	1.544531e+01	-4.986826e+01
2.720000e-06	1.947780e-09	-3.039895e-10	1.581592e+01	-3.785878e+01
2.730000e-06	1.993345e-09	-2.001642e-10	1.618590e+01	-2.576404e+01
2.740000e-06	2.038822e-09	-9.751834e-11	1.655517e+01	-1.359172e+01
2.750000e-06	2.084208e-09	2.490649e-12	1.692370e+01	-1.349752e+00
2.760000e-06	2.129502e-09	1.022138e-10	1.729149e+01	1.095366e+01
2.770000e-06	2.174694e-09	2.072654e-10	1.765845e+01	2.331011e+01
2.780000e-06	2.219783e-09	3.155301e-10	1.802456e+01	3.571099e+01
2.790000e-06	2.264789e-09	4.272634e-10	1.839002e+01	4.814756e+01
2.800000e-06	2.309726e-09	5.382488e-10	1.875491e+01	6.061092e+01
2.810000e-06	2.354584e-09	6.470730e-10	1.911914e+01	7.309208e+01
2.820000e-06	2.399350e-09	7.544858e-10	1.948265e+01	8.558200e+01
2.830000e-06	2.444046e-09	8.608257e-10	1.984558e+01	9.807160e+01
2.840000e-06	2.488662e-09	9.668733e-10	2.020786e+01	1.105518e+02
2.850000e-06	2.533186e-09	1.071289e-09	2.056939e+01	1.230135e+02
2.860000e-06	2.577629e-09	1.175933e-09	2.093026e+01	1.354478e+02
2.870000e-06	2.622001e-09	1.282367e-09	2.129057e+01	1.478457e+02
2.880000e-06	2.666306e-09	1.389933e-09	2.165032e+01	1.601986e+02
2.890000e-06	2.710520e-09	1.495969e-09	2.200933e+01	1.724977e+02
2.900000e-06	2.754641e-09	1.600506e-09	2.236760e+01	1.847347e+02
2.910000e-06	2.798674e-09	1.705410e-09	2.272515e+01	1.969014e+02
2.920000e-06	2.842601e-09	1.810454e-09	2.308183e+01	2.089897e+02
2.930000e-06	2.886401e-09	1.913365e-09	2.343748e+01	2.209921e+02
2.940000e-06	2.930067e-09	2.014038e-09	2.379205e+01	2.329011e+02
2.950000e-06	2.973618e-09	2.112224e-09	2.414568e+01	2.447097e+02
2.960000e-06	3.017028e-09	2.206787e-09	2.449817e+01	2.564110e+02
2.970000e-06	3.060276e-09	2.301153e-09	2.484934e+01	2.679987e+02
2.980000e-06	3.103363e-09	2.398406e-09	2.519921e+01	2.794668e+02
2.990000e-06	3.146263e-09	2.497455e-09	2.554756e+01	2.908097e+02
3.000000e-06	3.188952e-09	2.596176e-09	2.589419e+01	3.020221e+02
3.010000e-06	3.231383e-09	2.691873e-09	2.623872e+01	3.130993e+02
3.020000e-06	3.273564e-09	2.783176e-09	2.658123e+01	3.240368e+02
3.030000e-06	3.315527e-09	2.871690e-09	2.692196e+01	3.348308e+02
3.040000e-06	3.357270e-09	2.958206e-09	2.726091e+01	3.454776e+02
3.050000e-06	3.398781e-09	3.042960e-09	2.759797e+01	3.559742e+02
3.060000e-06	3.440066e-09	3.127118e-09	2.793320e+01	3.663179e+02
3.070000e-06	3.481132e-09	3.211119e-09	2.826666e+01	3.765066e+02
3.080000e-06	3.521994e-09	3.296784e-09	2.859846e+01	3.865384e+02
3.090000e-06	3.562692e-09	3.384510e-09	2.892892e+01	3.964120e+02
3.100000e-06	3.603241e-09	3.471294e-09	2.925818e+01	4.061264e+02
3.110000e-06	3.643642e-09	3.553839e-09	2.958623e+01	4.156810e+02
3.120000e-06	3.683882e-09	3.631744e-09	2.991298e+01	4.250758e+02
3.130000e-06	3.723984e-09	3.708325e-09	3.023861e+01	4.343109e+02
3.140000e-06	3.763966e-09	3.783872e-09	3.056326e+01	4.433869e+02
3.150000e-06	3.803811e-09	3.858535e-09	3.088680e+01	4.523047e+02
3.160000e-06	3.843519e-09	3.930446e-09	3.120923e+01	4.610656e+02
3.170000e-06	3.883087e-09	4.001078e-09	3.153052e+01	4.696711e+02
3.180000e-06	3.922512e-09	4.072676e-09	3.185065e+01	4.781231e+02
3.190000e-06	3.961814e-09	4.144374e-09	3.216978e+01	4.864237e+02
3.200000e-06	4.000940e-09	4.216067e-09	3.248748e+01	4.945751e+02
3.210000e-06	4.039880e-09	4.286712e-09	3.280367e+01	5.025799e+02
3.220000e-06	4.078657e-09	4.356106e-09	3.311854e+01	5.104410e+02
3.230000e-06	4.117269e-09	4.422012e-09	3.343207e+01	5.181611e+02
3.240000e-06	4.155729e-09	4.485623e-09	3.374436e+01	5.257433e+02
3.250000e-06	4.193992e-09	4.548368e-09	3.405506e+01	5.331908e+02
3.260000e-06	4.232051e-09	4.610687e-09	3.436409e+01	5.405069e+02
3.270000e-06	4.269905e-09	4.675004e-09	3.467146e+01	5.476948e+02
3.280000e-06	4.307560e-09	4.738474e-09	3.497722e+01	5.547579e+02
3.290000e-06	4.345006e-09	4.799847e-09	3.528128e+01	5.616997e+02
3.300000e-06	4.382224e-09	4.859865e-09	3.558349e+01	5.685235e+02
3.310000e-06	4.419254e-09	4.917296e-09	3.588417e+01	5.752326e+02
3.320000e-06	4.456091e-09	4.973256e-09	3.618328e+01	5.818304e+02
3.330000e-06	4.492748e-09	5.028376e-09	3.648094e+01	5.883202e+02
3.340000e-06	4.529254e-09	5.081887e-09	3.677737e+01	5.947051e+02
3.350000e-06	4.565585e-09	5.133958e-09	3.707238e+01	6.009882e+02
3.360000e-06	4.601758e-09	5.187386e-09	3.736610e+01	6.071724e+02
3.370000e-06	4.637791e-09	5.240692e-09	3.765868e+01	6.132606e+02
3.380000e-06	4.673680e-09	5.289995e-09	3.795010e+01	6.192554e+02
3.390000e-06	4.709410e-09	5.337850e-09	3.824023e+01	6.251595e+02
3.400000e-06	4.744952e-09	5.388985e-09	3.852882e+01	6.309751e+02
3.410000e-06	4.780279e-09	5.440556e-09	3.881568e+01	6.367045e+02
3.420000e-06	4.815342e-09	5.488636e-09	3.910039e+01	6.423497e+02
3.430000e-06	4.850109e-09	5.533362e-09	3.938269e+01	6.479126e+02
3.440000e-06	4.884555e-09	5.576778e-09	3.966239e+01	6.533948e+02
3.450000e-06	4.918647e-09	5.620451e-09	3.993921e+01	6.587978e+02
3.460000e-06	4.952376e-09	5.662825e-09	4.021309e+01	6.641229e+02
3.470000e-06	4.985776e-09	5.703401e-09	4.048430e+01	6.693712e+02
3.480000e-06	5.018888e-09	5.744160e-09	4.075316e+01	6.745436e+02
3.490000e-06	5.051742e-09	5.786662e-09	4.101993e+01	6.796409e+02
3.500000e-06	5.084340e-09	5.830859e-09	4.128463e+01	6.846637e+02
3.510000e-06	5.116700e-09	5.874436e-09	4.154739e+01	6.896124e+02
3.520000e-06	5.148879e-09	5.914905e-09	4.180868e+01	6.944874e+02
3.530000e-06	5.180897e-09	5.953607e-09	4.206866e+01	6.992886e+02
3.540000e-06	5.212761e-09	5.991212e-09	4.232740e+01	7.040162e+02
3.550000e-06	5.244463e-09	6.030183e-09	4.258482e+01	7.086700e+02
3.560000e-06	5.275961e-09	6.070013e-09	4.284058e+01	7.132498e+02
3.570000e-06	5.307242e-09	6.106656e-09	4.309459e+01	7.177553e+02
3.580000e-06	5.338291e-09	6.140253e-09	4.334670e+01	7.221862e+02
3.590000e-06	5.369105e-09	6.174519e-09	4.359691e+01	7.265418e+02
3.600000e-06	5.399678e-09	6.208508e-09	4.384516e+01	7.308218e+02
3.610000e-06	5.429994e-09	6.242725e-09	4.409132e+01	7.350257e+02
3.620000e-06	5.460071e-09	6.274569e-09	4.433555e+01	7.391527e+02
3.630000e-06	5.489928e-09	6.304164e-09	4.457799e+01	7.432024e+02
3.640000e-06	5.519569e-09	6.335601e-09	4.481867e+01	7.471741e+02
3.650000e-06	5.548966e-09	6.366709e-09	4.505737e+01	7.510674e+02
3.660000e-06	5.578101e-09	6.397329e-09	4.529394e+01	7.548818e+02
3.670000e-06	5.606989e-09	6.424537e-09	4.552852e+01	7.586167e+02
3.680000e-06	5.635631e-09	6.450755e-09	4.576109e+01	7.622717e+02
3.690000e-06	5.664034e-09	6.479336e-09	4.599172e+01	7.658466e+02
3.700000e-06	5.692256e-09	6.507769e-09	4.622088e+01	7.693410e+02
3.710000e-06	5.720334e-09	6.535494e-09	4.644888e+01	7.727549e+02
3.720000e-06	5.748250e-09	6.563164e-09	4.667555e+01	7.760881e+02
3.730000e-06	5.775981e-09	6.591978e-09	4.690073e+01	7.793407e+02
3.740000e-06	5.803481e-09	6.619471e-09	4.712402e+01	7.825128e+02
3.750000e-06	5.830692e-09	6.643419e-09	4.734497e+01	7.856049e+02
3.760000e-06	5.857522e-09	6.665089e-09	4.756284e+01	7.886171e+02
3.770000e-06	5.883886e-09	6.686570e-09	4.777690e+01	7.915502e+02
3.780000e-06	5.909801e-09	6.709741e-09	4.798734e+01	7.944047e+02
3.790000e-06	5.935294e-09	6.731908e-09	4.819433e+01	7.971816e+02
3.800000e-06	5.960376e-09	6.754177e-09	4.839800e+01	7.998816e+02
3.810000e-06	5.985117e-09	6.776204e-09	4.859889e+01	8.025059e+02
3.820000e-06	6.009596e-09	6.797146e-09	4.879766e+01	8.050556e+02
3.830000e-06	6.033832e-09	6.817858e-09	4.899446e+01	8.075321e+02
3.840000e-06	6.057846e-09	6.837678e-09	4.918945e+01	8.099368e+02
3.850000e-06	6.081664e-09	6.857048e-09	4.938285e+01	8.122712e+02
3.860000e-06	6.105264e-09	6.875175e-09	4.957448e+01	8.145370e+02
3.870000e-06	6.128607e-09	6.894577e-09	4.976403e+01	8.167360e+02
3.880000e-06	6.151661e-09	6.913751e-09	4.995122e+01	8.188699e+02
3.890000e-06	6.174419e-09	6.932625e-09	5.013602e+01	8.209407e+02
3.900000e-06	6.196893e-09	6.949933e-09	5.031851e+01	8.229504e+02
3.910000e-06	6.219104e-09	6.964424e-09	5.049886e+01	8.249009e+02
3.920000e-06	6.241077e-09	6.979447e-09	5.067728e+01	8.267945e+02
3.930000e-06	6.262811e-09	6.994141e-09	5.085375e+01	8.286331e+02
3.940000e-06	6.284266e-09	7.008588e-09	5.102797e+01	8.304191e+02
3.950000e-06	6.305423e-09	7.022535e-09	5.119976e+01	8.321544e+02
3.960000e-06	6.326272e-09	7.038419e-09	5.136906e+01	8.338414e+02
3.970000e-06	6.346839e-09	7.054056e-09	5.153606e+01	8.354821e+02
3.980000e-06	6.367183e-09	7.068258e-09	5.170125e+01	8.370787e+02
3.990000e-06	6.387347e-09	7.082865e-09	5.186498e+01	8.386332e+02
4.000000e-06	6.407346e-09	7.096745e-09	5.202737e+01	8.401477e+02
4.010000e-06	6.427169e-09	7.110669e-09	5.218833e+01	8.416243e+02
4.020000e-06	6.446778e-09	7.124750e-09	5.234756e+01	8.430648e+02
4.030000e-06	6.466107e-09	7.138598e-09	5.250451e+01	8.444710e+02
4.040000e-06	6.485114e-09	7.150413e-09	5.265885e+01	8.458448e+02
4.050000e-06	6.503759e-09	7.159403e-09	5.281025e+01	8.471879e+02
4.060000e-06	6.522048e-09	7.166991e-09	5.295875e+01	8.485016e+02
4.070000e-06	6.540025e-09	7.173932e-09	5.310472e+01	8.497876e+02
4.080000e-06	6.557719e-09	7.181117e-09	5.324839e+01	8.510472e+02
4.090000e-06	6.575166e-09	7.189227e-09	5.339006e+01	8.522815e+02
4.100000e-06	6.592395e-09	7.198894e-09	5.352996e+01	8.534917e+02
4.110000e-06	6.609404e-09	7.210103e-09	5.366808e+01	8.546788e+02
4.120000e-06	6.626153e-09	7.220154e-09	5.380408e+01	8.558435e+02
4.130000e-06	6.642581e-09	7.227409e-09	5.393747e+01	8.569867e+02
4.140000e-06	6.658606e-09	7.233804e-09	5.406759e+01	8.581088e+02
4.150000e-06	6.674195e-09	7.241756e-09	5.419417e+01	8.592104e+02
4.160000e-06	6.689384e-09	7.249433e-09	5.431751e+01	8.602917e+02
4.170000e-06	6.704164e-09	7.255582e-09	5.443752e+01	8.613531e+02
4.180000e-06	6.718570e-09	7.261936e-09	5.455449e+01	8.623945e+02
4.190000e-06	6.732684e-09	7.270319e-09	5.466910e+01	8.634159e+02
4.200000e-06	6.746532e-09	7.279037e-09	5.478154e+01	8.644173e+02
4.210000e-06	6.760057e-09	7.287189e-09	5.489137e+01	8.653983e+02
4.220000e-06	6.773234e-09	7.294165e-09	5.499836e+01	8.663587e+02
4.230000e-06	6.786062e-09	7.299590e-09	5.510252e+01	8.672981e+02
4.240000e-06	6.798551e-09	7.304912e-09	5.520393e+01	8.682160e+02
4.250000e-06	6.810776e-09	7.308810e-09	5.530320e+01	8.691118e+02
4.260000e-06	6.822759e-09	7.312048e-09	5.540050e+01	8.699848e+02
4.270000e-06	6.834447e-09	7.315977e-09	5.549541e+01	8.708346e+02
4.280000e-06	6.845771e-09	7.321005e-09	5.558736e+01	8.716604e+02
4.290000e-06	6.856679e-09	7.327355e-09	5.567593e+01	8.724614e+02
4.300000e-06	6.867120e-09	7.334343e-09	5.576071e+01	8.732369e+02
4.310000e-06	6.876999e-09	7.340640e-09	5.584093e+01	8.739863e+02
4.320000e-06	6.886304e-09	7.345229e-09	5.591648e+01	8.747088e+02
4.330000e-06	6.895138e-09	7.349333e-09	5.598822e+01	8.754036e+02
4.340000e-06	6.903622e-09	7.353601e-09	5.605710e+01	8.760701e+02
4.350000e-06	6.911856e-09	7.357089e-09	5.612396e+01	8.767077e+02
4.360000e-06	6.919902e-09	7.357450e-09	5.618930e+01	8.773158e+02
4.370000e-06	6.927751e-09	7.356873e-09	5.625303e+01	8.778938e+02
4.380000e-06	6.935368e-09	7.359326e-09	5.631488e+01	8.784412e+02
4.390000e-06	6.942707e-09	7.363251e-09	5.637447e+01	8.789578e+02
4.400000e-06	6.949690e-09	7.366103e-09	5.643117e+01	8.794430e+02
4.410000e-06	6.956329e-09	7.367221e-09	5.648508e+01	8.798968e+02
4.420000e-06	6.962655e-09	7.368260e-09	5.653645e+01	8.803189e+02
4.430000e-06	6.968672e-09	7.371233e-09	5.658530e+01	8.807094e+02
4.440000e-06	6.974398e-09	7.375525e-09	5.663180e+01	8.810682e+02
4.450000e-06	6.979798e-09	7.377731e-09	5.667565e+01	8.813956e+02
4.460000e-06	6.984859e-09	7.378447e-09	5.671674e+01	8.816918e+02
4.470000e-06	6.989602e-09	7.379804e-09	5.675526e+01	8.819571e+02
4.480000e-06	6.994057e-09	7.383497e-09	5.679143e+01	8.821921e+02
4.490000e-06	6.998284e-09	7.389668e-09	5.682576e+01	8.823973e+02
4.500000e-06	7.002338e-09	7.394338e-09	5.685867e+01	8.825735e+02
4.510000e-06	7.006231e-09	7.395809e-09	5.689028e+01	8.827213e+02
4.520000e-06	7.009938e-09	7.396905e-09	5.692038e+01	8.828417e+02
4.530000e-06	7.013356e-09	7.398473e-09	5.694814e+01	8.829356e+02
4.540000e-06	7.016381e-09	7.397678e-09	5.697270e+01	8.830041e+02
4.550000e-06	7.018962e-09	7.394379e-09	5.699365e+01	8.830484e+02
4.560000e-06	7.021029e-09	7.390933e-09	5.701044e+01	8.830697e+02
4.570000e-06	7.022572e-09	7.389355e-09	5.702297e+01	8.830691e+02
4.580000e-06	7.023653e-09	7.391215e-09	5.703175e+01	8.830482e+02
4.590000e-06	7.024339e-09	7.393790e-09	5.703731e+01	8.830083e+02
4.600000e-06	7.024699e-09	7.394819e-09	5.704023e+01	8.829507e+02
4.610000e-06	7.024841e-09	7.396308e-09	5.704139e+01	8.828770e+02
4.620000e-06	7.024799e-09	7.398383e-09	5.704105e+01	8.827887e+02
4.630000e-06	7.024552e-09	7.398957e-09	5.703904e+01	8.826871e+02
4.640000e-06	7.024042e-09	7.398592e-09	5.703490e+01	8.825739e+02
4.650000e-06	7.023204e-09	7.397097e-09	5.702810e+01	8.824505e+02
4.660000e-06	7.022034e-09	7.394616e-09	5.701860e+01	8.823184e+02
4.670000e-06	7.020532e-09	7.393777e-09	5.700640e+01	8.821790e+02
4.680000e-06	7.018745e-09	7.396646e-09	5.699189e+01	8.820337e+02
4.690000e-06	7.016702e-09	7.407751e-09	5.697530e+01	8.818837e+02
4.700000e-06	7.014415e-09	7.410482e-09	5.695673e+01	8.817306e+02
4.710000e-06	7.011849e-09	7.378500e-09	5.693590e+01	8.815753e+02
4.720000e-06	7.008937e-09	7.331736e-09	5.691225e+01	8.814191e+02
4.730000e-06	7.005645e-09	7.341680e-09	5.688552e+01	8.812630e+02
4.740000e-06	7.001999e-09	7.410096e-09	5.685591e+01	8.811080e+02
4.750000e-06	6.998115e-09	7.443465e-09	5.682438e+01	8.809550e+02
4.760000e-06	6.994084e-09	7.364143e-09	5.679164e+01	8.808046e+02
4.770000e-06	6.989864e-09	7.329672e-09	5.675738e+01	8.806576e+02
4.780000e-06	6.985355e-09	7.399909e-09	5.672076e+01	8.805145e+02
4.790000e-06	6.980535e-09	7.337008e-09	5.668162e+01	8.803757e+02
4.800000e-06	6.975336e-09	7.292462e-09	5.663941e+01	8.802416e+02
4.810000e-06	6.969564e-09	7.344421e-09	5.659254e+01	8.801122e+02
4.820000e-06	6.963193e-09	7.338911e-09	5.654081e+01	8.799876e+02
4.830000e-06	6.956320e-09	7.367418e-09	5.648500e+01	8.798679e+02
4.840000e-06	6.949021e-09	7.430743e-09	5.642573e+01	8.797527e+02
4.850000e-06	6.941403e-09	7.450376e-09	5.636388e+01	8.796419e+02
4.860000e-06	6.933564e-09	7.421511e-09	5.630022e+01	8.795349e+02
4.870000e-06	6.925516e-09	7.499304e-09	5.623487e+01	8.794313e+02
4.880000e-06	6.917245e-09	7.516192e-09	5.616772e+01	8.793305e+02
4.890000e-06	6.908765e-09	7.488565e-09	5.609885e+01	8.792316e+02
4.900000e-06	6.900007e-09	7.623249e-09	5.602774e+01	8.791339e+02
4.910000e-06	6.890918e-09	7.614853e-09	5.595394e+01	8.790364e+02
4.920000e-06	6.881531e-09	7.605246e-09	5.587771e+01	8.789382e+02
4.930000e-06	6.871878e-09	7.668965e-09	5.579933e+01	8.788382e+02
4.940000e-06	6.861966e-09	7.624042e-09	5.571885e+01	8.787352e+02
4.950000e-06	6.851760e-09	7.618074e-09	5.563598e+01	8.786280e+02
4.960000e-06	6.841257e-09	7.673938e-09	5.555069e+01	8.785155e+02
4.970000e-06	6.830453e-09	7.629874e-09	5.546297e+01	8.783962e+02
4.980000e-06	6.819307e-09	7.625343e-09	5.537246e+01	8.782691e+02
4.990000e-06	6.807831e-09	7.694137e-09	5.527928e+01	8.781326e+02
5.000000e-06	6.796076e-09	7.621952e-09	5.518383e+01	8.779855e+02
5.010000e-06	6.784011e-09	7.644290e-09	5.508586e+01	8.778264e+02
5.020000e-06	6.771575e-09	7.652623e-09	5.498488e+01	8.776541e+02
5.030000e-06	6.758760e-09	7.601109e-09	5.488082e+01	8.774673e+02
5.040000e-06	6.745483e-09	7.639393e-09	5.477301e+01	8.772647e+02
5.050000e-06	6.731674e-09	7.610007e-09	5.466088e+01	8.770451e+02
5.060000e-06	6.717316e-09	7.615209e-09	5.454430e+01	8.768073e+02
5.070000e-06	6.702457e-09	7.619034e-09	5.442364e+01	8.765502e+02
5.080000e-06	6.687195e-09	7.598033e-09	5.429972e+01	8.762727e+02
5.090000e-06	6.671595e-09	7.610211e-09	5.417304e+01	8.759740e+02
5.100000e-06	6.655728e-09	7.598587e-09	5.404421e+01	8.756531e+02
5.110000e-06	6.639645e-09	7.593836e-09	5.391361e+01	8.753091e+02
5.120000e-06	6.623325e-09	7.601662e-09	5.378109e+01	8.749415e+02
5.130000e-06	6.606718e-09	7.592009e-09	5.364624e+01	8.745495e+02
5.140000e-06	6.589802e-09	7.592206e-09	5.350889e+01	8.741326e+02
5.150000e-06	6.572566e-09	7.587393e-09	5.336893e+01	8.736904e+02
5.160000e-06	6.555006e-09	7.564268e-09	5.322634e+01	8.732226e+02
5.170000e-06	6.537179e-09	7.576342e-09	5.308159e+01	8.727289e+02
5.180000e-06	6.519102e-09	7.552466e-09	5.293480e+01	8.722093e+02
5.190000e-06	6.500758e-09	7.551257e-09	5.278585e+01	8.716636e+02
5.200000e-06	6.482140e-09	7.561352e-09	5.263468e+01	8.710920e+02
5.210000e-06	6.463219e-09	7.540910e-09	5.248104e+01	8.704947e+02
5.220000e-06	6.444005e-09	7.553894e-09	5.232502e+01	8.698719e+02
5.230000e-06	6.424528e-09	7.528395e-09	5.216687e+01	8.692240e+02
5.240000e-06	6.404839e-09	7.532084e-09	5.200699e+01	8.685514e+02
5.250000e-06	6.384989e-09	7.525484e-09	5.184581e+01	8.678546e+02
5.260000e-06	6.364997e-09	7.512052e-09	5.168348e+01	8.671344e+02
5.270000e-06	6.344840e-09	7.522237e-09	5.151980e+01	8.663912e+02
5.280000e-06	6.324467e-09	7.503473e-09	5.135438e+01	8.656260e+02
5.290000e-06	6.303795e-09	7.512922e-09	5.118652e+01	8.648394e+02
5.300000e-06	6.282789e-09	7.498055e-09	5.101595e+01	8.640322e+02
5.310000e-06	6.261361e-09	7.493801e-09	5.084196e+01	8.632054e+02
5.320000e-06	6.239435e-09	7.488573e-09	5.066392e+01	8.623599e+02
5.330000e-06	6.217060e-09	7.472258e-09	5.048223e+01	8.614966e+02
5.340000e-06	6.194256e-09	7.473908e-09	5.029707e+01	8.606163e+02
5.350000e-06	6.171050e-09	7.458935e-09	5.010864e+01	8.597201e+02
5.360000e-06	6.147526e-09	7.458553e-09	4.991763e+01	8.588089e+02
5.370000e-06	6.123761e-09	7.446111e-09	4.972465e+01	8.578836e+02
5.380000e-06	6.099794e-09	7.437656e-09	4.953004e+01	8.569450e+02
5.390000e-06	6.075622e-09	7.428914e-09	4.933377e+01	8.559942e+02
5.400000e-06	6.051227e-09	7.419963e-09	4.913568e+01	8.550318e+02
5.410000e-06	6.026588e-09	7.419942e-09	4.893561e+01	8.540587e+02
5.420000e-06	6.001674e-09	7.409484e-09	4.873331e+01	8.530756e+02
5.430000e-06	5.976445e-09	7.407817e-09	4.852845e+01	8.520832e+02
5.440000e-06	5.950915e-09	7.395758e-09	4.832115e+01	8.510822e+02
5.450000e-06	5.925122e-09	7.385683e-09	4.811171e+01	8.500730e+02
5.460000e-06	5.899069e-09	7.371542e-09	4.790016e+01	8.490562e+02
5.470000e-06	5.872745e-09	7.355552e-09	4.768641e+01	8.480320e+02
5.480000e-06	5.846146e-09	7.347254e-09	4.747043e+01	8.470010e+02
5.490000e-06	5.819251e-09	7.335919e-09	4.725205e+01	8.459632e+02
5.500000e-06	5.792083e-09	7.334396e-09	4.703144e+01	8.449190e+02
5.510000e-06	5.764682e-09	7.327900e-09	4.680894e+01	8.438682e+02
5.520000e-06	5.737067e-09	7.320120e-09	4.658471e+01	8.428109e+02
5.530000e-06	5.709282e-09	7.308470e-09	4.635910e+01	8.417471e+02
5.540000e-06	5.681323e-09	7.294346e-09	4.613207e+01	8.406765e+02
5.550000e-06	5.653195e-09	7.283286e-09	4.590367e+01	8.395989e+02
5.560000e-06	5.624891e-09	7.269920e-09	4.567385e+01	8.385139e+02
5.570000e-06	5.596374e-09	7.262846e-09	4.544228e+01	8.374211e+02
5.580000e-06	5.567593e-09	7.255224e-09	4.520858e+01	8.363201e+02
5.590000e-06	5.538458e-09	7.249028e-09	4.497201e+01	8.352103e+02
5.600000e-06	5.508956e-09	7.240899e-09	4.473246e+01	8.340911e+02
5.610000e-06	5.479115e-09	7.228403e-09	4.449015e+01	8.329619e+02
5.620000e-06	5.448905e-09	7.216369e-09	4.424485e+01	8.318218e+02
5.630000e-06	5.418312e-09	7.204295e-09	4.399643e+01	8.306703e+02
5.640000e-06	5.387392e-09	7.194115e-09	4.374537e+01	8.295064e+02
5.650000e-06	5.356190e-09	7.182387e-09	4.349201e+01	8.283295e+02
5.660000e-06	5.324722e-09	7.170953e-09	4.323649e+01	8.271386e+02
5.670000e-06	5.293033e-09	7.160051e-09	4.297918e+01	8.259329e+02
5.680000e-06	5.261150e-09	7.147885e-09	4.272029e+01	8.247116e+02
5.690000e-06	5.229054e-09	7.133998e-09	4.245967e+01	8.234738e+02
5.700000e-06	5.196756e-09	7.120444e-09	4.219741e+01	8.222187e+02
5.710000e-06	5.164252e-09	7.109860e-09	4.193348e+01	8.209455e+02
5.720000e-06	5.131512e-09	7.099880e-09	4.166763e+01	8.196533e+02
5.730000e-06	5.098552e-09	7.091445e-09	4.139999e+01	8.183414e+02
5.740000e-06	5.065364e-09	7.080381e-09	4.113051e+01	8.170091e+02
5.750000e-06	5.031923e-09	7.064322e-09	4.085898e+01	8.156557e+02
5.760000e-06	4.998240e-09	7.048176e-09	4.058547e+01	8.142805e+02
5.770000e-06	4.964323e-09	7.032135e-09	4.031006e+01	8.128829e+02
5.780000e-06	4.930172e-09	7.019779e-09	4.003276e+01	8.114625e+02
5.790000e-06	4.895781e-09	7.008393e-09	3.975351e+01	8.100187e+02
5.800000e-06	4.861134e-09	6.996167e-09	3.947217e+01	8.085511e+02
5.810000e-06	4.826269e-09	6.984513e-09	3.918907e+01	8.070595e+02
5.820000e-06	4.791225e-09	6.971333e-09	3.890451e+01	8.055434e+02
5.830000e-06	4.755982e-09	6.956277e-09	3.861834e+01	8.040028e+02
5.840000e-06	4.720533e-09	6.936958e-09	3.833050e+01	8.024374e+02
5.850000e-06	4.684913e-09	6.918055e-09	3.804127e+01	8.008472e+02
5.860000e-06	4.649135e-09	6.903203e-09	3.775075e+01	7.992322e+02
5.870000e-06	4.613210e-09	6.893457e-09	3.745904e+01	7.975924e+02
5.880000e-06	4.577142e-09	6.886187e-09	3.716617e+01	7.959280e+02
5.890000e-06	4.540909e-09	6.875632e-09	3.687195e+01	7.942391e+02
5.900000e-06	4.504517e-09	6.861760e-09	3.657645e+01	7.925260e+02
5.910000e-06	4.467944e-09	6.843733e-09	3.627948e+01	7.907889e+02
5.920000e-06	4.431142e-09	6.824625e-09	3.598065e+01	7.890282e+02
5.930000e-06	4.394116e-09	6.805211e-09	3.568000e+01	7.872442e+02
5.940000e-06	4.356861e-09	6.786480e-09	3.537750e+01	7.854373e+02
5.950000e-06	4.319324e-09	6.772420e-09	3.507270e+01	7.836079e+02
5.960000e-06	4.281495e-09	6.759468e-09	3.476553e+01	7.817565e+02
5.970000e-06	4.243395e-09	6.747643e-09	3.445616e+01	7.798835e+02
5.980000e-06	4.205038e-09	6.733518e-09	3.414470e+01	7.779893e+02
5.990000e-06	4.166427e-09	6.716898e-09	3.383119e+01	7.760744e+02
6.000000e-06	4.127575e-09	6.700262e-09	3.351571e+01	7.741392e+02
6.010000e-06	4.088484e-09	6.682397e-09	3.319829e+01	7.721841e+02
6.020000e-06	4.049153e-09	6.664590e-09	3.287893e+01	7.702094e+02
6.030000e-06	4.009607e-09	6.645956e-09	3.255782e+01	7.682156e+02
6.040000e-06	3.969889e-09	6.628730e-09	3.223531e+01	7.662028e+02
6.050000e-06	3.930013e-09	6.612475e-09	3.191152e+01	7.641713e+02
6.060000e-06	3.889973e-09	6.597730e-09	3.158639e+01	7.621213e+02
6.070000e-06	3.849783e-09	6.582335e-09	3.126005e+01	7.600529e+02
6.080000e-06	3.809447e-09	6.564506e-09	3.093253e+01	7.579661e+02
6.090000e-06	3.768970e-09	6.544940e-09	3.060386e+01	7.558608e+02
6.100000e-06	3.728337e-09	6.523591e-09	3.027391e+01	7.537371e+02
6.110000e-06	3.687538e-09	6.503291e-09	2.994263e+01	7.515945e+02
6.120000e-06	3.646587e-09	6.482765e-09	2.961011e+01	7.494328e+02
6.130000e-06	3.605464e-09	6.462548e-09	2.927619e+01	7.472517e+02
6.140000e-06	3.564173e-09	6.442402e-09	2.894091e+01	7.450505e+02
6.150000e-06	3.522736e-09	6.423099e-09	2.860444e+01	7.428288e+02
6.160000e-06	3.481149e-09	6.404718e-09	2.826676e+01	7.405858e+02
6.170000e-06	3.439405e-09	6.385282e-09	2.792780e+01	7.383207e+02
6.180000e-06	3.397512e-09	6.364599e-09	2.758763e+01	7.360326e+02
6.190000e-06	3.355457e-09	6.342305e-09	2.724614e+01	7.337205e+02
6.200000e-06	3.313245e-09	6.321215e-09	2.690339e+01	7.313834e+02
6.210000e-06	3.270894e-09	6.300255e-09	2.655950e+01	7.290200e+02
6.220000e-06	3.228413e-09	6.278868e-09	2.621456e+01	7.266292e+02
6.230000e-06	3.185793e-09	6.257884e-09	2.586848e+01	7.242095e+02
6.240000e-06	3.143031e-09	6.237105e-09	2.552126e+01	7.217597e+02
6.250000e-06	3.100150e-09	6.215639e-09	2.517307e+01	7.192781e+02
6.260000e-06	3.057167e-09	6.191959e-09	2.482405e+01	7.167634e+02
6.270000e-06	3.014078e-09	6.166856e-09	2.447416e+01	7.142138e+02
6.280000e-06	2.970879e-09	6.140649e-09	2.412339e+01	7.116278e+02
6.290000e-06	2.927599e-09	6.116237e-09	2.377196e+01	7.090038e+02
6.300000e-06	2.884238e-09	6.093538e-09	2.341987e+01	7.063399e+02
6.310000e-06	2.840775e-09	6.069782e-09	2.306695e+01	7.036346e+02
6.320000e-06	2.797206e-09	6.046777e-09	2.271317e+01	7.008862e+02
6.330000e-06	2.753558e-09	6.024641e-09	2.235875e+01	6.980929e+02
6.340000e-06	2.709819e-09	6.001001e-09	2.200359e+01	6.952531e+02
6.350000e-06	2.665968e-09	5.975387e-09	2.164752e+01	6.923651e+02
6.360000e-06	2.622026e-09	5.948326e-09	2.129071e+01	6.894273e+02
6.370000e-06	2.577992e-09	5.921612e-09	2.093316e+01	6.864381e+02
6.380000e-06	2.533861e-09	5.896629e-09	2.057481e+01	6.833960e+02
6.390000e-06	2.489653e-09	5.871725e-09	2.021585e+01	6.802996e+02
6.400000e-06	2.445357e-09	5.846308e-09	1.985617e+01	6.771475e+02
6.410000e-06	2.400956e-09	5.817960e-09	1.949563e+01	6.739383e+02
6.420000e-06	2.356460e-09	5.786853e-09	1.913433e+01	6.706708e+02
6.430000e-06	2.311869e-09	5.756577e-09	1.877225e+01	6.673440e+02
6.440000e-06	2.267178e-09	5.726559e-09	1.840936e+01	6.639568e+02
6.450000e-06	2.222391e-09	5.697491e-09	1.804569e+01	6.605083e+02
6.460000e-06	2.177523e-09	5.668993e-09	1.768136e+01	6.569977e+02
6.470000e-06	2.132556e-09	5.641978e-09	1.731623e+01	6.534242e+02
6.480000e-06	2.087498e-09	5.615316e-09	1.695037e+01	6.497873e+02
6.490000e-06	2.042363e-09	5.586599e-09	1.658388e+01	6.460866e+02
6.500000e-06	1.997120e-09	5.554202e-09	1.621651e+01	6.423216e+02
6.510000e-06	1.951788e-09	5.521481e-09	1.584841e+01	6.384922e+02
6.520000e-06	1.906377e-09	5.490174e-09	1.547968e+01	6.345981e+02
6.530000e-06	1.860871e-09	5.458258e-09	1.511017e+01	6.306395e+02
6.540000e-06	1.815279e-09	5.425829e-09	1.473996e+01	6.266163e+02
6.550000e-06	1.769614e-09	5.391797e-09	1.436917e+01	6.225287e+02
6.560000e-06	1.723868e-09	5.357375e-09	1.399771e+01	6.183771e+02
6.570000e-06	1.678040e-09	5.321754e-09	1.362559e+01	6.141618e+02
6.580000e-06	1.632154e-09	5.284195e-09	1.325300e+01	6.098831e+02
6.590000e-06	1.586221e-09	5.245586e-09	1.288003e+01	6.055417e+02
6.600000e-06	1.540237e-09	5.206482e-09	1.250664e+01	6.011381e+02
6.610000e-06	1.494202e-09	5.168365e-09	1.213284e+01	5.966728e+02
6.620000e-06	1.448090e-09	5.131225e-09	1.175840e+01	5.921465e+02
6.630000e-06	1.401922e-09	5.094086e-09	1.138353e+01	5.875598e+02
6.640000e-06	1.355714e-09	5.056729e-09	1.100832e+01	5.829135e+02
6.650000e-06	1.309446e-09	5.017916e-09	1.063263e+01	5.782081e+02
6.660000e-06	1.263149e-09	4.976963e-09	1.025669e+01	5.734444e+02
6.670000e-06	1.216805e-09	4.935038e-09	9.880387e+00	5.686228e+02
6.680000e-06	1.170389e-09	4.892586e-09	9.503485e+00	5.637440e+02
6.690000e-06	1.123928e-09	4.849028e-09	9.126224e+00	5.588084e+02
6.700000e-06	1.077412e-09	4.805738e-09	8.748518e+00	5.538164e+02
6.710000e-06	1.030851e-09	4.760083e-09	8.370446e+00	5.487684e+02
6.720000e-06	9.842485e-10	4.712729e-09	7.992031e+00	5.436646e+02
6.730000e-06	9.375904e-10	4.666544e-09	7.613169e+00	5.385051e+02
6.740000e-06	8.908840e-10	4.621001e-09	7.233915e+00	5.332898e+02
6.750000e-06	8.441038e-10	4.576891e-09	6.854061e+00	5.280187e+02
6.760000e-06	7.973017e-10	4.531380e-09	6.474029e+00	5.226912e+02
6.770000e-06	7.504864e-10	4.483690e-09	6.093890e+00	5.173071e+02
6.780000e-06	7.036089e-10	4.435122e-09	5.713246e+00	5.118655e+02
6.790000e-06	6.566906e-10	4.385578e-09	5.332272e+00	5.063658e+02
6.800000e-06	6.097436e-10	4.335987e-09	4.951064e+00	5.008067e+02
6.810000e-06	5.627700e-10	4.286837e-09	4.569641e+00	4.951873e+02
6.820000e-06	5.157879e-10	4.238893e-09	4.188147e+00	4.895059e+02
6.830000e-06	4.687784e-10	4.190722e-09	3.806430e+00	4.837611e+02
6.840000e-06	4.217231e-10	4.141540e-09	3.424344e+00	4.779510e+02
6.850000e-06	3.746537e-10	4.089234e-09	3.042142e+00	4.720736e+02
6.860000e-06	3.275857e-10	4.032262e-09	2.659952e+00	4.661267e+02
6.870000e-06	2.804842e-10	3.972697e-09	2.277489e+00	4.601079e+02
6.880000e-06	2.333636e-10	3.915485e-09	1.894872e+00	4.540147e+02
6.890000e-06	1.862536e-10	3.862802e-09	1.512340e+00	4.478443e+02
6.900000e-06	1.391285e-10	3.808998e-09	1.129687e+00	4.415938e+02
6.910000e-06	9.198736e-11	3.752046e-09	7.469037e-01	4.352600e+02
6.920000e-06	4.485616e-11	3.694089e-09	3.642011e-01	4.288398e+02
6.930000e-06	-2.247122e-12	3.636214e-09	-1.827480e-02	4.223298e+02
6.940000e-06	-4.931132e-11	3.579069e-09	-4.004336e-01	4.157264e+02
6.950000e-06	-9.636093e-11	3.520750e-09	-7.824742e-01	4.090261e+02
6.960000e-06	-1.434206e-10	3.461086e-09	-1.164597e+00	4.022253e+02
6.970000e-06	-1.904544e-10	3.401986e-09	-1.546509e+00	3.953201e+02
6.980000e-06	-2.374240e-10	3.343419e-09	-1.927900e+00	3.883068e+02
6.990000e-06	-2.843655e-10	3.283141e-09	-2.309064e+00	3.811816e+02
7.000000e-06	-3.313135e-10	3.219171e-09	-2.690280e+00	3.739406e+02
7.010000e-06	-3.782245e-10	3.153265e-09	-3.071195e+00	3.665801e+02
7.020000e-06	-4.251022e-10	3.088740e-09	-3.451840e+00	3.590962e+02
7.030000e-06	-4.720035e-10	3.026961e-09	-3.832676e+00	3.514854e+02
7.040000e-06	-5.189091e-10	2.963234e-09	-4.213548e+00	3.437441e+02
7.050000e-06	-5.657857e-10	2.895717e-09	-4.594185e+00	3.358687e+02
7.060000e-06	-6.126263e-10	2.826660e-09	-4.974528e+00	3.278560e+02
7.070000e-06	-6.594584e-10	2.758591e-09	-5.354803e+00	3.197028e+02
7.080000e-06	-7.062731e-10	2.690238e-09	-5.734936e+00	3.114061e+02
7.090000e-06	-7.530462e-10	2.619851e-09	-6.114732e+00	3.029632e+02
7.100000e-06	-7.997911e-10	2.547861e-09	-6.494300e+00	2.943716e+02
7.110000e-06	-8.465048e-10	2.473751e-09	-6.873613e+00	2.856291e+02
7.120000e-06	-8.932003e-10	2.400177e-09	-7.252777e+00	2.767337e+02
7.130000e-06	-9.398455e-10	2.325982e-09	-7.631535e+00	2.676839e+02
7.140000e-06	-9.864584e-10	2.249928e-09	-8.010030e+00	2.584782e+02
7.150000e-06	-1.033059e-09	2.170832e-09	-8.388425e+00	2.491158e+02
7.160000e-06	-1.079603e-09	2.088733e-09	-8.766363e+00	2.395961e+02
7.170000e-06	-1.126106e-09	2.007488e-09	-9.143965e+00	2.299189e+02
7.180000e-06	-1.172581e-09	1.927825e-09	-9.521336e+00	2.200844e+02
7.190000e-06	-1.219005e-09	1.846493e-09	-9.898303e+00	2.100932e+02
7.200000e-06	-1.265361e-09	1.760036e-09	-1.027471e+01	1.999464e+02
7.210000e-06	-1.311647e-09	1.671562e-09	-1.065055e+01	1.896454e+02
7.220000e-06	-1.357878e-09	1.582818e-09	-1.102594e+01	1.791921e+02
7.230000e-06	-1.404077e-09	1.494011e-09	-1.140108e+01	1.685889e+02
7.240000e-06	-1.450208e-09	1.404970e-09	-1.177566e+01	1.578387e+02
7.250000e-06	-1.496239e-09	1.312692e-09	-1.214943e+01	1.469445e+02
7.260000e-06	-1.542196e-09	1.219400e-09	-1.252260e+01	1.359102e+02
7.270000e-06	-1.588096e-09	1.127748e-09	-1.289530e+01	1.247398e+02
7.280000e-06	-1.633922e-09	1.035179e-09	-1.326741e+01	1.134380e+02
7.290000e-06	-1.679643e-09	9.390871e-10	-1.363867e+01	1.020097e+02
7.300000e-06	-1.725262e-09	8.392137e-10	-1.400909e+01	9.046033e+01
7.310000e-06	-1.770798e-09	7.360870e-10	-1.437884e+01	7.879568e+01
7.320000e-06	-1.816256e-09	6.319915e-10	-1.474796e+01	6.702195e+01
7.330000e-06	-1.861614e-09	5.282996e-10	-1.511626e+01	5.514571e+01
7.340000e-06	-1.906900e-09	4.222961e-10	-1.548398e+01	4.317389e+01
7.350000e-06	-1.952119e-09	3.142419e-10	-1.585115e+01	3.111371e+01
7.360000e-06	-1.997251e-09	2.058315e-10	-1.621762e+01	1.897273e+01
7.370000e-06	-2.042309e-09	9.670390e-11	-1.658350e+01	6.758800e+00
7.380000e-06	-2.087274e-09	-1.079246e-11	-1.694861e+01	-5.520004e+00
7.390000e-06	-2.132134e-09	-1.169156e-10	-1.731287e+01	-1.785535e+01
7.400000e-06	-2.176934e-09	-2.229132e-10	-1.767665e+01	-3.023873e+01
7.410000e-06	-2.221681e-09	-3.291531e-10	-1.803999e+01	-4.266143e+01
7.420000e-06	-2.266342e-09	-4.388710e-10	-1.840263e+01	-5.511462e+01
7.430000e-06	-2.310919e-09	-5.523023e-10	-1.876459e+01	-6.758935e+01
7.440000e-06	-2.355425e-09	-6.659469e-10	-1.912598e+01	-8.007660e+01
7.450000e-06	-2.399855e-09	-7.789684e-10	-1.948675e+01	-9.256729e+01
7.460000e-06	-2.444207e-09	-8.915301e-10	-1.984689e+01	-1.050523e+02
7.470000e-06	-2.488480e-09	-1.003029e-09	-2.020638e+01	-1.175227e+02
7.480000e-06	-2.532669e-09	-1.110863e-09	-2.056520e+01	-1.299693e+02
7.490000e-06	-2.576773e-09	-1.216078e-09	-2.092332e+01	-1.423833e+02
7.500000e-06	-2.620789e-09	-1.320879e-09	-2.128073e+01	-1.547557e+02
7.510000e-06	-2.664721e-09	-1.426711e-09	-2.163746e+01	-1.670780e+02
7.520000e-06	-2.708579e-09	-1.535346e-09	-2.199358e+01	-1.793417e+02
7.530000e-06	-2.752329e-09	-1.643770e-09	-2.234883e+01	-1.915384e+02
7.540000e-06	-2.795973e-09	-1.750900e-09	-2.270322e+01	-2.036601e+02
7.550000e-06	-2.839519e-09	-1.856198e-09	-2.305681e+01	-2.156989e+02
7.560000e-06	-2.882946e-09	-1.958782e-09	-2.340944e+01	-2.276474e+02
7.570000e-06	-2.926273e-09	-2.058122e-09	-2.376125e+01	-2.394984e+02
7.580000e-06	-2.969485e-09	-2.154400e-09	-2.411213e+01	-2.512449e+02
7.590000e-06	-3.012557e-09	-2.248672e-09	-2.446188e+01	-2.628804e+02
7.600000e-06	-3.055497e-09	-2.344096e-09	-2.481055e+01	-2.743988e+02
7.610000e-06	-3.098327e-09	-2.442934e-09	-2.515832e+01	-2.857942e+02
7.620000e-06	-3.141042e-09	-2.542349e-09	-2.550517e+01	-2.970613e+02
7.630000e-06	-3.183622e-09	-2.639649e-09	-2.585091e+01	-3.081951e+02
7.640000e-06	-3.226053e-09	-2.734087e-09	-2.619545e+01	-3.191910e+02
7.650000e-06	-3.268324e-09	-2.827128e-09	-2.653869e+01	-3.300449e+02
7.660000e-06	-3.310436e-09	-2.917763e-09	-2.688063e+01	-3.407531e+02
7.670000e-06	-3.352388e-09	-3.002842e-09	-2.722129e+01	-3.513124e+02
7.680000e-06	-3.394159e-09	-3.085021e-09	-2.756046e+01	-3.617198e+02
7.690000e-06	-3.435764e-09	-3.167971e-09	-2.789829e+01	-3.719730e+02
7.700000e-06	-3.477221e-09	-3.254360e-09	-2.823492e+01	-3.820701e+02
7.710000e-06	-3.518498e-09	-3.342526e-09	-2.857009e+01	-3.920095e+02
7.720000e-06	-3.559605e-09	-3.427309e-09	-2.890388e+01	-4.017900e+02
7.730000e-06	-3.600568e-09	-3.507063e-09	-2.923649e+01	-4.114110e+02
7.740000e-06	-3.641385e-09	-3.584154e-09	-2.956793e+01	-4.208721e+02
7.750000e-06	-3.682060e-09	-3.661088e-09	-2.989821e+01	-4.301734e+02
7.760000e-06	-3.722628e-09	-3.735388e-09	-3.022762e+01	-4.393154e+02
7.770000e-06	-3.763079e-09	-3.808583e-09	-3.055607e+01	-4.482987e+02
7.780000e-06	-3.803391e-09	-3.883045e-09	-3.088341e+01	-4.571246e+02
7.790000e-06	-3.843565e-09	-3.959403e-09	-3.120962e+01	-4.657944e+02
7.800000e-06	-3.883600e-09	-4.035519e-09	-3.153470e+01	-4.743099e+02
7.810000e-06	-3.923531e-09	-4.108812e-09	-3.185894e+01	-4.826731e+02
7.820000e-06	-3.963341e-09	-4.179484e-09	-3.218220e+01	-4.908861e+02
7.830000e-06	-4.003015e-09	-4.249206e-09	-3.250435e+01	-4.989515e+02
7.840000e-06	-4.042528e-09	-4.319790e-09	-3.282519e+01	-5.068720e+02
7.850000e-06	-4.081864e-09	-4.388305e-09	-3.314460e+01	-5.146502e+02
7.860000e-06	-4.121007e-09	-4.453088e-09	-3.346244e+01	-5.222894e+02
7.870000e-06	-4.159921e-09	-4.516753e-09	-3.377841e+01	-5.297925e+02
7.880000e-06	-4.198586e-09	-4.581675e-09	-3.409238e+01	-5.371627e+02
7.890000e-06	-4.236961e-09	-4.645802e-09	-3.440398e+01	-5.444035e+02
7.900000e-06	-4.275031e-09	-4.706551e-09	-3.471310e+01	-5.515181e+02
7.910000e-06	-4.312779e-09	-4.766401e-09	-3.501961e+01	-5.585099e+02
7.920000e-06	-4.350203e-09	-4.828044e-09	-3.532349e+01	-5.653823e+02
7.930000e-06	-4.387346e-09	-4.890412e-09	-3.562509e+01	-5.721386e+02
7.940000e-06	-4.424235e-09	-4.950954e-09	-3.592462e+01	-5.787823e+02
7.950000e-06	-4.460865e-09	-5.008181e-09	-3.622205e+01	-5.853166e+02
7.960000e-06	-4.497259e-09	-5.065143e-09	-3.651757e+01	-5.917447e+02
7.970000e-06	-4.533465e-09	-5.122761e-09	-3.681157e+01	-5.980697e+02
7.980000e-06	-4.569505e-09	-5.178827e-09	-3.710421e+01	-6.042947e+02
7.990000e-06	-4.605392e-09	-5.232976e-09	-3.739561e+01	-6.104224e+02
8.000000e-06	-4.641132e-09	-5.286322e-09	-3.768582e+01	-6.164558e+02
8.010000e-06	-4.676728e-09	-5.339543e-09	-3.797486e+01	-6.223973e+02
8.020000e-06	-4.712150e-09	-5.391563e-09	-3.826248e+01	-6.282494e+02
8.030000e-06	-4.747378e-09	-5.443613e-09	-3.854854e+01	-6.340144e+02
8.040000e-06	-4.782409e-09	-5.493737e-09	-3.883298e+01	-6.396944e+02
8.050000e-06	-4.817234e-09	-5.541397e-09	-3.911576e+01	-6.452912e+02
8.060000e-06	-4.851825e-09	-5.589721e-09	-3.939663e+01	-6.508068e+02
8.070000e-06	-4.886177e-09	-5.640318e-09	-3.967557e+01	-6.562425e+02
8.080000e-06	-4.920315e-09	-5.692919e-09	-3.995277e+01	-6.615999e+02
8.090000e-06	-4.954263e-09	-5.743352e-09	-4.022842e+01	-6.668799e+02
8.100000e-06	-4.988012e-09	-5.790855e-09	-4.050247e+01	-6.720838e+02
8.110000e-06	-5.021530e-09	-5.835921e-09	-4.077463e+01	-6.772122e+02
8.120000e-06	-5.054806e-09	-5.879235e-09	-4.104483e+01	-6.822660e+02
8.130000e-06	-5.087833e-09	-5.921563e-09	-4.131301e+01	-6.872454e+02
8.140000e-06	-5.120649e-09	-5.962941e-09	-4.157947e+01	-6.921510e+02
8.150000e-06	-5.153263e-09	-6.004950e-09	-4.184429e+01	-6.969828e+02
8.160000e-06	-5.185655e-09	-6.048524e-09	-4.210732e+01	-7.017411e+02
8.170000e-06	-5.217852e-09	-6.092825e-09	-4.236875e+01	-7.064256e+02
8.180000e-06	-5.249883e-09	-6.136092e-09	-4.262885e+01	-7.110362e+02
8.190000e-06	-5.281742e-09	-6.176701e-09	-4.288754e+01	-7.155726e+02
8.200000e-06	-5.313418e-09	-6.215370e-09	-4.314475e+01	-7.200345e+02
8.210000e-06	-5.344873e-09	-6.251342e-09	-4.340016e+01	-7.244215e+02
8.220000e-06	-5.376058e-09	-6.286095e-09	-4.365338e+01	-7.287330e+02
8.230000e-06	-5.406920e-09	-6.322736e-09	-4.390398e+01	-7.329686e+02
8.240000e-06	-5.437422e-09	-6.359397e-09	-4.415165e+01	-7.371276e+02
8.250000e-06	-5.467547e-09	-6.395721e-09	-4.439627e+01	-7.412095e+02
8.260000e-06	-5.497238e-09	-6.436977e-09	-4.463735e+01	-7.452137e+02
8.270000e-06	-5.526520e-09	-6.477193e-09	-4.487512e+01	-7.491397e+02
8.280000e-06	-5.555448e-09	-6.516018e-09	-4.511001e+01	-7.529869e+02
8.290000e-06	-5.584063e-09	-6.551615e-09	-4.534236e+01	-7.567549e+02
8.300000e-06	-5.612412e-09	-6.578888e-09	-4.557256e+01	-7.604432e+02
8.310000e-06	-5.640548e-09	-6.604082e-09	-4.580102e+01	-7.640514e+02
8.320000e-06	-5.668512e-09	-6.626153e-09	-4.602809e+01	-7.675793e+02
8.330000e-06	-5.696316e-09	-6.650429e-09	-4.625386e+01	-7.710267e+02
8.340000e-06	-5.723967e-09	-6.676655e-09	-4.647838e+01	-7.743934e+02
8.350000e-06	-5.751406e-09	-6.707249e-09	-4.670118e+01	-7.776795e+02
8.360000e-06	-5.778605e-09	-6.744571e-09	-4.692204e+01	-7.808851e+02
8.370000e-06	-5.805542e-09	-6.780368e-09	-4.714076e+01	-7.840104e+02
8.380000e-06	-5.832195e-09	-6.812106e-09	-4.735718e+01	-7.870558e+02
8.390000e-06	-5.858574e-09	-6.832664e-09	-4.757138e+01	-7.900218e+02
8.400000e-06	-5.884672e-09	-6.846488e-09	-4.778329e+01	-7.929089e+02
8.410000e-06	-5.910498e-09	-6.864401e-09	-4.799300e+01	-7.957179e+02
8.420000e-06	-5.936042e-09	-6.887505e-09	-4.820041e+01	-7.984498e+02
8.430000e-06	-5.961331e-09	-6.917944e-09	-4.840576e+01	-8.011054e+02
8.440000e-06	-5.986355e-09	-6.947754e-09	-4.860895e+01	-8.036860e+02
8.450000e-06	-6.011084e-09	-6.977934e-09	-4.880975e+01	-8.061928e+02
8.460000e-06	-6.035567e-09	-7.006176e-09	-4.900856e+01	-8.086272e+02
8.470000e-06	-6.059854e-09	-7.025364e-09	-4.920576e+01	-8.109907e+02
8.480000e-06	-6.083959e-09	-7.037769e-09	-4.940149e+01	-8.132848e+02
8.490000e-06	-6.107905e-09	-7.048688e-09	-4.959593e+01	-8.155114e+02
8.500000e-06	-6.131685e-09	-7.067251e-09	-4.978902e+01	-8.176721e+02
8.510000e-06	-6.155267e-09	-7.092505e-09	-4.998051e+01	-8.197690e+02
8.520000e-06	-6.178602e-09	-7.120382e-09	-5.016999e+01	-8.218038e+02
8.530000e-06	-6.201582e-09	-7.142804e-09	-5.035659e+01	-8.237787e+02
8.540000e-06	-6.224138e-09	-7.160615e-09	-5.053974e+01	-8.256957e+02
8.550000e-06	-6.246261e-09	-7.174998e-09	-5.071938e+01	-8.275570e+02
8.560000e-06	-6.267910e-09	-7.187360e-09	-5.089517e+01	-8.293646e+02
8.570000e-06	-6.289080e-09	-7.200677e-09	-5.106706e+01	-8.311207e+02
8.580000e-06	-6.309837e-09	-7.215966e-09	-5.123561e+01	-8.328275e+02
8.590000e-06	-6.330279e-09	-7.237409e-09	-5.140160e+01	-8.344872e+02
8.600000e-06	-6.350496e-09	-7.259354e-09	-5.156576e+01	-8.361019e+02
8.610000e-06	-6.370522e-09	-7.278045e-09	-5.172837e+01	-8.376736e+02
8.620000e-06	-6.390368e-09	-7.289661e-09	-5.188952e+01	-8.392046e+02
8.630000e-06	-6.410025e-09	-7.297306e-09	-5.204913e+01	-8.406967e+02
8.640000e-06	-6.429434e-09	-7.307117e-09	-5.220673e+01	-8.421519e+02
8.650000e-06	-6.448544e-09	-7.321752e-09	-5.236190e+01	-8.435722e+02
8.660000e-06	-6.467357e-09	-7.340080e-09	-5.251466e+01	-8.449593e+02
8.670000e-06	-6.485854e-09	-7.356612e-09	-5.266486e+01	-8.463149e+02
8.680000e-06	-6.504064e-09	-7.370919e-09	-5.281272e+01	-8.476406e+02
8.690000e-06	-6.522044e-09	-7.383696e-09	-5.295872e+01	-8.489379e+02
8.700000e-06	-6.539768e-09	-7.396071e-09	-5.310263e+01	-8.502083e+02
8.710000e-06	-6.557196e-09	-7.407206e-09	-5.324415e+01	-8.514529e+02
8.720000e-06	-6.574314e-09	-7.416692e-09	-5.338315e+01	-8.526730e+02
8.730000e-06	-6.591129e-09	-7.427768e-09	-5.351969e+01	-8.538696e+02
8.740000e-06	-6.607659e-09	-7.440694e-09	-5.365391e+01	-8.550435e+02
8.750000e-06	-6.623944e-09	-7.454621e-09	-5.378614e+01	-8.561955e+02
8.760000e-06	-6.640042e-09	-7.465508e-09	-5.391686e+01	-8.573263e+02
8.770000e-06	-6.655962e-09	-7.472436e-09	-5.404613e+01	-8.584363e+02
8.780000e-06	-6.671671e-09	-7.479348e-09	-5.417369e+01	-8.595260e+02
8.790000e-06	-6.687088e-09	-7.486324e-09	-5.429887e+01	-8.605956e+02
8.800000e-06	-6.702132e-09	-7.493811e-09	-5.442103e+01	-8.616453e+02
8.810000e-06	-6.716658e-09	-7.500830e-09	-5.453898e+01	-8.626750e+02
8.820000e-06	-6.730602e-09	-7.510104e-09	-5.465220e+01	-8.636847e+02
8.830000e-06	-6.744056e-09	-7.521478e-09	-5.476144e+01	-8.646742e+02
8.840000e-06	-6.757051e-09	-7.532316e-09	-5.486696e+01	-8.656432e+02
8.850000e-06	-6.769652e-09	-7.539973e-09	-5.496928e+01	-8.665914e+02
8.860000e-06	-6.781949e-09	-7.543125e-09	-5.506913e+01	-8.675182e+02
8.870000e-06	-6.793980e-09	-7.547496e-09	-5.516683e+01	-8.684232e+02
8.880000e-06	-6.805745e-09	-7.554774e-09	-5.526236e+01	-8.693058e+02
8.890000e-06	-6.817204e-09	-7.564560e-09	-5.535541e+01	-8.701653e+02
8.900000e-06	-6.828336e-09	-7.575224e-09	-5.544579e+01	-8.710011e+02
8.910000e-06	-6.839135e-09	-7.586101e-09	-5.553348e+01	-8.718125e+02
8.920000e-06	-6.849617e-09	-7.595532e-09	-5.561859e+01	-8.725987e+02
8.930000e-06	-6.859820e-09	-7.601535e-09	-5.570144e+01	-8.733591e+02
8.940000e-06	-6.869743e-09	-7.605278e-09	-5.578201e+01	-8.740928e+02
8.950000e-06	-6.879399e-09	-7.605998e-09	-5.586042e+01	-8.747992e+02
8.960000e-06	-6.888740e-09	-7.607177e-09	-5.593627e+01	-8.754776e+02
8.970000e-06	-6.897706e-09	-7.611610e-09	-5.600907e+01	-8.761273e+02
8.980000e-06	-6.906346e-09	-7.619451e-09	-5.607923e+01	-8.767478e+02
8.990000e-06	-6.914715e-09	-7.628360e-09	-5.614718e+01	-8.773383e+02
9.000000e-06	-6.922861e-09	-7.636222e-09	-5.621332e+01	-8.778986e+02
9.010000e-06	-6.930820e-09	-7.642317e-09	-5.627795e+01	-8.784280e+02
9.020000e-06	-6.938581e-09	-7.646667e-09	-5.634097e+01	-8.789264e+02
9.030000e-06	-6.946078e-09	-7.650751e-09	-5.640185e+01	-8.793933e+02
9.040000e-06	-6.953253e-09	-7.654130e-09	-5.646011e+01	-8.798287e+02
9.050000e-06	-6.960034e-09	-7.658701e-09	-5.651517e+01	-8.802323e+02
9.060000e-06	-6.966313e-09	-7.664085e-09	-5.656616e+01	-8.806044e+02
9.070000e-06	-6.972080e-09	-7.669390e-09	-5.661298e+01	-8.809449e+02
9.080000e-06	-6.977352e-09	-7.673848e-09	-5.665579e+01	-8.812541e+02
9.090000e-06	-6.982157e-09	-7.676510e-09	-5.669480e+01	-8.815322e+02
9.100000e-06	-6.986596e-09	-7.678908e-09	-5.673085e+01	-8.817799e+02
9.110000e-06	-6.990797e-09	-7.680321e-09	-5.676496e+01	-8.819975e+02
9.120000e-06	-6.994828e-09	-7.684766e-09	-5.679770e+01	-8.821857e+02
9.130000e-06	-6.998688e-09	-7.692965e-09	-5.682904e+01	-8.823452e+02
9.140000e-06	-7.002361e-09	-7.698901e-09	-5.685886e+01	-8.824770e+02
9.150000e-06	-7.005767e-09	-7.701348e-09	-5.688651e+01	-8.825819e+02
9.160000e-06	-7.008815e-09	-7.702592e-09	-5.691126e+01	-8.826609e+02
9.170000e-06	-7.011516e-09	-7.705222e-09	-5.693320e+01	-8.827152e+02
9.180000e-06	-7.013927e-09	-7.708532e-09	-5.695277e+01	-8.827460e+02
9.190000e-06	-7.016086e-09	-7.711649e-09	-5.697030e+01	-8.827545e+02
9.200000e-06	-7.018028e-09	-7.715753e-09	-5.698607e+01	-8.827420e+02
9.210000e-06	-7.019750e-09	-7.722735e-09	-5.700005e+01	-8.827098e+02
9.220000e-06	-7.021014e-09	-7.729678e-09	-5.701032e+01	-8.826595e+02
9.230000e-06	-7.021851e-09	-7.732254e-09	-5.701711e+01	-8.825924e+02
9.240000e-06	-7.022446e-09	-7.731744e-09	-5.702194e+01	-8.825101e+02
