# Temperatura_=_20.0
# Concentracion g/m^3_=_18000.0
# C_Vs_to_Am_M_A/Vsm_=_116720831517.84952
# pendiente_HvsI_1/m_=_3716.3
# ordenada_HvsI_A/m_=_1297.0
# frecuencia_Hz_=_108506.94704439394
# Promedio de 28 ciclos

Tiempo_(s)	Campo_(V.s)	Magnetizacion_(V.s)	Campo_(kA/m)	Magnetizacion_(A/m)
0.000000e+00	-6.885301e-09	-7.247443e-09	-5.698390e+01	-8.385986e+02
1.000000e-08	-6.885337e-09	-7.248833e-09	-5.698420e+01	-8.387599e+02
2.000000e-08	-6.885064e-09	-7.248045e-09	-5.698193e+01	-8.389047e+02
3.000000e-08	-6.884450e-09	-7.248210e-09	-5.697685e+01	-8.390330e+02
4.000000e-08	-6.883521e-09	-7.252150e-09	-5.696916e+01	-8.391446e+02
5.000000e-08	-6.882331e-09	-7.255319e-09	-5.695932e+01	-8.392392e+02
6.000000e-08	-6.880874e-09	-7.255057e-09	-5.694726e+01	-8.393167e+02
7.000000e-08	-6.879127e-09	-7.255242e-09	-5.693280e+01	-8.393768e+02
8.000000e-08	-6.877046e-09	-7.250917e-09	-5.691558e+01	-8.394194e+02
9.000000e-08	-6.874605e-09	-7.240949e-09	-5.689538e+01	-8.394440e+02
1.000000e-07	-6.871756e-09	-7.236794e-09	-5.687180e+01	-8.394505e+02
1.100000e-07	-6.868383e-09	-7.281898e-09	-5.684388e+01	-8.394385e+02
1.200000e-07	-6.864487e-09	-7.317580e-09	-5.681164e+01	-8.394079e+02
1.300000e-07	-6.860295e-09	-7.296447e-09	-5.677695e+01	-8.393582e+02
1.400000e-07	-6.856031e-09	-7.196883e-09	-5.674166e+01	-8.392893e+02
1.500000e-07	-6.851663e-09	-7.187903e-09	-5.670550e+01	-8.392008e+02
1.600000e-07	-6.846845e-09	-7.348737e-09	-5.666563e+01	-8.390925e+02
1.700000e-07	-6.841488e-09	-7.293156e-09	-5.662129e+01	-8.389641e+02
1.800000e-07	-6.835938e-09	-7.096101e-09	-5.657536e+01	-8.388153e+02
1.900000e-07	-6.830204e-09	-7.215601e-09	-5.652790e+01	-8.386459e+02
2.000000e-07	-6.823991e-09	-7.360705e-09	-5.647649e+01	-8.384557e+02
2.100000e-07	-6.817499e-09	-7.149184e-09	-5.642276e+01	-8.382443e+02
2.200000e-07	-6.810942e-09	-7.120240e-09	-5.636849e+01	-8.380117e+02
2.300000e-07	-6.804031e-09	-7.309567e-09	-5.631130e+01	-8.377577e+02
2.400000e-07	-6.796680e-09	-7.220446e-09	-5.625045e+01	-8.374820e+02
2.500000e-07	-6.789122e-09	-7.089964e-09	-5.618790e+01	-8.371846e+02
2.600000e-07	-6.781295e-09	-7.223110e-09	-5.612313e+01	-8.368653e+02
2.700000e-07	-6.773070e-09	-7.244232e-09	-5.605505e+01	-8.365240e+02
2.800000e-07	-6.764657e-09	-7.097409e-09	-5.598542e+01	-8.361607e+02
2.900000e-07	-6.755981e-09	-7.186859e-09	-5.591362e+01	-8.357753e+02
3.000000e-07	-6.746832e-09	-7.243809e-09	-5.583791e+01	-8.353678e+02
3.100000e-07	-6.737412e-09	-7.100847e-09	-5.575994e+01	-8.349382e+02
3.200000e-07	-6.727775e-09	-7.113977e-09	-5.568018e+01	-8.344866e+02
3.300000e-07	-6.717608e-09	-7.229679e-09	-5.559604e+01	-8.340131e+02
3.400000e-07	-6.706956e-09	-7.134750e-09	-5.550789e+01	-8.335176e+02
3.500000e-07	-6.696091e-09	-7.100957e-09	-5.541796e+01	-8.330004e+02
3.600000e-07	-6.684895e-09	-7.173397e-09	-5.532530e+01	-8.324615e+02
3.700000e-07	-6.673302e-09	-7.116354e-09	-5.522936e+01	-8.319012e+02
3.800000e-07	-6.661396e-09	-7.104293e-09	-5.513082e+01	-8.313197e+02
3.900000e-07	-6.649148e-09	-7.128276e-09	-5.502946e+01	-8.307171e+02
4.000000e-07	-6.636592e-09	-7.083854e-09	-5.492554e+01	-8.300936e+02
4.100000e-07	-6.623777e-09	-7.089339e-09	-5.481948e+01	-8.294496e+02
4.200000e-07	-6.610624e-09	-7.132889e-09	-5.471062e+01	-8.287853e+02
4.300000e-07	-6.597118e-09	-7.064598e-09	-5.459884e+01	-8.281009e+02
4.400000e-07	-6.583373e-09	-7.051992e-09	-5.448509e+01	-8.273968e+02
4.500000e-07	-6.569385e-09	-7.093486e-09	-5.436932e+01	-8.266732e+02
4.600000e-07	-6.555118e-09	-7.044120e-09	-5.425124e+01	-8.259305e+02
4.700000e-07	-6.540568e-09	-7.041679e-09	-5.413083e+01	-8.251690e+02
4.800000e-07	-6.525704e-09	-7.057301e-09	-5.400781e+01	-8.243890e+02
4.900000e-07	-6.510531e-09	-7.024771e-09	-5.388224e+01	-8.235908e+02
5.000000e-07	-6.495022e-09	-7.024706e-09	-5.375388e+01	-8.227748e+02
5.100000e-07	-6.479152e-09	-7.044737e-09	-5.362254e+01	-8.219411e+02
5.200000e-07	-6.462951e-09	-7.006565e-09	-5.348846e+01	-8.210902e+02
5.300000e-07	-6.446457e-09	-6.983726e-09	-5.335195e+01	-8.202224e+02
5.400000e-07	-6.429666e-09	-7.008604e-09	-5.321298e+01	-8.193378e+02
5.500000e-07	-6.412576e-09	-6.995079e-09	-5.307155e+01	-8.184369e+02
5.600000e-07	-6.395202e-09	-6.981491e-09	-5.292775e+01	-8.175197e+02
5.700000e-07	-6.377528e-09	-6.975999e-09	-5.278148e+01	-8.165866e+02
5.800000e-07	-6.359546e-09	-6.966324e-09	-5.263266e+01	-8.156377e+02
5.900000e-07	-6.341231e-09	-6.961863e-09	-5.248108e+01	-8.146733e+02
6.000000e-07	-6.322595e-09	-6.956017e-09	-5.232685e+01	-8.136935e+02
6.100000e-07	-6.303682e-09	-6.942437e-09	-5.217031e+01	-8.126985e+02
6.200000e-07	-6.284489e-09	-6.932775e-09	-5.201147e+01	-8.116882e+02
6.300000e-07	-6.265010e-09	-6.941380e-09	-5.185026e+01	-8.106629e+02
6.400000e-07	-6.245249e-09	-6.929496e-09	-5.168672e+01	-8.096225e+02
6.500000e-07	-6.225220e-09	-6.915539e-09	-5.152095e+01	-8.085670e+02
6.600000e-07	-6.204919e-09	-6.900551e-09	-5.135294e+01	-8.074966e+02
6.700000e-07	-6.184360e-09	-6.882986e-09	-5.118279e+01	-8.064110e+02
6.800000e-07	-6.163536e-09	-6.880872e-09	-5.101045e+01	-8.053102e+02
6.900000e-07	-6.142432e-09	-6.876375e-09	-5.083579e+01	-8.041940e+02
7.000000e-07	-6.121068e-09	-6.868612e-09	-5.065897e+01	-8.030625e+02
7.100000e-07	-6.099423e-09	-6.859387e-09	-5.047983e+01	-8.019152e+02
7.200000e-07	-6.077488e-09	-6.858438e-09	-5.029830e+01	-8.007521e+02
7.300000e-07	-6.055276e-09	-6.848146e-09	-5.011447e+01	-7.995729e+02
7.400000e-07	-6.032782e-09	-6.831079e-09	-4.992830e+01	-7.983773e+02
7.500000e-07	-6.009979e-09	-6.813257e-09	-4.973958e+01	-7.971650e+02
7.600000e-07	-5.986834e-09	-6.796330e-09	-4.954803e+01	-7.959357e+02
7.700000e-07	-5.963350e-09	-6.794095e-09	-4.935367e+01	-7.946890e+02
7.800000e-07	-5.939557e-09	-6.789154e-09	-4.915676e+01	-7.934245e+02
7.900000e-07	-5.915479e-09	-6.781800e-09	-4.895749e+01	-7.921419e+02
8.000000e-07	-5.891107e-09	-6.769784e-09	-4.875578e+01	-7.908407e+02
8.100000e-07	-5.866447e-09	-6.759722e-09	-4.855169e+01	-7.895205e+02
8.200000e-07	-5.841512e-09	-6.749839e-09	-4.834532e+01	-7.881809e+02
8.300000e-07	-5.816319e-09	-6.733433e-09	-4.813682e+01	-7.868214e+02
8.400000e-07	-5.790882e-09	-6.713934e-09	-4.792630e+01	-7.854415e+02
8.500000e-07	-5.765192e-09	-6.693212e-09	-4.771368e+01	-7.840407e+02
8.600000e-07	-5.739246e-09	-6.683535e-09	-4.749895e+01	-7.826186e+02
8.700000e-07	-5.713057e-09	-6.675411e-09	-4.728221e+01	-7.811747e+02
8.800000e-07	-5.686638e-09	-6.666688e-09	-4.706356e+01	-7.797086e+02
8.900000e-07	-5.659970e-09	-6.655280e-09	-4.684285e+01	-7.782196e+02
9.000000e-07	-5.633045e-09	-6.643232e-09	-4.662001e+01	-7.767075e+02
9.100000e-07	-5.605865e-09	-6.635772e-09	-4.639507e+01	-7.751717e+02
9.200000e-07	-5.578418e-09	-6.624158e-09	-4.616791e+01	-7.736118e+02
9.300000e-07	-5.550699e-09	-6.607685e-09	-4.593851e+01	-7.720274e+02
9.400000e-07	-5.522700e-09	-6.586829e-09	-4.570678e+01	-7.704180e+02
9.500000e-07	-5.494396e-09	-6.569504e-09	-4.547253e+01	-7.687834e+02
9.600000e-07	-5.465783e-09	-6.552066e-09	-4.523573e+01	-7.671230e+02
9.700000e-07	-5.436888e-09	-6.532171e-09	-4.499659e+01	-7.654366e+02
9.800000e-07	-5.407727e-09	-6.513711e-09	-4.475525e+01	-7.637239e+02
9.900000e-07	-5.378299e-09	-6.499130e-09	-4.451169e+01	-7.619845e+02
1.000000e-06	-5.348607e-09	-6.491125e-09	-4.426596e+01	-7.602182e+02
1.010000e-06	-5.318672e-09	-6.482624e-09	-4.401821e+01	-7.584248e+02
1.020000e-06	-5.288499e-09	-6.469771e-09	-4.376850e+01	-7.566041e+02
1.030000e-06	-5.258089e-09	-6.451307e-09	-4.351681e+01	-7.547559e+02
1.040000e-06	-5.227435e-09	-6.428701e-09	-4.326312e+01	-7.528801e+02
1.050000e-06	-5.196541e-09	-6.401600e-09	-4.300743e+01	-7.509765e+02
1.060000e-06	-5.165418e-09	-6.375481e-09	-4.274986e+01	-7.490451e+02
1.070000e-06	-5.134077e-09	-6.354392e-09	-4.249047e+01	-7.470858e+02
1.080000e-06	-5.102514e-09	-6.340025e-09	-4.222925e+01	-7.450987e+02
1.090000e-06	-5.070724e-09	-6.331625e-09	-4.196615e+01	-7.430837e+02
1.100000e-06	-5.038715e-09	-6.321290e-09	-4.170124e+01	-7.410409e+02
1.110000e-06	-5.006495e-09	-6.306377e-09	-4.143458e+01	-7.389704e+02
1.120000e-06	-4.974063e-09	-6.286459e-09	-4.116617e+01	-7.368723e+02
1.130000e-06	-4.941408e-09	-6.264877e-09	-4.089591e+01	-7.347466e+02
1.140000e-06	-4.908518e-09	-6.239751e-09	-4.062370e+01	-7.325936e+02
1.150000e-06	-4.875391e-09	-6.213941e-09	-4.034954e+01	-7.304133e+02
1.160000e-06	-4.842026e-09	-6.192701e-09	-4.007341e+01	-7.282061e+02
1.170000e-06	-4.808419e-09	-6.176291e-09	-3.979527e+01	-7.259721e+02
1.180000e-06	-4.774568e-09	-6.164529e-09	-3.951511e+01	-7.237114e+02
1.190000e-06	-4.740480e-09	-6.151401e-09	-3.923300e+01	-7.214245e+02
1.200000e-06	-4.706170e-09	-6.135735e-09	-3.894904e+01	-7.191114e+02
1.210000e-06	-4.671642e-09	-6.116558e-09	-3.866328e+01	-7.167724e+02
1.220000e-06	-4.636885e-09	-6.096004e-09	-3.837563e+01	-7.144078e+02
1.230000e-06	-4.601894e-09	-6.075093e-09	-3.808604e+01	-7.120178e+02
1.240000e-06	-4.566679e-09	-6.050758e-09	-3.779458e+01	-7.096026e+02
1.250000e-06	-4.531257e-09	-6.026714e-09	-3.750143e+01	-7.071626e+02
1.260000e-06	-4.495634e-09	-6.006023e-09	-3.720661e+01	-7.046979e+02
1.270000e-06	-4.459806e-09	-5.987780e-09	-3.691009e+01	-7.022087e+02
1.280000e-06	-4.423780e-09	-5.967559e-09	-3.661193e+01	-6.996953e+02
1.290000e-06	-4.387563e-09	-5.945944e-09	-3.631220e+01	-6.971578e+02
1.300000e-06	-4.351149e-09	-5.926883e-09	-3.601082e+01	-6.945965e+02
1.310000e-06	-4.314525e-09	-5.909682e-09	-3.570772e+01	-6.920114e+02
1.320000e-06	-4.277689e-09	-5.892008e-09	-3.540286e+01	-6.894027e+02
1.330000e-06	-4.240652e-09	-5.871029e-09	-3.509633e+01	-6.867705e+02
1.340000e-06	-4.203428e-09	-5.846745e-09	-3.478827e+01	-6.841149e+02
1.350000e-06	-4.166021e-09	-5.821704e-09	-3.447867e+01	-6.814360e+02
1.360000e-06	-4.128421e-09	-5.797758e-09	-3.416749e+01	-6.787337e+02
1.370000e-06	-4.090622e-09	-5.773677e-09	-3.385466e+01	-6.760080e+02
1.380000e-06	-4.052626e-09	-5.751595e-09	-3.354020e+01	-6.732589e+02
1.390000e-06	-4.014431e-09	-5.732379e-09	-3.322409e+01	-6.704863e+02
1.400000e-06	-3.976031e-09	-5.715862e-09	-3.290628e+01	-6.676902e+02
1.410000e-06	-3.937432e-09	-5.699578e-09	-3.258683e+01	-6.648703e+02
1.420000e-06	-3.898643e-09	-5.676357e-09	-3.226581e+01	-6.620265e+02
1.430000e-06	-3.859675e-09	-5.648907e-09	-3.194330e+01	-6.591585e+02
1.440000e-06	-3.820538e-09	-5.619601e-09	-3.161940e+01	-6.562662e+02
1.450000e-06	-3.781228e-09	-5.590124e-09	-3.129406e+01	-6.533493e+02
1.460000e-06	-3.741741e-09	-5.560998e-09	-3.096726e+01	-6.504074e+02
1.470000e-06	-3.702085e-09	-5.533025e-09	-3.063907e+01	-6.474403e+02
1.480000e-06	-3.662262e-09	-5.510515e-09	-3.030948e+01	-6.444475e+02
1.490000e-06	-3.622269e-09	-5.491248e-09	-2.997849e+01	-6.414286e+02
1.500000e-06	-3.582112e-09	-5.473515e-09	-2.964615e+01	-6.383834e+02
1.510000e-06	-3.541795e-09	-5.450490e-09	-2.931248e+01	-6.353112e+02
1.520000e-06	-3.501321e-09	-5.422044e-09	-2.897751e+01	-6.322116e+02
1.530000e-06	-3.460689e-09	-5.393517e-09	-2.864123e+01	-6.290842e+02
1.540000e-06	-3.419889e-09	-5.364660e-09	-2.830356e+01	-6.259285e+02
1.550000e-06	-3.378907e-09	-5.335879e-09	-2.796439e+01	-6.227439e+02
1.560000e-06	-3.337757e-09	-5.306143e-09	-2.762383e+01	-6.195300e+02
1.570000e-06	-3.296447e-09	-5.279993e-09	-2.728194e+01	-6.162861e+02
1.580000e-06	-3.254967e-09	-5.256641e-09	-2.693864e+01	-6.130118e+02
1.590000e-06	-3.213311e-09	-5.231914e-09	-2.659389e+01	-6.097065e+02
1.600000e-06	-3.171489e-09	-5.203248e-09	-2.624776e+01	-6.063696e+02
1.610000e-06	-3.129517e-09	-5.172678e-09	-2.590040e+01	-6.030007e+02
1.620000e-06	-3.087398e-09	-5.141702e-09	-2.555181e+01	-5.995991e+02
1.630000e-06	-3.045128e-09	-5.109856e-09	-2.520198e+01	-5.961643e+02
1.640000e-06	-3.002715e-09	-5.080941e-09	-2.485096e+01	-5.926959e+02
1.650000e-06	-2.960160e-09	-5.051647e-09	-2.449877e+01	-5.891932e+02
1.660000e-06	-2.917474e-09	-5.021534e-09	-2.414549e+01	-5.856558e+02
1.670000e-06	-2.874672e-09	-4.988344e-09	-2.379126e+01	-5.820832e+02
1.680000e-06	-2.831755e-09	-4.956575e-09	-2.343607e+01	-5.784748e+02
1.690000e-06	-2.788720e-09	-4.925393e-09	-2.307990e+01	-5.748304e+02
1.700000e-06	-2.745570e-09	-4.891737e-09	-2.272278e+01	-5.711493e+02
1.710000e-06	-2.702308e-09	-4.857026e-09	-2.236474e+01	-5.674312e+02
1.720000e-06	-2.658940e-09	-4.819507e-09	-2.200582e+01	-5.636757e+02
1.730000e-06	-2.615466e-09	-4.785070e-09	-2.164602e+01	-5.598824e+02
1.740000e-06	-2.571883e-09	-4.752779e-09	-2.128532e+01	-5.560510e+02
1.750000e-06	-2.528190e-09	-4.722903e-09	-2.092371e+01	-5.521811e+02
1.760000e-06	-2.484389e-09	-4.693628e-09	-2.056121e+01	-5.482724e+02
1.770000e-06	-2.440478e-09	-4.662566e-09	-2.019780e+01	-5.443246e+02
1.780000e-06	-2.396449e-09	-4.629941e-09	-1.983340e+01	-5.403375e+02
1.790000e-06	-2.352301e-09	-4.591473e-09	-1.946803e+01	-5.363107e+02
1.800000e-06	-2.308040e-09	-4.547081e-09	-1.910171e+01	-5.322442e+02
1.810000e-06	-2.263661e-09	-4.500454e-09	-1.873442e+01	-5.281376e+02
1.820000e-06	-2.219169e-09	-4.458493e-09	-1.836620e+01	-5.239907e+02
1.830000e-06	-2.174564e-09	-4.425190e-09	-1.799704e+01	-5.198034e+02
1.840000e-06	-2.129842e-09	-4.397487e-09	-1.762692e+01	-5.155755e+02
1.850000e-06	-2.085017e-09	-4.369459e-09	-1.725593e+01	-5.113069e+02
1.860000e-06	-2.040095e-09	-4.335930e-09	-1.688415e+01	-5.069972e+02
1.870000e-06	-1.995086e-09	-4.299207e-09	-1.651165e+01	-5.026465e+02
1.880000e-06	-1.949999e-09	-4.257837e-09	-1.613851e+01	-4.982545e+02
1.890000e-06	-1.904840e-09	-4.210324e-09	-1.576476e+01	-4.938211e+02
1.900000e-06	-1.859611e-09	-4.163449e-09	-1.539044e+01	-4.893461e+02
1.910000e-06	-1.814308e-09	-4.124057e-09	-1.501551e+01	-4.848293e+02
1.920000e-06	-1.768935e-09	-4.092674e-09	-1.463999e+01	-4.802705e+02
1.930000e-06	-1.723492e-09	-4.060511e-09	-1.426389e+01	-4.756696e+02
1.940000e-06	-1.677981e-09	-4.023074e-09	-1.388724e+01	-4.710262e+02
1.950000e-06	-1.632396e-09	-3.979736e-09	-1.350997e+01	-4.663402e+02
1.960000e-06	-1.586732e-09	-3.933143e-09	-1.313204e+01	-4.616113e+02
1.970000e-06	-1.540993e-09	-3.887610e-09	-1.275350e+01	-4.568391e+02
1.980000e-06	-1.495184e-09	-3.844920e-09	-1.237438e+01	-4.520233e+02
1.990000e-06	-1.449306e-09	-3.804557e-09	-1.199469e+01	-4.471636e+02
2.000000e-06	-1.403353e-09	-3.765198e-09	-1.161437e+01	-4.422595e+02
2.010000e-06	-1.357325e-09	-3.729469e-09	-1.123344e+01	-4.373106e+02
2.020000e-06	-1.311226e-09	-3.693860e-09	-1.085191e+01	-4.323163e+02
2.030000e-06	-1.265056e-09	-3.652302e-09	-1.046980e+01	-4.272762e+02
2.040000e-06	-1.218818e-09	-3.602809e-09	-1.008713e+01	-4.221897e+02
2.050000e-06	-1.172510e-09	-3.551247e-09	-9.703875e+00	-4.170560e+02
2.060000e-06	-1.126140e-09	-3.504957e-09	-9.320107e+00	-4.118746e+02
2.070000e-06	-1.079720e-09	-3.463193e-09	-8.935931e+00	-4.066446e+02
2.080000e-06	-1.033258e-09	-3.420946e-09	-8.551401e+00	-4.013654e+02
2.090000e-06	-9.867534e-10	-3.375188e-09	-8.166523e+00	-3.960360e+02
2.100000e-06	-9.402106e-10	-3.328839e-09	-7.781327e+00	-3.906555e+02
2.110000e-06	-8.936355e-10	-3.282680e-09	-7.395863e+00	-3.852231e+02
2.120000e-06	-8.470338e-10	-3.236034e-09	-7.010180e+00	-3.797378e+02
2.130000e-06	-8.004066e-10	-3.186165e-09	-6.624286e+00	-3.741984e+02
2.140000e-06	-7.537541e-10	-3.133003e-09	-6.238182e+00	-3.686040e+02
2.150000e-06	-7.070762e-10	-3.082913e-09	-5.851868e+00	-3.629534e+02
2.160000e-06	-6.603762e-10	-3.035526e-09	-5.465370e+00	-3.572454e+02
2.170000e-06	-6.136514e-10	-2.985248e-09	-5.078668e+00	-3.514789e+02
2.180000e-06	-5.668979e-10	-2.929887e-09	-4.691729e+00	-3.456527e+02
2.190000e-06	-5.201143e-10	-2.874558e-09	-4.304540e+00	-3.397654e+02
2.200000e-06	-4.733006e-10	-2.823434e-09	-3.917101e+00	-3.338158e+02
2.210000e-06	-4.264627e-10	-2.774480e-09	-3.529463e+00	-3.278025e+02
2.220000e-06	-3.795983e-10	-2.724110e-09	-3.141605e+00	-3.217244e+02
2.230000e-06	-3.327094e-10	-2.670642e-09	-2.753545e+00	-3.155800e+02
2.240000e-06	-2.857995e-10	-2.618413e-09	-2.365311e+00	-3.093681e+02
2.250000e-06	-2.388721e-10	-2.566032e-09	-1.976932e+00	-3.030873e+02
2.260000e-06	-1.919336e-10	-2.510543e-09	-1.588461e+00	-2.967363e+02
2.270000e-06	-1.449804e-10	-2.449126e-09	-1.199868e+00	-2.903139e+02
2.280000e-06	-9.801937e-11	-2.384528e-09	-8.112106e-01	-2.838187e+02
2.290000e-06	-5.106464e-11	-2.323266e-09	-4.226051e-01	-2.772495e+02
2.300000e-06	-4.118060e-12	-2.263821e-09	-3.406728e-02	-2.706052e+02
2.310000e-06	4.282230e-11	-2.207887e-09	3.544191e-01	-2.638846e+02
2.320000e-06	8.975240e-11	-2.154327e-09	7.428205e-01	-2.570867e+02
2.330000e-06	1.366657e-10	-2.101961e-09	1.131083e+00	-2.502102e+02
2.340000e-06	1.835643e-10	-2.047071e-09	1.519224e+00	-2.432545e+02
2.350000e-06	2.304529e-10	-1.982084e-09	1.907281e+00	-2.362184e+02
2.360000e-06	2.773298e-10	-1.910600e-09	2.295242e+00	-2.291013e+02
2.370000e-06	3.241915e-10	-1.836563e-09	2.683077e+00	-2.219024e+02
2.380000e-06	3.710391e-10	-1.766217e-09	3.070796e+00	-2.146211e+02
2.390000e-06	4.178716e-10	-1.702440e-09	3.458390e+00	-2.072569e+02
2.400000e-06	4.646857e-10	-1.642910e-09	3.845831e+00	-1.998094e+02
2.410000e-06	5.114816e-10	-1.585437e-09	4.233121e+00	-1.922783e+02
2.420000e-06	5.582599e-10	-1.525574e-09	4.620266e+00	-1.846635e+02
2.430000e-06	6.050182e-10	-1.463884e-09	5.007246e+00	-1.769649e+02
2.440000e-06	6.517549e-10	-1.395185e-09	5.394047e+00	-1.691827e+02
2.450000e-06	6.984675e-10	-1.321924e-09	5.780648e+00	-1.613170e+02
2.460000e-06	7.451557e-10	-1.247098e-09	6.167047e+00	-1.533684e+02
2.470000e-06	7.918155e-10	-1.173152e-09	6.553211e+00	-1.453372e+02
2.480000e-06	8.384400e-10	-1.102942e-09	6.939084e+00	-1.372243e+02
2.490000e-06	8.850267e-10	-1.034605e-09	7.324643e+00	-1.290304e+02
2.500000e-06	9.315746e-10	-9.685724e-10	7.709881e+00	-1.207565e+02
2.510000e-06	9.780779e-10	-9.019057e-10	8.094750e+00	-1.124039e+02
2.520000e-06	1.024531e-09	-8.353789e-10	8.479201e+00	-1.039737e+02
2.530000e-06	1.070928e-09	-7.659484e-10	8.863191e+00	-9.546759e+01
2.540000e-06	1.117265e-09	-6.923475e-10	9.246688e+00	-8.688707e+01
2.550000e-06	1.163540e-09	-6.157631e-10	9.629664e+00	-7.823396e+01
2.560000e-06	1.209747e-09	-5.382153e-10	1.001208e+01	-6.951022e+01
2.570000e-06	1.255884e-09	-4.629672e-10	1.039392e+01	-6.071796e+01
2.580000e-06	1.301958e-09	-3.879905e-10	1.077523e+01	-5.185944e+01
2.590000e-06	1.347974e-09	-3.149301e-10	1.115607e+01	-4.293709e+01
2.600000e-06	1.393932e-09	-2.426111e-10	1.153643e+01	-3.395345e+01
2.610000e-06	1.439829e-09	-1.700379e-10	1.191628e+01	-2.491125e+01
2.620000e-06	1.485665e-09	-9.740204e-11	1.229563e+01	-1.581332e+01
2.630000e-06	1.531439e-09	-2.331445e-11	1.267446e+01	-6.662643e+00
2.640000e-06	1.577146e-09	5.330610e-11	1.305273e+01	2.537664e+00
2.650000e-06	1.622783e-09	1.322533e-10	1.343044e+01	1.178437e+01
2.660000e-06	1.668352e-09	2.130851e-10	1.380757e+01	2.107414e+01
2.670000e-06	1.713841e-09	2.954151e-10	1.418405e+01	3.040350e+01
2.680000e-06	1.759249e-09	3.764556e-10	1.455985e+01	3.976890e+01
2.690000e-06	1.804576e-09	4.560687e-10	1.493499e+01	4.916668e+01
2.700000e-06	1.849824e-09	5.337585e-10	1.530947e+01	5.859312e+01
2.710000e-06	1.894988e-09	6.105795e-10	1.568325e+01	6.804439e+01
2.720000e-06	1.940070e-09	6.866912e-10	1.605636e+01	7.751661e+01
2.730000e-06	1.985068e-09	7.609296e-10	1.642877e+01	8.700583e+01
2.740000e-06	2.029975e-09	8.380561e-10	1.680042e+01	9.650808e+01
2.750000e-06	2.074787e-09	9.220634e-10	1.717130e+01	1.060193e+02
2.760000e-06	2.119495e-09	1.009679e-09	1.754131e+01	1.155354e+02
2.770000e-06	2.164094e-09	1.094356e-09	1.791041e+01	1.250524e+02
2.780000e-06	2.208584e-09	1.174482e-09	1.827862e+01	1.345661e+02
2.790000e-06	2.252969e-09	1.252542e-09	1.864596e+01	1.440724e+02
2.800000e-06	2.297254e-09	1.330264e-09	1.901247e+01	1.535672e+02
2.810000e-06	2.341436e-09	1.406663e-09	1.937813e+01	1.630465e+02
2.820000e-06	2.385510e-09	1.481974e-09	1.974290e+01	1.725062e+02
2.830000e-06	2.429478e-09	1.561322e-09	2.010678e+01	1.819422e+02
2.840000e-06	2.473338e-09	1.645966e-09	2.046977e+01	1.913507e+02
2.850000e-06	2.517090e-09	1.731572e-09	2.083187e+01	2.007276e+02
2.860000e-06	2.560735e-09	1.811841e-09	2.119309e+01	2.100691e+02
2.870000e-06	2.604274e-09	1.888339e-09	2.155342e+01	2.193714e+02
2.880000e-06	2.647707e-09	1.967760e-09	2.191288e+01	2.286307e+02
2.890000e-06	2.691031e-09	2.050020e-09	2.227144e+01	2.378436e+02
2.900000e-06	2.734234e-09	2.129371e-09	2.262899e+01	2.470063e+02
2.910000e-06	2.777308e-09	2.203392e-09	2.298548e+01	2.561155e+02
2.920000e-06	2.820252e-09	2.276139e-09	2.334089e+01	2.651678e+02
2.930000e-06	2.863064e-09	2.351386e-09	2.369521e+01	2.741599e+02
2.940000e-06	2.905740e-09	2.428112e-09	2.404841e+01	2.830889e+02
2.950000e-06	2.948276e-09	2.502526e-09	2.440044e+01	2.919516e+02
2.960000e-06	2.990672e-09	2.576266e-09	2.475131e+01	3.007452e+02
2.970000e-06	3.032929e-09	2.652877e-09	2.510104e+01	3.094670e+02
2.980000e-06	3.075045e-09	2.731743e-09	2.544960e+01	3.181143e+02
2.990000e-06	3.117021e-09	2.808358e-09	2.579700e+01	3.266848e+02
3.000000e-06	3.158863e-09	2.879095e-09	2.614329e+01	3.351760e+02
3.010000e-06	3.200555e-09	2.947067e-09	2.648835e+01	3.435857e+02
3.020000e-06	3.242092e-09	3.016420e-09	2.683211e+01	3.519120e+02
3.030000e-06	3.283476e-09	3.088129e-09	2.717461e+01	3.601530e+02
3.040000e-06	3.324701e-09	3.159562e-09	2.751579e+01	3.683068e+02
3.050000e-06	3.365765e-09	3.229223e-09	2.785564e+01	3.763718e+02
3.060000e-06	3.406668e-09	3.298815e-09	2.819417e+01	3.843467e+02
3.070000e-06	3.447410e-09	3.369226e-09	2.853135e+01	3.922300e+02
3.080000e-06	3.487988e-09	3.438290e-09	2.886718e+01	4.000205e+02
3.090000e-06	3.528400e-09	3.503434e-09	2.920164e+01	4.077173e+02
3.100000e-06	3.568649e-09	3.567372e-09	2.953475e+01	4.153195e+02
3.110000e-06	3.608737e-09	3.631684e-09	2.986652e+01	4.228262e+02
3.120000e-06	3.648654e-09	3.694887e-09	3.019688e+01	4.302369e+02
3.130000e-06	3.688387e-09	3.756184e-09	3.052572e+01	4.375510e+02
3.140000e-06	3.727939e-09	3.815717e-09	3.085306e+01	4.447682e+02
3.150000e-06	3.767311e-09	3.876990e-09	3.117891e+01	4.518882e+02
3.160000e-06	3.806503e-09	3.940118e-09	3.150327e+01	4.589109e+02
3.170000e-06	3.845515e-09	4.001681e-09	3.182613e+01	4.658362e+02
3.180000e-06	3.884353e-09	4.061118e-09	3.214757e+01	4.726644e+02
3.190000e-06	3.923018e-09	4.118197e-09	3.246756e+01	4.793955e+02
3.200000e-06	3.961510e-09	4.172818e-09	3.278613e+01	4.860299e+02
3.210000e-06	3.999825e-09	4.226329e-09	3.310323e+01	4.925680e+02
3.220000e-06	4.037955e-09	4.278543e-09	3.341880e+01	4.990103e+02
3.230000e-06	4.075896e-09	4.331677e-09	3.373281e+01	5.053574e+02
3.240000e-06	4.113647e-09	4.386510e-09	3.404524e+01	5.116100e+02
3.250000e-06	4.151211e-09	4.441403e-09	3.435613e+01	5.177687e+02
3.260000e-06	4.188595e-09	4.497013e-09	3.466552e+01	5.238344e+02
3.270000e-06	4.225797e-09	4.550168e-09	3.497341e+01	5.298080e+02
3.280000e-06	4.262818e-09	4.599486e-09	3.527980e+01	5.356905e+02
3.290000e-06	4.299646e-09	4.647543e-09	3.558460e+01	5.414828e+02
3.300000e-06	4.336262e-09	4.695616e-09	3.588764e+01	5.471859e+02
3.310000e-06	4.372653e-09	4.743351e-09	3.618881e+01	5.528010e+02
3.320000e-06	4.408821e-09	4.788503e-09	3.648815e+01	5.583293e+02
3.330000e-06	4.444775e-09	4.831302e-09	3.678571e+01	5.637718e+02
3.340000e-06	4.480517e-09	4.874032e-09	3.708152e+01	5.691298e+02
3.350000e-06	4.516047e-09	4.917881e-09	3.737557e+01	5.744045e+02
3.360000e-06	4.551360e-09	4.962562e-09	3.766783e+01	5.795972e+02
3.370000e-06	4.586457e-09	5.007935e-09	3.795829e+01	5.847091e+02
3.380000e-06	4.621336e-09	5.054220e-09	3.824695e+01	5.897416e+02
3.390000e-06	4.655995e-09	5.099055e-09	3.853380e+01	5.946958e+02
3.400000e-06	4.690437e-09	5.140461e-09	3.881885e+01	5.995731e+02
3.410000e-06	4.724665e-09	5.178601e-09	3.910213e+01	6.043748e+02
3.420000e-06	4.758681e-09	5.214451e-09	3.938365e+01	6.091022e+02
3.430000e-06	4.792484e-09	5.251408e-09	3.966340e+01	6.137565e+02
3.440000e-06	4.826067e-09	5.291180e-09	3.994135e+01	6.183391e+02
3.450000e-06	4.859433e-09	5.330715e-09	4.021749e+01	6.228513e+02
3.460000e-06	4.892574e-09	5.369660e-09	4.049177e+01	6.272942e+02
3.470000e-06	4.925485e-09	5.408639e-09	4.076415e+01	6.316691e+02
3.480000e-06	4.958174e-09	5.445929e-09	4.103468e+01	6.359773e+02
3.490000e-06	4.990643e-09	5.481942e-09	4.130340e+01	6.402199e+02
3.500000e-06	5.022893e-09	5.516461e-09	4.157031e+01	6.443980e+02
3.510000e-06	5.054923e-09	5.548573e-09	4.183539e+01	6.485130e+02
3.520000e-06	5.086723e-09	5.579891e-09	4.209858e+01	6.525658e+02
3.530000e-06	5.118285e-09	5.609425e-09	4.235979e+01	6.565576e+02
3.540000e-06	5.149598e-09	5.640495e-09	4.261894e+01	6.604894e+02
3.550000e-06	5.180665e-09	5.676948e-09	4.287605e+01	6.643622e+02
3.560000e-06	5.211486e-09	5.716332e-09	4.313114e+01	6.681772e+02
3.570000e-06	5.242059e-09	5.754462e-09	4.338417e+01	6.719351e+02
3.580000e-06	5.272384e-09	5.787702e-09	4.363514e+01	6.756371e+02
3.590000e-06	5.302461e-09	5.818117e-09	4.388406e+01	6.792839e+02
3.600000e-06	5.332294e-09	5.845300e-09	4.413097e+01	6.828764e+02
3.610000e-06	5.361884e-09	5.869423e-09	4.437586e+01	6.864155e+02
3.620000e-06	5.391227e-09	5.895530e-09	4.461870e+01	6.899020e+02
3.630000e-06	5.420325e-09	5.926049e-09	4.485952e+01	6.933366e+02
3.640000e-06	5.449181e-09	5.961376e-09	4.509834e+01	6.967201e+02
3.650000e-06	5.477786e-09	5.997240e-09	4.533508e+01	7.000532e+02
3.660000e-06	5.506122e-09	6.028101e-09	4.556959e+01	7.033365e+02
3.670000e-06	5.534186e-09	6.056152e-09	4.580185e+01	7.065706e+02
3.680000e-06	5.561984e-09	6.082501e-09	4.603192e+01	7.097562e+02
3.690000e-06	5.589523e-09	6.106209e-09	4.625983e+01	7.128938e+02
3.700000e-06	5.616799e-09	6.130185e-09	4.648557e+01	7.159840e+02
3.710000e-06	5.643812e-09	6.154788e-09	4.670914e+01	7.190272e+02
3.720000e-06	5.670566e-09	6.180869e-09	4.693056e+01	7.220240e+02
3.730000e-06	5.697054e-09	6.207822e-09	4.714978e+01	7.249748e+02
3.740000e-06	5.723279e-09	6.234840e-09	4.736682e+01	7.278799e+02
3.750000e-06	5.749246e-09	6.260957e-09	4.758173e+01	7.307399e+02
3.760000e-06	5.774949e-09	6.282960e-09	4.779444e+01	7.335549e+02
3.770000e-06	5.800386e-09	6.302591e-09	4.800497e+01	7.363255e+02
3.780000e-06	5.825570e-09	6.323428e-09	4.821339e+01	7.390519e+02
3.790000e-06	5.850492e-09	6.347202e-09	4.841965e+01	7.417344e+02
3.800000e-06	5.875140e-09	6.371188e-09	4.862364e+01	7.443733e+02
3.810000e-06	5.899515e-09	6.391455e-09	4.882537e+01	7.469689e+02
3.820000e-06	5.923615e-09	6.409717e-09	4.902483e+01	7.495213e+02
3.830000e-06	5.947434e-09	6.428680e-09	4.922196e+01	7.520309e+02
3.840000e-06	5.970968e-09	6.448330e-09	4.941673e+01	7.544977e+02
3.850000e-06	5.994207e-09	6.464452e-09	4.960906e+01	7.569221e+02
3.860000e-06	6.017146e-09	6.478943e-09	4.979891e+01	7.593042e+02
3.870000e-06	6.039797e-09	6.496920e-09	4.998637e+01	7.616442e+02
3.880000e-06	6.062167e-09	6.518543e-09	5.017151e+01	7.639422e+02
3.890000e-06	6.084269e-09	6.540958e-09	5.035443e+01	7.661984e+02
3.900000e-06	6.106114e-09	6.558677e-09	5.053522e+01	7.684130e+02
3.910000e-06	6.127683e-09	6.573770e-09	5.071373e+01	7.705861e+02
3.920000e-06	6.148963e-09	6.588895e-09	5.088985e+01	7.727179e+02
3.930000e-06	6.169954e-09	6.604948e-09	5.106357e+01	7.748085e+02
3.940000e-06	6.190655e-09	6.620644e-09	5.123490e+01	7.768581e+02
3.950000e-06	6.211080e-09	6.634670e-09	5.140394e+01	7.788668e+02
3.960000e-06	6.231223e-09	6.649077e-09	5.157065e+01	7.808347e+02
3.970000e-06	6.251062e-09	6.664602e-09	5.173484e+01	7.827622e+02
3.980000e-06	6.270593e-09	6.680316e-09	5.189648e+01	7.846492e+02
3.990000e-06	6.289822e-09	6.691955e-09	5.205562e+01	7.864961e+02
4.000000e-06	6.308769e-09	6.700832e-09	5.221243e+01	7.883029e+02
4.010000e-06	6.327456e-09	6.710938e-09	5.236709e+01	7.900700e+02
4.020000e-06	6.345865e-09	6.724449e-09	5.251944e+01	7.917974e+02
4.030000e-06	6.363976e-09	6.739332e-09	5.266933e+01	7.934855e+02
4.040000e-06	6.381787e-09	6.752157e-09	5.281674e+01	7.951345e+02
4.050000e-06	6.399297e-09	6.763150e-09	5.296165e+01	7.967446e+02
4.060000e-06	6.416533e-09	6.773999e-09	5.310430e+01	7.983162e+02
4.070000e-06	6.433507e-09	6.785407e-09	5.324478e+01	7.998494e+02
4.080000e-06	6.450203e-09	6.795209e-09	5.338296e+01	8.013446e+02
4.090000e-06	6.466605e-09	6.806089e-09	5.351870e+01	8.028023e+02
4.100000e-06	6.482706e-09	6.820762e-09	5.365196e+01	8.042225e+02
4.110000e-06	6.498506e-09	6.837548e-09	5.378273e+01	8.056059e+02
4.120000e-06	6.514008e-09	6.850427e-09	5.391102e+01	8.069527e+02
4.130000e-06	6.529196e-09	6.856498e-09	5.403672e+01	8.082633e+02
4.140000e-06	6.544057e-09	6.861148e-09	5.415971e+01	8.095382e+02
4.150000e-06	6.558595e-09	6.867737e-09	5.428003e+01	8.107779e+02
4.160000e-06	6.572828e-09	6.878569e-09	5.439783e+01	8.119827e+02
4.170000e-06	6.586772e-09	6.892359e-09	5.451323e+01	8.131531e+02
4.180000e-06	6.600424e-09	6.906925e-09	5.462621e+01	8.142898e+02
4.190000e-06	6.613759e-09	6.921215e-09	5.473658e+01	8.153931e+02
4.200000e-06	6.626773e-09	6.933385e-09	5.484428e+01	8.164636e+02
4.210000e-06	6.639484e-09	6.943636e-09	5.494948e+01	8.175018e+02
4.220000e-06	6.651916e-09	6.948942e-09	5.505237e+01	8.185084e+02
4.230000e-06	6.664083e-09	6.952427e-09	5.515306e+01	8.194838e+02
4.240000e-06	6.675953e-09	6.958956e-09	5.525130e+01	8.204288e+02
4.250000e-06	6.687489e-09	6.967023e-09	5.534678e+01	8.213438e+02
4.260000e-06	6.698704e-09	6.976290e-09	5.543959e+01	8.222294e+02
4.270000e-06	6.709610e-09	6.985911e-09	5.552985e+01	8.230864e+02
4.280000e-06	6.720187e-09	6.996994e-09	5.561739e+01	8.239152e+02
4.290000e-06	6.730399e-09	7.008761e-09	5.570191e+01	8.247166e+02
4.300000e-06	6.740248e-09	7.019532e-09	5.578342e+01	8.254912e+02
4.310000e-06	6.749779e-09	7.027988e-09	5.586229e+01	8.262395e+02
4.320000e-06	6.759022e-09	7.033586e-09	5.593880e+01	8.269622e+02
4.330000e-06	6.767992e-09	7.038713e-09	5.601303e+01	8.276599e+02
4.340000e-06	6.776655e-09	7.043009e-09	5.608473e+01	8.283333e+02
4.350000e-06	6.784975e-09	7.047563e-09	5.615359e+01	8.289828e+02
4.360000e-06	6.792982e-09	7.053007e-09	5.621985e+01	8.296092e+02
4.370000e-06	6.800695e-09	7.060109e-09	5.628369e+01	8.302130e+02
4.380000e-06	6.808125e-09	7.069392e-09	5.634518e+01	8.307948e+02
4.390000e-06	6.815255e-09	7.077817e-09	5.640419e+01	8.313550e+02
4.400000e-06	6.822044e-09	7.083897e-09	5.646037e+01	8.318943e+02
4.410000e-06	6.828511e-09	7.086751e-09	5.651389e+01	8.324132e+02
4.420000e-06	6.834685e-09	7.089054e-09	5.656499e+01	8.329121e+02
4.430000e-06	6.840573e-09	7.091485e-09	5.661372e+01	8.333916e+02
4.440000e-06	6.846171e-09	7.092615e-09	5.666005e+01	8.338520e+02
4.450000e-06	6.851417e-09	7.093373e-09	5.670347e+01	8.342938e+02
4.460000e-06	6.856311e-09	7.098039e-09	5.674398e+01	8.347173e+02
4.470000e-06	6.860904e-09	7.108238e-09	5.678198e+01	8.351230e+02
4.480000e-06	6.865210e-09	7.117396e-09	5.681762e+01	8.355112e+02
4.490000e-06	6.869246e-09	7.120750e-09	5.685102e+01	8.358821e+02
4.500000e-06	6.872976e-09	7.120605e-09	5.688190e+01	8.362360e+02
4.510000e-06	6.876369e-09	7.122143e-09	5.690998e+01	8.365732e+02
4.520000e-06	6.879433e-09	7.125093e-09	5.693534e+01	8.368938e+02
4.530000e-06	6.882174e-09	7.125526e-09	5.695802e+01	8.371981e+02
4.540000e-06	6.884590e-09	7.123577e-09	5.697801e+01	8.374861e+02
4.550000e-06	6.886632e-09	7.123630e-09	5.699491e+01	8.377580e+02
4.560000e-06	6.888328e-09	7.126278e-09	5.700895e+01	8.380139e+02
4.570000e-06	6.889731e-09	7.127947e-09	5.702057e+01	8.382537e+02
4.580000e-06	6.890838e-09	7.127605e-09	5.702972e+01	8.384776e+02
4.590000e-06	6.891653e-09	7.128039e-09	5.703647e+01	8.386854e+02
4.600000e-06	6.892129e-09	7.131298e-09	5.704041e+01	8.388771e+02
4.610000e-06	6.892261e-09	7.135357e-09	5.704150e+01	8.390526e+02
4.620000e-06	6.892099e-09	7.135236e-09	5.704016e+01	8.392119e+02
4.630000e-06	6.891649e-09	7.132226e-09	5.703644e+01	8.393548e+02
4.640000e-06	6.890937e-09	7.127983e-09	5.703054e+01	8.394811e+02
4.650000e-06	6.889920e-09	7.124586e-09	5.702213e+01	8.395907e+02
4.660000e-06	6.888565e-09	7.126923e-09	5.701092e+01	8.396833e+02
4.670000e-06	6.886922e-09	7.126006e-09	5.699732e+01	8.397587e+02
4.680000e-06	6.885004e-09	7.122928e-09	5.698144e+01	8.398167e+02
4.690000e-06	6.882807e-09	7.135222e-09	5.696326e+01	8.398571e+02
4.700000e-06	6.880328e-09	7.159849e-09	5.694274e+01	8.398796e+02
4.710000e-06	6.877490e-09	7.094878e-09	5.691925e+01	8.398839e+02
4.720000e-06	6.874127e-09	7.037074e-09	5.689142e+01	8.398697e+02
4.730000e-06	6.870072e-09	7.057900e-09	5.685786e+01	8.398368e+02
4.740000e-06	6.865520e-09	7.200765e-09	5.682019e+01	8.397849e+02
4.750000e-06	6.860993e-09	7.198343e-09	5.678272e+01	8.397136e+02
4.760000e-06	6.856583e-09	6.996113e-09	5.674623e+01	8.396228e+02
4.770000e-06	6.851726e-09	7.049802e-09	5.670603e+01	8.395121e+02
4.780000e-06	6.846234e-09	7.229286e-09	5.666057e+01	8.393812e+02
4.790000e-06	6.840624e-09	7.112821e-09	5.661415e+01	8.392300e+02
4.800000e-06	6.834958e-09	6.970367e-09	5.656725e+01	8.390581e+02
4.810000e-06	6.828721e-09	7.211095e-09	5.651564e+01	8.388653e+02
4.820000e-06	6.821990e-09	7.277852e-09	5.645993e+01	8.386514e+02
4.830000e-06	6.815184e-09	7.033008e-09	5.640360e+01	8.384162e+02
4.840000e-06	6.808127e-09	7.082101e-09	5.634519e+01	8.381596e+02
4.850000e-06	6.800639e-09	7.317098e-09	5.628323e+01	8.378813e+02
4.860000e-06	6.792945e-09	7.183522e-09	5.621955e+01	8.375812e+02
4.870000e-06	6.785017e-09	7.042206e-09	5.615393e+01	8.372592e+02
4.880000e-06	6.776623e-09	7.252928e-09	5.608446e+01	8.369153e+02
4.890000e-06	6.768000e-09	7.218895e-09	5.601310e+01	8.365493e+02
4.900000e-06	6.759272e-09	7.045750e-09	5.594086e+01	8.361613e+02
4.910000e-06	6.750077e-09	7.216000e-09	5.586477e+01	8.357511e+02
4.920000e-06	6.740443e-09	7.263273e-09	5.578503e+01	8.353189e+02
4.930000e-06	6.730665e-09	7.065881e-09	5.570411e+01	8.348646e+02
4.940000e-06	6.720576e-09	7.146878e-09	5.562061e+01	8.343884e+02
4.950000e-06	6.709944e-09	7.218621e-09	5.553261e+01	8.338903e+02
4.960000e-06	6.698911e-09	7.074447e-09	5.544130e+01	8.333705e+02
4.970000e-06	6.687558e-09	7.144316e-09	5.534734e+01	8.328291e+02
4.980000e-06	6.675908e-09	7.194331e-09	5.525093e+01	8.322662e+02
4.990000e-06	6.664005e-09	7.108549e-09	5.515241e+01	8.316821e+02
5.000000e-06	6.651737e-09	7.164812e-09	5.505088e+01	8.310769e+02
5.010000e-06	6.639100e-09	7.155729e-09	5.494630e+01	8.304510e+02
5.020000e-06	6.626204e-09	7.053349e-09	5.483957e+01	8.298045e+02
5.030000e-06	6.613031e-09	7.144599e-09	5.473054e+01	8.291378e+02
5.040000e-06	6.599543e-09	7.156199e-09	5.461892e+01	8.284510e+02
5.050000e-06	6.585773e-09	7.047344e-09	5.450495e+01	8.277445e+02
5.060000e-06	6.571680e-09	7.130827e-09	5.438832e+01	8.270187e+02
5.070000e-06	6.557309e-09	7.121292e-09	5.426938e+01	8.262737e+02
5.080000e-06	6.542710e-09	7.038905e-09	5.414856e+01	8.255100e+02
5.090000e-06	6.527765e-09	7.096284e-09	5.402487e+01	8.247278e+02
5.100000e-06	6.512459e-09	7.082968e-09	5.389820e+01	8.239274e+02
5.110000e-06	6.496847e-09	7.029000e-09	5.376898e+01	8.231092e+02
5.120000e-06	6.480914e-09	7.079890e-09	5.363712e+01	8.222735e+02
5.130000e-06	6.464676e-09	7.084268e-09	5.350274e+01	8.214206e+02
5.140000e-06	6.448145e-09	7.032385e-09	5.336592e+01	8.205507e+02
5.150000e-06	6.431298e-09	7.040684e-09	5.322649e+01	8.196642e+02
5.160000e-06	6.414126e-09	7.022793e-09	5.308438e+01	8.187613e+02
5.170000e-06	6.396632e-09	7.007058e-09	5.293959e+01	8.178422e+02
5.180000e-06	6.378819e-09	7.012413e-09	5.279217e+01	8.169072e+02
5.190000e-06	6.360702e-09	6.996601e-09	5.264223e+01	8.159565e+02
5.200000e-06	6.342274e-09	6.999418e-09	5.248972e+01	8.149903e+02
5.210000e-06	6.323570e-09	6.998328e-09	5.233492e+01	8.140086e+02
5.220000e-06	6.304595e-09	6.987650e-09	5.217788e+01	8.130118e+02
5.230000e-06	6.285314e-09	6.967268e-09	5.201830e+01	8.119997e+02
5.240000e-06	6.265756e-09	6.955096e-09	5.185644e+01	8.109726e+02
5.250000e-06	6.245923e-09	6.945001e-09	5.169229e+01	8.099304e+02
5.260000e-06	6.225818e-09	6.930501e-09	5.152590e+01	8.088732e+02
5.270000e-06	6.205449e-09	6.935397e-09	5.135733e+01	8.078009e+02
5.280000e-06	6.184792e-09	6.929420e-09	5.118637e+01	8.067135e+02
5.290000e-06	6.163856e-09	6.915280e-09	5.101310e+01	8.056109e+02
5.300000e-06	6.142689e-09	6.909028e-09	5.083792e+01	8.044930e+02
5.310000e-06	6.121278e-09	6.901649e-09	5.066071e+01	8.033595e+02
5.320000e-06	6.099564e-09	6.881219e-09	5.048100e+01	8.022104e+02
5.330000e-06	6.077541e-09	6.870724e-09	5.029874e+01	8.010454e+02
5.340000e-06	6.055229e-09	6.863077e-09	5.011408e+01	7.998643e+02
5.350000e-06	6.032627e-09	6.851590e-09	4.992703e+01	7.986667e+02
5.360000e-06	6.009704e-09	6.851676e-09	4.973731e+01	7.974524e+02
5.370000e-06	5.986440e-09	6.835027e-09	4.954477e+01	7.962210e+02
5.380000e-06	5.962834e-09	6.820659e-09	4.934940e+01	7.949722e+02
5.390000e-06	5.938914e-09	6.807502e-09	4.915144e+01	7.937056e+02
5.400000e-06	5.914723e-09	6.792825e-09	4.895123e+01	7.924208e+02
5.410000e-06	5.890248e-09	6.785755e-09	4.874867e+01	7.911173e+02
5.420000e-06	5.865484e-09	6.773991e-09	4.854372e+01	7.897948e+02
5.430000e-06	5.840450e-09	6.767793e-09	4.833653e+01	7.884528e+02
5.440000e-06	5.815177e-09	6.759533e-09	4.812737e+01	7.870909e+02
5.450000e-06	5.789660e-09	6.749863e-09	4.791619e+01	7.857085e+02
5.460000e-06	5.763875e-09	6.733102e-09	4.770278e+01	7.843052e+02
5.470000e-06	5.737838e-09	6.712257e-09	4.748730e+01	7.828805e+02
5.480000e-06	5.711563e-09	6.698626e-09	4.726984e+01	7.814339e+02
5.490000e-06	5.685055e-09	6.687637e-09	4.705046e+01	7.799650e+02
5.500000e-06	5.658301e-09	6.681112e-09	4.682904e+01	7.784733e+02
5.510000e-06	5.631287e-09	6.673198e-09	4.660546e+01	7.769584e+02
5.520000e-06	5.604005e-09	6.665044e-09	4.637967e+01	7.754197e+02
5.530000e-06	5.576456e-09	6.653103e-09	4.615167e+01	7.738568e+02
5.540000e-06	5.548629e-09	6.637236e-09	4.592138e+01	7.722694e+02
5.550000e-06	5.520514e-09	6.618343e-09	4.568869e+01	7.706570e+02
5.560000e-06	5.492110e-09	6.601086e-09	4.545361e+01	7.690192e+02
5.570000e-06	5.463428e-09	6.588853e-09	4.521623e+01	7.673557e+02
5.580000e-06	5.434482e-09	6.576451e-09	4.497667e+01	7.656661e+02
5.590000e-06	5.405271e-09	6.566402e-09	4.473492e+01	7.639502e+02
5.600000e-06	5.375795e-09	6.554023e-09	4.449097e+01	7.622076e+02
5.610000e-06	5.346055e-09	6.544049e-09	4.424484e+01	7.604380e+02
5.620000e-06	5.316071e-09	6.531297e-09	4.399668e+01	7.586413e+02
5.630000e-06	5.285849e-09	6.513795e-09	4.374657e+01	7.568173e+02
5.640000e-06	5.255378e-09	6.497533e-09	4.349438e+01	7.549657e+02
5.650000e-06	5.224659e-09	6.480301e-09	4.324014e+01	7.530865e+02
5.660000e-06	5.193705e-09	6.465314e-09	4.298397e+01	7.511795e+02
5.670000e-06	5.162541e-09	6.446657e-09	4.272605e+01	7.492447e+02
5.680000e-06	5.131158e-09	6.429594e-09	4.246631e+01	7.472821e+02
5.690000e-06	5.099541e-09	6.414579e-09	4.220465e+01	7.452916e+02
5.700000e-06	5.067697e-09	6.402189e-09	4.194110e+01	7.432732e+02
5.710000e-06	5.035634e-09	6.390911e-09	4.167574e+01	7.412271e+02
5.720000e-06	5.003352e-09	6.374666e-09	4.140857e+01	7.391532e+02
5.730000e-06	4.970829e-09	6.358092e-09	4.113941e+01	7.370517e+02
5.740000e-06	4.938067e-09	6.338357e-09	4.086826e+01	7.349227e+02
5.750000e-06	4.905071e-09	6.318487e-09	4.059518e+01	7.327663e+02
5.760000e-06	4.871858e-09	6.295780e-09	4.032030e+01	7.305828e+02
5.770000e-06	4.838424e-09	6.271030e-09	4.004359e+01	7.283723e+02
5.780000e-06	4.804746e-09	6.249303e-09	3.976488e+01	7.261350e+02
5.790000e-06	4.770824e-09	6.232022e-09	3.948413e+01	7.238712e+02
5.800000e-06	4.736674e-09	6.216755e-09	3.920150e+01	7.215810e+02
5.810000e-06	4.702316e-09	6.197876e-09	3.891714e+01	7.192648e+02
5.820000e-06	4.667731e-09	6.178558e-09	3.863091e+01	7.169227e+02
5.830000e-06	4.632922e-09	6.156723e-09	3.834283e+01	7.145550e+02
5.840000e-06	4.597899e-09	6.133731e-09	3.805298e+01	7.121619e+02
5.850000e-06	4.562670e-09	6.108354e-09	3.776141e+01	7.097437e+02
5.860000e-06	4.527231e-09	6.082953e-09	3.746812e+01	7.073007e+02
5.870000e-06	4.491563e-09	6.059644e-09	3.717292e+01	7.048330e+02
5.880000e-06	4.455676e-09	6.036034e-09	3.687591e+01	7.023409e+02
5.890000e-06	4.419588e-09	6.015119e-09	3.657725e+01	6.998245e+02
5.900000e-06	4.383310e-09	5.992449e-09	3.627700e+01	6.972842e+02
5.910000e-06	4.346836e-09	5.970250e-09	3.597514e+01	6.947200e+02
5.920000e-06	4.310156e-09	5.948789e-09	3.567156e+01	6.921320e+02
5.930000e-06	4.273266e-09	5.927460e-09	3.536626e+01	6.895205e+02
5.940000e-06	4.236179e-09	5.905282e-09	3.505932e+01	6.868855e+02
5.950000e-06	4.198894e-09	5.878896e-09	3.475074e+01	6.842271e+02
5.960000e-06	4.161399e-09	5.851176e-09	3.444043e+01	6.815453e+02
5.970000e-06	4.123703e-09	5.823468e-09	3.412845e+01	6.788401e+02
5.980000e-06	4.085818e-09	5.798085e-09	3.381491e+01	6.761116e+02
5.990000e-06	4.047749e-09	5.773212e-09	3.349984e+01	6.733597e+02
6.000000e-06	4.009488e-09	5.748828e-09	3.318319e+01	6.705843e+02
6.010000e-06	3.971028e-09	5.725705e-09	3.286488e+01	6.677853e+02
6.020000e-06	3.932369e-09	5.702912e-09	3.254493e+01	6.649625e+02
6.030000e-06	3.893519e-09	5.680944e-09	3.222341e+01	6.621158e+02
6.040000e-06	3.854489e-09	5.654604e-09	3.190039e+01	6.592449e+02
6.050000e-06	3.815286e-09	5.624577e-09	3.157594e+01	6.563497e+02
6.060000e-06	3.775911e-09	5.595039e-09	3.125006e+01	6.534297e+02
6.070000e-06	3.736372e-09	5.568561e-09	3.092283e+01	6.504848e+02
6.080000e-06	3.696682e-09	5.543055e-09	3.059436e+01	6.475146e+02
6.090000e-06	3.656838e-09	5.515934e-09	3.026460e+01	6.445186e+02
6.100000e-06	3.616821e-09	5.490683e-09	2.993341e+01	6.414966e+02
6.110000e-06	3.576634e-09	5.468358e-09	2.960082e+01	6.384481e+02
6.120000e-06	3.536286e-09	5.446552e-09	2.926689e+01	6.353726e+02
6.130000e-06	3.495776e-09	5.421210e-09	2.893162e+01	6.322697e+02
6.140000e-06	3.455099e-09	5.392543e-09	2.859497e+01	6.291389e+02
6.150000e-06	3.414258e-09	5.362671e-09	2.825697e+01	6.259797e+02
6.160000e-06	3.373263e-09	5.334391e-09	2.791769e+01	6.227915e+02
6.170000e-06	3.332113e-09	5.306955e-09	2.757712e+01	6.195740e+02
6.180000e-06	3.290804e-09	5.278925e-09	2.723524e+01	6.163264e+02
6.190000e-06	3.249324e-09	5.251491e-09	2.689194e+01	6.130484e+02
6.200000e-06	3.207671e-09	5.225636e-09	2.654721e+01	6.097392e+02
6.210000e-06	3.165857e-09	5.200648e-09	2.620116e+01	6.063985e+02
6.220000e-06	3.123889e-09	5.172682e-09	2.585383e+01	6.030256e+02
6.230000e-06	3.081761e-09	5.142985e-09	2.550516e+01	5.996200e+02
6.240000e-06	3.039474e-09	5.112732e-09	2.515519e+01	5.961811e+02
6.250000e-06	2.997048e-09	5.080690e-09	2.480406e+01	5.927085e+02
6.260000e-06	2.954502e-09	5.050875e-09	2.445194e+01	5.892016e+02
6.270000e-06	2.911834e-09	5.017756e-09	2.409882e+01	5.856599e+02
6.280000e-06	2.869043e-09	4.983483e-09	2.374467e+01	5.820829e+02
6.290000e-06	2.826133e-09	4.953825e-09	2.338954e+01	5.784702e+02
6.300000e-06	2.783108e-09	4.923543e-09	2.303346e+01	5.748213e+02
6.310000e-06	2.739971e-09	4.895813e-09	2.267645e+01	5.711357e+02
6.320000e-06	2.696712e-09	4.868865e-09	2.231844e+01	5.674130e+02
6.330000e-06	2.653335e-09	4.841743e-09	2.195943e+01	5.636529e+02
6.340000e-06	2.609836e-09	4.814077e-09	2.159943e+01	5.598550e+02
6.350000e-06	2.566218e-09	4.780050e-09	2.123845e+01	5.560189e+02
6.360000e-06	2.522485e-09	4.741787e-09	2.087650e+01	5.521442e+02
6.370000e-06	2.478629e-09	4.699966e-09	2.051354e+01	5.482308e+02
6.380000e-06	2.434654e-09	4.662207e-09	2.014960e+01	5.442782e+02
6.390000e-06	2.390570e-09	4.630952e-09	1.978475e+01	5.402862e+02
6.400000e-06	2.346380e-09	4.601424e-09	1.941903e+01	5.362546e+02
6.410000e-06	2.302082e-09	4.573719e-09	1.905241e+01	5.321832e+02
6.420000e-06	2.257671e-09	4.542872e-09	1.868486e+01	5.280716e+02
6.430000e-06	2.213150e-09	4.512586e-09	1.831640e+01	5.239198e+02
6.440000e-06	2.168525e-09	4.473659e-09	1.794707e+01	5.197276e+02
6.450000e-06	2.123800e-09	4.428948e-09	1.757692e+01	5.154947e+02
6.460000e-06	2.078973e-09	4.387343e-09	1.720592e+01	5.112210e+02
6.470000e-06	2.034051e-09	4.347706e-09	1.683414e+01	5.069063e+02
6.480000e-06	1.989045e-09	4.314646e-09	1.646166e+01	5.025505e+02
6.490000e-06	1.943962e-09	4.278941e-09	1.608854e+01	4.981534e+02
6.500000e-06	1.898800e-09	4.244131e-09	1.571478e+01	4.937149e+02
6.510000e-06	1.853552e-09	4.207987e-09	1.534029e+01	4.892348e+02
6.520000e-06	1.808213e-09	4.171957e-09	1.496507e+01	4.847129e+02
6.530000e-06	1.762798e-09	4.138031e-09	1.458920e+01	4.801489e+02
6.540000e-06	1.717315e-09	4.096877e-09	1.421278e+01	4.755428e+02
6.550000e-06	1.671766e-09	4.052012e-09	1.383581e+01	4.708942e+02
6.560000e-06	1.626149e-09	4.003888e-09	1.345827e+01	4.662030e+02
6.570000e-06	1.580463e-09	3.961209e-09	1.308017e+01	4.614687e+02
6.580000e-06	1.534711e-09	3.922155e-09	1.270152e+01	4.566912e+02
6.590000e-06	1.488893e-09	3.882806e-09	1.232232e+01	4.518701e+02
6.600000e-06	1.443001e-09	3.845200e-09	1.194251e+01	4.470049e+02
6.610000e-06	1.397038e-09	3.807210e-09	1.156211e+01	4.420953e+02
6.620000e-06	1.351010e-09	3.771693e-09	1.118117e+01	4.371409e+02
6.630000e-06	1.304919e-09	3.729004e-09	1.079972e+01	4.321410e+02
6.640000e-06	1.258769e-09	3.679706e-09	1.041778e+01	4.270952e+02
6.650000e-06	1.212559e-09	3.630594e-09	1.003533e+01	4.220029e+02
6.660000e-06	1.166290e-09	3.585806e-09	9.652401e+00	4.168634e+02
6.670000e-06	1.119967e-09	3.545534e-09	9.269028e+00	4.116761e+02
6.680000e-06	1.073598e-09	3.502449e-09	8.885268e+00	4.064401e+02
6.690000e-06	1.027188e-09	3.460262e-09	8.501166e+00	4.011547e+02
6.700000e-06	9.807341e-10	3.416546e-09	8.116710e+00	3.958191e+02
6.710000e-06	9.342480e-10	3.371551e-09	7.731982e+00	3.904323e+02
6.720000e-06	8.877376e-10	3.325386e-09	7.347055e+00	3.849934e+02
6.730000e-06	8.412000e-10	3.276277e-09	6.961901e+00	3.795015e+02
6.740000e-06	7.946308e-10	3.226977e-09	6.576487e+00	3.739554e+02
6.750000e-06	7.480273e-10	3.177165e-09	6.190789e+00	3.683541e+02
6.760000e-06	7.013970e-10	3.131092e-09	5.804868e+00	3.626965e+02
6.770000e-06	6.547447e-10	3.085498e-09	5.418765e+00	3.569814e+02
6.780000e-06	6.080635e-10	3.037792e-09	5.032424e+00	3.512076e+02
6.790000e-06	5.613494e-10	2.987863e-09	4.645810e+00	3.453738e+02
6.800000e-06	5.146046e-10	2.937773e-09	4.258942e+00	3.394789e+02
6.810000e-06	4.678335e-10	2.889174e-09	3.871857e+00	3.335215e+02
6.820000e-06	4.210334e-10	2.840206e-09	3.484530e+00	3.275003e+02
6.830000e-06	3.742021e-10	2.792224e-09	3.096946e+00	3.214141e+02
6.840000e-06	3.273440e-10	2.741021e-09	2.709141e+00	3.152614e+02
6.850000e-06	2.804681e-10	2.687483e-09	2.321188e+00	3.090411e+02
6.860000e-06	2.335789e-10	2.633899e-09	1.933125e+00	3.027517e+02
6.870000e-06	1.866783e-10	2.581045e-09	1.544968e+00	2.963919e+02
6.880000e-06	1.397696e-10	2.527662e-09	1.156743e+00	2.899605e+02
6.890000e-06	9.285610e-11	2.472403e-09	7.684793e-01	2.834563e+02
6.900000e-06	4.594789e-11	2.417252e-09	3.802591e-01	2.768779e+02
6.910000e-06	-9.545636e-13	2.361404e-09	-7.913558e-03	2.702242e+02
6.920000e-06	-4.784872e-11	2.305534e-09	-3.960173e-01	2.634941e+02
6.930000e-06	-9.473263e-11	2.248972e-09	-7.840366e-01	2.566865e+02
6.940000e-06	-1.416021e-10	2.194289e-09	-1.171936e+00	2.498003e+02
6.950000e-06	-1.884542e-10	2.139845e-09	-1.559693e+00	2.428346e+02
6.960000e-06	-2.352925e-10	2.081900e-09	-1.947334e+00	2.357885e+02
6.970000e-06	-2.821159e-10	2.018949e-09	-2.334853e+00	2.286613e+02
6.980000e-06	-3.289242e-10	1.952040e-09	-2.722246e+00	2.214522e+02
6.990000e-06	-3.757143e-10	1.887991e-09	-3.109489e+00	2.141607e+02
7.000000e-06	-4.224862e-10	1.825604e-09	-3.496581e+00	2.067862e+02
7.010000e-06	-4.692425e-10	1.763992e-09	-3.883545e+00	1.993284e+02
7.020000e-06	-5.159855e-10	1.700646e-09	-4.270398e+00	1.917869e+02
7.030000e-06	-5.627077e-10	1.637339e-09	-4.657079e+00	1.841617e+02
7.040000e-06	-6.094044e-10	1.576278e-09	-5.043548e+00	1.764528e+02
7.050000e-06	-6.560720e-10	1.511203e-09	-5.429777e+00	1.686602e+02
7.060000e-06	-7.027137e-10	1.441797e-09	-5.815793e+00	1.607843e+02
7.070000e-06	-7.493270e-10	1.367865e-09	-6.201573e+00	1.528254e+02
7.080000e-06	-7.959025e-10	1.293854e-09	-6.587040e+00	1.447840e+02
7.090000e-06	-8.424413e-10	1.221262e-09	-6.972203e+00	1.366610e+02
7.100000e-06	-8.889419e-10	1.150823e-09	-7.357050e+00	1.284572e+02
7.110000e-06	-9.354029e-10	1.083578e-09	-7.741569e+00	1.201735e+02
7.120000e-06	-9.818186e-10	1.016013e-09	-8.125713e+00	1.118112e+02
7.130000e-06	-1.028182e-09	9.515135e-10	-8.509427e+00	1.033716e+02
7.140000e-06	-1.074493e-09	8.833206e-10	-8.892700e+00	9.485610e+01
7.150000e-06	-1.120750e-09	8.065226e-10	-9.275535e+00	8.626650e+01
7.160000e-06	-1.166951e-09	7.225258e-10	-9.657900e+00	7.760454e+01
7.170000e-06	-1.213093e-09	6.369879e-10	-1.003978e+01	6.887222e+01
7.180000e-06	-1.259177e-09	5.569088e-10	-1.042118e+01	6.007164e+01
7.190000e-06	-1.305208e-09	4.791846e-10	-1.080214e+01	5.120511e+01
7.200000e-06	-1.351185e-09	4.063295e-10	-1.118265e+01	4.227504e+01
7.210000e-06	-1.397104e-09	3.342281e-10	-1.156269e+01	3.328403e+01
7.220000e-06	-1.442966e-09	2.605316e-10	-1.194225e+01	2.423480e+01
7.230000e-06	-1.488768e-09	1.840367e-10	-1.232131e+01	1.513020e+01
7.240000e-06	-1.534511e-09	1.019209e-10	-1.269989e+01	5.973249e+00
7.250000e-06	-1.580197e-09	1.791458e-11	-1.307799e+01	-3.232943e+00
7.260000e-06	-1.625815e-09	-6.841186e-11	-1.345554e+01	-1.248512e+01
7.270000e-06	-1.671364e-09	-1.516472e-10	-1.383251e+01	-2.177993e+01
7.280000e-06	-1.716842e-09	-2.315993e-10	-1.420889e+01	-3.111390e+01
7.290000e-06	-1.762244e-09	-3.116920e-10	-1.458464e+01	-4.048345e+01
7.300000e-06	-1.807561e-09	-3.937936e-10	-1.495970e+01	-4.988493e+01
7.310000e-06	-1.852785e-09	-4.785689e-10	-1.533398e+01	-5.931459e+01
7.320000e-06	-1.897917e-09	-5.626032e-10	-1.570750e+01	-6.876859e+01
7.330000e-06	-1.942957e-09	-6.456731e-10	-1.608025e+01	-7.824306e+01
7.340000e-06	-1.987901e-09	-7.287241e-10	-1.645222e+01	-8.773404e+01
7.350000e-06	-2.032746e-09	-8.128744e-10	-1.682336e+01	-9.723753e+01
7.360000e-06	-2.077492e-09	-8.957216e-10	-1.719369e+01	-1.067495e+02
7.370000e-06	-2.122138e-09	-9.785747e-10	-1.756319e+01	-1.162659e+02
7.380000e-06	-2.166683e-09	-1.064373e-09	-1.793185e+01	-1.257825e+02
7.390000e-06	-2.211123e-09	-1.150284e-09	-1.829964e+01	-1.352954e+02
7.400000e-06	-2.255461e-09	-1.234991e-09	-1.866659e+01	-1.448005e+02
7.410000e-06	-2.299701e-09	-1.316495e-09	-1.903273e+01	-1.542935e+02
7.420000e-06	-2.343840e-09	-1.394643e-09	-1.939803e+01	-1.637704e+02
7.430000e-06	-2.387883e-09	-1.472227e-09	-1.976253e+01	-1.732273e+02
7.440000e-06	-2.431826e-09	-1.550033e-09	-2.012622e+01	-1.826600e+02
7.450000e-06	-2.475663e-09	-1.629285e-09	-2.048902e+01	-1.920646e+02
7.460000e-06	-2.519390e-09	-1.712388e-09	-2.085091e+01	-2.014372e+02
7.470000e-06	-2.563003e-09	-1.798625e-09	-2.121186e+01	-2.107739e+02
7.480000e-06	-2.606497e-09	-1.884703e-09	-2.157182e+01	-2.200709e+02
7.490000e-06	-2.649870e-09	-1.968817e-09	-2.193078e+01	-2.293246e+02
7.500000e-06	-2.693114e-09	-2.049037e-09	-2.228868e+01	-2.385312e+02
7.510000e-06	-2.736229e-09	-2.125687e-09	-2.264550e+01	-2.476874e+02
7.520000e-06	-2.779214e-09	-2.199387e-09	-2.300126e+01	-2.567895e+02
7.530000e-06	-2.822070e-09	-2.272116e-09	-2.335594e+01	-2.658344e+02
7.540000e-06	-2.864793e-09	-2.346875e-09	-2.370952e+01	-2.748187e+02
7.550000e-06	-2.907381e-09	-2.424287e-09	-2.406199e+01	-2.837394e+02
7.560000e-06	-2.949842e-09	-2.502414e-09	-2.441341e+01	-2.925936e+02
7.570000e-06	-2.992173e-09	-2.578736e-09	-2.476374e+01	-3.013783e+02
7.580000e-06	-3.034364e-09	-2.654580e-09	-2.511292e+01	-3.100908e+02
7.590000e-06	-3.076409e-09	-2.730520e-09	-2.546089e+01	-3.187286e+02
7.600000e-06	-3.118300e-09	-2.804571e-09	-2.580759e+01	-3.272891e+02
7.610000e-06	-3.160040e-09	-2.873960e-09	-2.615304e+01	-3.357702e+02
7.620000e-06	-3.201636e-09	-2.939980e-09	-2.649729e+01	-3.441695e+02
7.630000e-06	-3.243075e-09	-3.006283e-09	-2.684025e+01	-3.524852e+02
7.640000e-06	-3.284358e-09	-3.073819e-09	-2.718191e+01	-3.607152e+02
7.650000e-06	-3.325497e-09	-3.144369e-09	-2.752239e+01	-3.688579e+02
7.660000e-06	-3.366490e-09	-3.215176e-09	-2.786165e+01	-3.769116e+02
7.670000e-06	-3.407329e-09	-3.283619e-09	-2.819964e+01	-3.848750e+02
7.680000e-06	-3.448012e-09	-3.350029e-09	-2.853634e+01	-3.927467e+02
7.690000e-06	-3.488533e-09	-3.415882e-09	-2.887170e+01	-4.005255e+02
7.700000e-06	-3.528880e-09	-3.483893e-09	-2.920562e+01	-4.082104e+02
7.710000e-06	-3.569057e-09	-3.551424e-09	-2.953813e+01	-4.158006e+02
7.720000e-06	-3.609060e-09	-3.615366e-09	-2.986920e+01	-4.232953e+02
7.730000e-06	-3.648885e-09	-3.675507e-09	-3.019880e+01	-4.306938e+02
7.740000e-06	-3.688537e-09	-3.736114e-09	-3.052697e+01	-4.379957e+02
7.750000e-06	-3.728017e-09	-3.798889e-09	-3.085370e+01	-4.452007e+02
7.760000e-06	-3.767324e-09	-3.861004e-09	-3.117902e+01	-4.523084e+02
7.770000e-06	-3.806462e-09	-3.921815e-09	-3.150293e+01	-4.593188e+02
7.780000e-06	-3.845427e-09	-3.981816e-09	-3.182541e+01	-4.662319e+02
7.790000e-06	-3.884215e-09	-4.043400e-09	-3.214643e+01	-4.730478e+02
7.800000e-06	-3.922824e-09	-4.105957e-09	-3.246596e+01	-4.797668e+02
7.810000e-06	-3.961246e-09	-4.164910e-09	-3.278395e+01	-4.863890e+02
7.820000e-06	-3.999484e-09	-4.219641e-09	-3.310041e+01	-4.929150e+02
7.830000e-06	-4.037544e-09	-4.273047e-09	-3.341541e+01	-4.993453e+02
7.840000e-06	-4.075427e-09	-4.327988e-09	-3.372893e+01	-5.056804e+02
7.850000e-06	-4.113128e-09	-4.382999e-09	-3.404095e+01	-5.119211e+02
7.860000e-06	-4.150650e-09	-4.435515e-09	-3.435149e+01	-5.180681e+02
7.870000e-06	-4.187987e-09	-4.486488e-09	-3.466049e+01	-5.241221e+02
7.880000e-06	-4.225127e-09	-4.539083e-09	-3.496787e+01	-5.300842e+02
7.890000e-06	-4.262064e-09	-4.594407e-09	-3.527357e+01	-5.359552e+02
7.900000e-06	-4.298794e-09	-4.648556e-09	-3.557755e+01	-5.417362e+02
7.910000e-06	-4.335317e-09	-4.697534e-09	-3.587982e+01	-5.474282e+02
7.920000e-06	-4.371628e-09	-4.741793e-09	-3.618033e+01	-5.530323e+02
7.930000e-06	-4.407723e-09	-4.787786e-09	-3.647906e+01	-5.585497e+02
7.940000e-06	-4.443593e-09	-4.835477e-09	-3.677593e+01	-5.639815e+02
7.950000e-06	-4.479228e-09	-4.880630e-09	-3.707085e+01	-5.693289e+02
7.960000e-06	-4.514635e-09	-4.927274e-09	-3.736389e+01	-5.745932e+02
7.970000e-06	-4.549813e-09	-4.974345e-09	-3.765502e+01	-5.797757e+02
7.980000e-06	-4.584769e-09	-5.023362e-09	-3.794433e+01	-5.848775e+02
7.990000e-06	-4.619517e-09	-5.068975e-09	-3.823191e+01	-5.898999e+02
8.000000e-06	-4.654049e-09	-5.105167e-09	-3.851770e+01	-5.948444e+02
8.010000e-06	-4.688371e-09	-5.139733e-09	-3.880175e+01	-5.997121e+02
8.020000e-06	-4.722493e-09	-5.175110e-09	-3.908415e+01	-6.045043e+02
8.030000e-06	-4.756416e-09	-5.214854e-09	-3.936490e+01	-6.092224e+02
8.040000e-06	-4.790130e-09	-5.257558e-09	-3.964393e+01	-6.138677e+02
8.050000e-06	-4.823635e-09	-5.300116e-09	-3.992122e+01	-6.184413e+02
8.060000e-06	-4.856931e-09	-5.342104e-09	-4.019679e+01	-6.229446e+02
8.070000e-06	-4.890016e-09	-5.382646e-09	-4.047060e+01	-6.273789e+02
8.080000e-06	-4.922878e-09	-5.422058e-09	-4.074258e+01	-6.317453e+02
8.090000e-06	-4.955515e-09	-5.456222e-09	-4.101268e+01	-6.360451e+02
8.100000e-06	-4.987924e-09	-5.486717e-09	-4.128090e+01	-6.402794e+02
8.110000e-06	-5.020093e-09	-5.517930e-09	-4.154714e+01	-6.444496e+02
8.120000e-06	-5.052025e-09	-5.551928e-09	-4.181142e+01	-6.485566e+02
8.130000e-06	-5.083721e-09	-5.588192e-09	-4.207373e+01	-6.526016e+02
8.140000e-06	-5.115175e-09	-5.623773e-09	-4.233405e+01	-6.565857e+02
8.150000e-06	-5.146386e-09	-5.658029e-09	-4.259236e+01	-6.605100e+02
8.160000e-06	-5.177356e-09	-5.693099e-09	-4.284867e+01	-6.643755e+02
8.170000e-06	-5.208085e-09	-5.730159e-09	-4.310299e+01	-6.681832e+02
8.180000e-06	-5.238566e-09	-5.765571e-09	-4.335526e+01	-6.719340e+02
8.190000e-06	-5.268798e-09	-5.796218e-09	-4.360547e+01	-6.756289e+02
8.200000e-06	-5.298786e-09	-5.822815e-09	-4.385365e+01	-6.792687e+02
8.210000e-06	-5.328535e-09	-5.848320e-09	-4.409986e+01	-6.828545e+02
8.220000e-06	-5.358045e-09	-5.872684e-09	-4.434409e+01	-6.863869e+02
8.230000e-06	-5.387316e-09	-5.899101e-09	-4.458634e+01	-6.898667e+02
8.240000e-06	-5.416346e-09	-5.930796e-09	-4.482659e+01	-6.932948e+02
8.250000e-06	-5.445129e-09	-5.966138e-09	-4.506480e+01	-6.966719e+02
8.260000e-06	-5.473655e-09	-6.003718e-09	-4.530089e+01	-6.999986e+02
8.270000e-06	-5.501916e-09	-6.037975e-09	-4.553479e+01	-7.032756e+02
8.280000e-06	-5.529916e-09	-6.066384e-09	-4.576652e+01	-7.065036e+02
8.290000e-06	-5.557653e-09	-6.086394e-09	-4.599607e+01	-7.096830e+02
8.300000e-06	-5.585127e-09	-6.103981e-09	-4.622346e+01	-7.128146e+02
8.310000e-06	-5.612340e-09	-6.127045e-09	-4.644867e+01	-7.158988e+02
8.320000e-06	-5.639288e-09	-6.155725e-09	-4.667169e+01	-7.189361e+02
8.330000e-06	-5.665978e-09	-6.188049e-09	-4.689259e+01	-7.219270e+02
8.340000e-06	-5.692414e-09	-6.219076e-09	-4.711138e+01	-7.248719e+02
8.350000e-06	-5.718592e-09	-6.248418e-09	-4.732803e+01	-7.277713e+02
8.360000e-06	-5.744513e-09	-6.271887e-09	-4.754256e+01	-7.306255e+02
8.370000e-06	-5.770183e-09	-6.291446e-09	-4.775501e+01	-7.334349e+02
8.380000e-06	-5.795589e-09	-6.310511e-09	-4.796527e+01	-7.361999e+02
8.390000e-06	-5.820732e-09	-6.332513e-09	-4.817336e+01	-7.389207e+02
8.400000e-06	-5.845616e-09	-6.360519e-09	-4.837930e+01	-7.415976e+02
8.410000e-06	-5.870231e-09	-6.391189e-09	-4.858302e+01	-7.442310e+02
8.420000e-06	-5.894576e-09	-6.420009e-09	-4.878450e+01	-7.468211e+02
8.430000e-06	-5.918647e-09	-6.443363e-09	-4.898372e+01	-7.493680e+02
8.440000e-06	-5.942429e-09	-6.464630e-09	-4.918054e+01	-7.518721e+02
8.450000e-06	-5.965909e-09	-6.483942e-09	-4.937487e+01	-7.543336e+02
8.460000e-06	-5.989094e-09	-6.504385e-09	-4.956675e+01	-7.567526e+02
8.470000e-06	-6.011971e-09	-6.525576e-09	-4.975608e+01	-7.591293e+02
8.480000e-06	-6.034533e-09	-6.546359e-09	-4.994281e+01	-7.614639e+02
8.490000e-06	-6.056796e-09	-6.570540e-09	-5.012706e+01	-7.637566e+02
8.500000e-06	-6.078772e-09	-6.594759e-09	-5.030894e+01	-7.660075e+02
8.510000e-06	-6.100479e-09	-6.618534e-09	-5.048859e+01	-7.682168e+02
8.520000e-06	-6.121930e-09	-6.639044e-09	-5.066612e+01	-7.703847e+02
8.530000e-06	-6.143129e-09	-6.657988e-09	-5.084157e+01	-7.725112e+02
8.540000e-06	-6.164062e-09	-6.676226e-09	-5.101481e+01	-7.745966e+02
8.550000e-06	-6.184706e-09	-6.691886e-09	-5.118566e+01	-7.766409e+02
8.560000e-06	-6.205051e-09	-6.706867e-09	-5.135404e+01	-7.786444e+02
8.570000e-06	-6.225104e-09	-6.724221e-09	-5.152000e+01	-7.806072e+02
8.580000e-06	-6.244869e-09	-6.748389e-09	-5.168359e+01	-7.825295e+02
8.590000e-06	-6.264364e-09	-6.773610e-09	-5.184493e+01	-7.844114e+02
8.600000e-06	-6.283593e-09	-6.796283e-09	-5.200407e+01	-7.862532e+02
8.610000e-06	-6.302538e-09	-6.814744e-09	-5.216086e+01	-7.880549e+02
8.620000e-06	-6.321195e-09	-6.828189e-09	-5.231527e+01	-7.898169e+02
8.630000e-06	-6.339561e-09	-6.839522e-09	-5.246727e+01	-7.915394e+02
8.640000e-06	-6.357636e-09	-6.848812e-09	-5.261686e+01	-7.932225e+02
8.650000e-06	-6.375435e-09	-6.860520e-09	-5.276417e+01	-7.948665e+02
8.660000e-06	-6.392949e-09	-6.876248e-09	-5.290912e+01	-7.964717e+02
8.670000e-06	-6.410160e-09	-6.895694e-09	-5.305156e+01	-7.980383e+02
8.680000e-06	-6.427073e-09	-6.916531e-09	-5.319153e+01	-7.995667e+02
8.690000e-06	-6.443699e-09	-6.934110e-09	-5.332914e+01	-8.010571e+02
8.700000e-06	-6.460053e-09	-6.946545e-09	-5.346448e+01	-8.025099e+02
8.710000e-06	-6.476138e-09	-6.954166e-09	-5.359760e+01	-8.039255e+02
8.720000e-06	-6.491925e-09	-6.963397e-09	-5.372826e+01	-8.053042e+02
8.730000e-06	-6.507387e-09	-6.974892e-09	-5.385622e+01	-8.066463e+02
8.740000e-06	-6.522516e-09	-6.987009e-09	-5.398144e+01	-8.079524e+02
8.750000e-06	-6.537327e-09	-6.998435e-09	-5.410401e+01	-8.092228e+02
8.760000e-06	-6.551839e-09	-7.008130e-09	-5.422412e+01	-8.104579e+02
8.770000e-06	-6.566049e-09	-7.017443e-09	-5.434172e+01	-8.116583e+02
8.780000e-06	-6.579937e-09	-7.026217e-09	-5.445666e+01	-8.128244e+02
8.790000e-06	-6.593511e-09	-7.034502e-09	-5.456900e+01	-8.139567e+02
8.800000e-06	-6.606789e-09	-7.043081e-09	-5.467889e+01	-8.150558e+02
8.810000e-06	-6.619783e-09	-7.054395e-09	-5.478643e+01	-8.161222e+02
8.820000e-06	-6.632495e-09	-7.065651e-09	-5.489164e+01	-8.171563e+02
8.830000e-06	-6.644899e-09	-7.074295e-09	-5.499430e+01	-8.181589e+02
8.840000e-06	-6.656974e-09	-7.079950e-09	-5.509423e+01	-8.191304e+02
8.850000e-06	-6.668740e-09	-7.083938e-09	-5.519161e+01	-8.200714e+02
8.860000e-06	-6.680227e-09	-7.088586e-09	-5.528668e+01	-8.209826e+02
8.870000e-06	-6.691431e-09	-7.093263e-09	-5.537940e+01	-8.218646e+02
8.880000e-06	-6.702313e-09	-7.100960e-09	-5.546947e+01	-8.227179e+02
8.890000e-06	-6.712835e-09	-7.111750e-09	-5.555654e+01	-8.235432e+02
8.900000e-06	-6.723007e-09	-7.123656e-09	-5.564073e+01	-8.243411e+02
8.910000e-06	-6.732843e-09	-7.132287e-09	-5.572214e+01	-8.251122e+02
8.920000e-06	-6.742322e-09	-7.135785e-09	-5.580058e+01	-8.258572e+02
8.930000e-06	-6.751470e-09	-7.137966e-09	-5.587629e+01	-8.265767e+02
8.940000e-06	-6.760338e-09	-7.140911e-09	-5.594969e+01	-8.272712e+02
8.950000e-06	-6.768947e-09	-7.145892e-09	-5.602094e+01	-8.279415e+02
8.960000e-06	-6.777292e-09	-7.150679e-09	-5.609000e+01	-8.285880e+02
8.970000e-06	-6.785359e-09	-7.156566e-09	-5.615677e+01	-8.292115e+02
8.980000e-06	-6.793136e-09	-7.165237e-09	-5.622113e+01	-8.298124e+02
8.990000e-06	-6.800579e-09	-7.173349e-09	-5.628273e+01	-8.303913e+02
9.000000e-06	-6.807687e-09	-7.176734e-09	-5.634156e+01	-8.309488e+02
9.010000e-06	-6.814492e-09	-7.176081e-09	-5.639787e+01	-8.314855e+02
9.020000e-06	-6.821004e-09	-7.177453e-09	-5.645177e+01	-8.320017e+02
9.030000e-06	-6.827223e-09	-7.181715e-09	-5.650324e+01	-8.324981e+02
9.040000e-06	-6.833104e-09	-7.187608e-09	-5.655191e+01	-8.329750e+02
9.050000e-06	-6.838650e-09	-7.193272e-09	-5.659781e+01	-8.334330e+02
9.060000e-06	-6.843904e-09	-7.198940e-09	-5.664129e+01	-8.338724e+02
9.070000e-06	-6.848856e-09	-7.204439e-09	-5.668228e+01	-8.342936e+02
9.080000e-06	-6.853517e-09	-7.207938e-09	-5.672085e+01	-8.346970e+02
9.090000e-06	-6.857847e-09	-7.209521e-09	-5.675669e+01	-8.350829e+02
9.100000e-06	-6.861839e-09	-7.210234e-09	-5.678973e+01	-8.354515e+02
9.110000e-06	-6.865543e-09	-7.214022e-09	-5.682038e+01	-8.358032e+02
9.120000e-06	-6.868960e-09	-7.220085e-09	-5.684866e+01	-8.361383e+02
9.130000e-06	-6.872090e-09	-7.227374e-09	-5.687456e+01	-8.364567e+02
9.140000e-06	-6.874871e-09	-7.231710e-09	-5.689758e+01	-8.367589e+02
9.150000e-06	-6.877268e-09	-7.230849e-09	-5.691742e+01	-8.370448e+02
9.160000e-06	-6.879329e-09	-7.229370e-09	-5.693448e+01	-8.373146e+02
9.170000e-06	-6.881090e-09	-7.229942e-09	-5.694905e+01	-8.375684e+02
9.180000e-06	-6.882564e-09	-7.232083e-09	-5.696125e+01	-8.378061e+02
9.190000e-06	-6.883703e-09	-7.233949e-09	-5.697067e+01	-8.380279e+02
9.200000e-06	-6.884501e-09	-7.237957e-09	-5.697728e+01	-8.382336e+02
9.210000e-06	-6.885016e-09	-7.243189e-09	-5.698154e+01	-8.384232e+02
