# Temperatura_=_20.0
# Concentracion g/m^3_=_18000.0
# C_Vs_to_Am_M_A/Vsm_=_116720831517.84952
# pendiente_HvsI_1/m_=_3716.3
# ordenada_HvsI_A/m_=_1297.0
# frecuencia_Hz_=_108504.82369778518
# Promedio de 29 ciclos

Tiempo_(s)	Campo_(V.s)	Magnetizacion_(V.s)	Campo_(kA/m)	Magnetizacion_(A/m)
0.000000e+00	-6.891234e-09	-7.102002e-09	-5.698656e+01	-8.245914e+02
1.000000e-08	-6.891267e-09	-7.102125e-09	-5.698683e+01	-8.246410e+02
2.000000e-08	-6.890985e-09	-7.097877e-09	-5.698451e+01	-8.246750e+02
3.000000e-08	-6.890361e-09	-7.088961e-09	-5.697935e+01	-8.246934e+02
4.000000e-08	-6.889429e-09	-7.080828e-09	-5.697164e+01	-8.246965e+02
5.000000e-08	-6.888234e-09	-7.081548e-09	-5.696176e+01	-8.246845e+02
6.000000e-08	-6.886768e-09	-7.089711e-09	-5.694963e+01	-8.246575e+02
7.000000e-08	-6.885009e-09	-7.100050e-09	-5.693509e+01	-8.246155e+02
8.000000e-08	-6.882911e-09	-7.100954e-09	-5.691774e+01	-8.245587e+02
9.000000e-08	-6.880453e-09	-7.095551e-09	-5.689741e+01	-8.244870e+02
1.000000e-07	-6.877586e-09	-7.103957e-09	-5.687370e+01	-8.244006e+02
1.100000e-07	-6.874189e-09	-7.117719e-09	-5.684561e+01	-8.242994e+02
1.200000e-07	-6.870273e-09	-7.108207e-09	-5.681323e+01	-8.241834e+02
1.300000e-07	-6.866074e-09	-7.071727e-09	-5.677850e+01	-8.240525e+02
1.400000e-07	-6.861809e-09	-7.048744e-09	-5.674324e+01	-8.239067e+02
1.500000e-07	-6.857428e-09	-7.100761e-09	-5.670701e+01	-8.237458e+02
1.600000e-07	-6.852576e-09	-7.125733e-09	-5.666689e+01	-8.235698e+02
1.700000e-07	-6.847192e-09	-7.042730e-09	-5.662237e+01	-8.233786e+02
1.800000e-07	-6.841637e-09	-7.057327e-09	-5.657643e+01	-8.231719e+02
1.900000e-07	-6.835888e-09	-7.145119e-09	-5.652888e+01	-8.229497e+02
2.000000e-07	-6.829651e-09	-7.097611e-09	-5.647731e+01	-8.227118e+02
2.100000e-07	-6.823154e-09	-7.053481e-09	-5.642359e+01	-8.224580e+02
2.200000e-07	-6.816596e-09	-7.112532e-09	-5.636936e+01	-8.221881e+02
2.300000e-07	-6.809666e-09	-7.114034e-09	-5.631205e+01	-8.219019e+02
2.400000e-07	-6.802298e-09	-7.032757e-09	-5.625112e+01	-8.215993e+02
2.500000e-07	-6.794733e-09	-7.069917e-09	-5.618856e+01	-8.212801e+02
2.600000e-07	-6.786888e-09	-7.120160e-09	-5.612369e+01	-8.209441e+02
2.700000e-07	-6.778647e-09	-7.048533e-09	-5.605554e+01	-8.205910e+02
2.800000e-07	-6.770226e-09	-7.060302e-09	-5.598590e+01	-8.202208e+02
2.900000e-07	-6.761525e-09	-7.112643e-09	-5.591395e+01	-8.198331e+02
3.000000e-07	-6.752353e-09	-7.060787e-09	-5.583810e+01	-8.194280e+02
3.100000e-07	-6.742927e-09	-7.032247e-09	-5.576016e+01	-8.190051e+02
3.200000e-07	-6.733271e-09	-7.084281e-09	-5.568031e+01	-8.185643e+02
3.300000e-07	-6.723070e-09	-7.053483e-09	-5.559595e+01	-8.181055e+02
3.400000e-07	-6.712394e-09	-7.011938e-09	-5.550766e+01	-8.176286e+02
3.500000e-07	-6.701514e-09	-7.046034e-09	-5.541769e+01	-8.171335e+02
3.600000e-07	-6.690294e-09	-7.025526e-09	-5.532491e+01	-8.166200e+02
3.700000e-07	-6.678676e-09	-6.996626e-09	-5.522884e+01	-8.160880e+02
3.800000e-07	-6.666749e-09	-7.019170e-09	-5.513021e+01	-8.155376e+02
3.900000e-07	-6.654486e-09	-7.020186e-09	-5.502880e+01	-8.149685e+02
4.000000e-07	-6.641917e-09	-7.007603e-09	-5.492487e+01	-8.143809e+02
4.100000e-07	-6.629088e-09	-7.026206e-09	-5.481877e+01	-8.137747e+02
4.200000e-07	-6.615911e-09	-7.013450e-09	-5.470981e+01	-8.131498e+02
4.300000e-07	-6.602385e-09	-6.983670e-09	-5.459796e+01	-8.125063e+02
4.400000e-07	-6.588627e-09	-6.988708e-09	-5.448419e+01	-8.118442e+02
4.500000e-07	-6.574619e-09	-6.972810e-09	-5.436835e+01	-8.111636e+02
4.600000e-07	-6.560336e-09	-6.949690e-09	-5.425023e+01	-8.104645e+02
4.700000e-07	-6.545765e-09	-6.949740e-09	-5.412974e+01	-8.097470e+02
4.800000e-07	-6.530871e-09	-6.955446e-09	-5.400657e+01	-8.090111e+02
4.900000e-07	-6.515669e-09	-6.952704e-09	-5.388087e+01	-8.082570e+02
5.000000e-07	-6.500130e-09	-6.945461e-09	-5.375237e+01	-8.074849e+02
5.100000e-07	-6.484232e-09	-6.933709e-09	-5.362090e+01	-8.066947e+02
5.200000e-07	-6.468012e-09	-6.914261e-09	-5.348677e+01	-8.058866e+02
5.300000e-07	-6.451502e-09	-6.909404e-09	-5.335024e+01	-8.050608e+02
5.400000e-07	-6.434694e-09	-6.902277e-09	-5.321124e+01	-8.042175e+02
5.500000e-07	-6.417586e-09	-6.886031e-09	-5.306977e+01	-8.033566e+02
5.600000e-07	-6.400192e-09	-6.874561e-09	-5.292594e+01	-8.024785e+02
5.700000e-07	-6.382498e-09	-6.875825e-09	-5.277962e+01	-8.015832e+02
5.800000e-07	-6.364490e-09	-6.877208e-09	-5.263070e+01	-8.006710e+02
5.900000e-07	-6.346148e-09	-6.867041e-09	-5.247902e+01	-7.997418e+02
6.000000e-07	-6.327490e-09	-6.856195e-09	-5.232473e+01	-7.987960e+02
6.100000e-07	-6.308557e-09	-6.842452e-09	-5.216816e+01	-7.978335e+02
6.200000e-07	-6.289348e-09	-6.837866e-09	-5.200932e+01	-7.968546e+02
6.300000e-07	-6.269848e-09	-6.829368e-09	-5.184807e+01	-7.958594e+02
6.400000e-07	-6.250057e-09	-6.812164e-09	-5.168441e+01	-7.948479e+02
6.500000e-07	-6.229996e-09	-6.800871e-09	-5.151852e+01	-7.938203e+02
6.600000e-07	-6.209673e-09	-6.794975e-09	-5.135046e+01	-7.927766e+02
6.700000e-07	-6.189096e-09	-6.793819e-09	-5.118029e+01	-7.917170e+02
6.800000e-07	-6.168248e-09	-6.787401e-09	-5.100789e+01	-7.906413e+02
6.900000e-07	-6.147119e-09	-6.778872e-09	-5.083317e+01	-7.895498e+02
7.000000e-07	-6.125729e-09	-6.770158e-09	-5.065629e+01	-7.884424e+02
7.100000e-07	-6.104055e-09	-6.764325e-09	-5.047705e+01	-7.873190e+02
7.200000e-07	-6.082091e-09	-6.756493e-09	-5.029542e+01	-7.861797e+02
7.300000e-07	-6.059848e-09	-6.741432e-09	-5.011149e+01	-7.850245e+02
7.400000e-07	-6.037325e-09	-6.729767e-09	-4.992523e+01	-7.838532e+02
7.500000e-07	-6.014489e-09	-6.720714e-09	-4.973640e+01	-7.826658e+02
7.600000e-07	-5.991309e-09	-6.713598e-09	-4.954471e+01	-7.814621e+02
7.700000e-07	-5.967794e-09	-6.705291e-09	-4.935026e+01	-7.802420e+02
7.800000e-07	-5.943978e-09	-6.697078e-09	-4.915331e+01	-7.790055e+02
7.900000e-07	-5.919871e-09	-6.692125e-09	-4.895396e+01	-7.777522e+02
8.000000e-07	-5.895465e-09	-6.686242e-09	-4.875213e+01	-7.764821e+02
8.100000e-07	-5.870773e-09	-6.674187e-09	-4.854795e+01	-7.751949e+02
8.200000e-07	-5.845809e-09	-6.655025e-09	-4.834151e+01	-7.738903e+02
8.300000e-07	-5.820591e-09	-6.636505e-09	-4.813297e+01	-7.725682e+02
8.400000e-07	-5.795130e-09	-6.621692e-09	-4.792242e+01	-7.712282e+02
8.500000e-07	-5.769413e-09	-6.613456e-09	-4.770976e+01	-7.698702e+02
8.600000e-07	-5.743440e-09	-6.608113e-09	-4.749498e+01	-7.684937e+02
8.700000e-07	-5.717224e-09	-6.601994e-09	-4.727819e+01	-7.670985e+02
8.800000e-07	-5.690769e-09	-6.596188e-09	-4.705942e+01	-7.656842e+02
8.900000e-07	-5.664064e-09	-6.586926e-09	-4.683859e+01	-7.642506e+02
9.000000e-07	-5.637107e-09	-6.570682e-09	-4.661566e+01	-7.627973e+02
9.100000e-07	-5.609892e-09	-6.547627e-09	-4.639061e+01	-7.613239e+02
9.200000e-07	-5.582412e-09	-6.524693e-09	-4.616337e+01	-7.598301e+02
9.300000e-07	-5.554660e-09	-6.507055e-09	-4.593388e+01	-7.583156e+02
9.400000e-07	-5.526618e-09	-6.494920e-09	-4.570198e+01	-7.567799e+02
9.500000e-07	-5.498273e-09	-6.485909e-09	-4.546758e+01	-7.552228e+02
9.600000e-07	-5.469628e-09	-6.475584e-09	-4.523071e+01	-7.536438e+02
9.700000e-07	-5.440700e-09	-6.462199e-09	-4.499149e+01	-7.520426e+02
9.800000e-07	-5.411502e-09	-6.447044e-09	-4.475004e+01	-7.504189e+02
9.900000e-07	-5.382039e-09	-6.431786e-09	-4.450640e+01	-7.487723e+02
1.000000e-06	-5.352317e-09	-6.414762e-09	-4.426061e+01	-7.471024e+02
1.010000e-06	-5.322353e-09	-6.398110e-09	-4.401283e+01	-7.454090e+02
1.020000e-06	-5.292155e-09	-6.381840e-09	-4.376311e+01	-7.436917e+02
1.030000e-06	-5.261717e-09	-6.364339e-09	-4.351140e+01	-7.419503e+02
1.040000e-06	-5.231033e-09	-6.347669e-09	-4.325766e+01	-7.401843e+02
1.050000e-06	-5.200104e-09	-6.330088e-09	-4.300190e+01	-7.383936e+02
1.060000e-06	-5.168948e-09	-6.313831e-09	-4.274426e+01	-7.365778e+02
1.070000e-06	-5.137573e-09	-6.299991e-09	-4.248481e+01	-7.347367e+02
1.080000e-06	-5.105979e-09	-6.287146e-09	-4.222354e+01	-7.328701e+02
1.090000e-06	-5.074162e-09	-6.272028e-09	-4.196044e+01	-7.309778e+02
1.100000e-06	-5.042126e-09	-6.251459e-09	-4.169551e+01	-7.290595e+02
1.110000e-06	-5.009880e-09	-6.228110e-09	-4.142886e+01	-7.271150e+02
1.120000e-06	-4.977421e-09	-6.204477e-09	-4.116044e+01	-7.251443e+02
1.130000e-06	-4.944733e-09	-6.183289e-09	-4.089013e+01	-7.231470e+02
1.140000e-06	-4.911809e-09	-6.165066e-09	-4.061787e+01	-7.211231e+02
1.150000e-06	-4.878652e-09	-6.149799e-09	-4.034368e+01	-7.190725e+02
1.160000e-06	-4.845256e-09	-6.136997e-09	-4.006751e+01	-7.169950e+02
1.170000e-06	-4.811618e-09	-6.123732e-09	-3.978934e+01	-7.148905e+02
1.180000e-06	-4.777738e-09	-6.108100e-09	-3.950918e+01	-7.127591e+02
1.190000e-06	-4.743618e-09	-6.087354e-09	-3.922702e+01	-7.106005e+02
1.200000e-06	-4.709269e-09	-6.064096e-09	-3.894298e+01	-7.084148e+02
1.210000e-06	-4.674704e-09	-6.040461e-09	-3.865714e+01	-7.062019e+02
1.220000e-06	-4.639914e-09	-6.017933e-09	-3.836945e+01	-7.039617e+02
1.230000e-06	-4.604887e-09	-5.997980e-09	-3.807980e+01	-7.016944e+02
1.240000e-06	-4.569637e-09	-5.979849e-09	-3.778830e+01	-6.993997e+02
1.250000e-06	-4.534178e-09	-5.961892e-09	-3.749507e+01	-6.970778e+02
1.260000e-06	-4.498514e-09	-5.940316e-09	-3.720015e+01	-6.947286e+02
1.270000e-06	-4.462651e-09	-5.916896e-09	-3.690359e+01	-6.923522e+02
1.280000e-06	-4.426586e-09	-5.893897e-09	-3.660535e+01	-6.899484e+02
1.290000e-06	-4.390327e-09	-5.874098e-09	-3.630551e+01	-6.875175e+02
1.300000e-06	-4.353872e-09	-5.856179e-09	-3.600405e+01	-6.850592e+02
1.310000e-06	-4.317211e-09	-5.839808e-09	-3.570089e+01	-6.825738e+02
1.320000e-06	-4.280343e-09	-5.822698e-09	-3.539601e+01	-6.800611e+02
1.330000e-06	-4.243274e-09	-5.800133e-09	-3.508947e+01	-6.775211e+02
1.340000e-06	-4.206017e-09	-5.777205e-09	-3.478137e+01	-6.749539e+02
1.350000e-06	-4.168573e-09	-5.754069e-09	-3.447173e+01	-6.723594e+02
1.360000e-06	-4.130940e-09	-5.731277e-09	-3.416053e+01	-6.697377e+02
1.370000e-06	-4.093107e-09	-5.710338e-09	-3.384767e+01	-6.670886e+02
1.380000e-06	-4.055073e-09	-5.689253e-09	-3.353315e+01	-6.644122e+02
1.390000e-06	-4.016841e-09	-5.668796e-09	-3.321700e+01	-6.617084e+02
1.400000e-06	-3.978408e-09	-5.648050e-09	-3.289918e+01	-6.589771e+02
1.410000e-06	-3.939774e-09	-5.625379e-09	-3.257970e+01	-6.562184e+02
1.420000e-06	-3.900952e-09	-5.601623e-09	-3.225866e+01	-6.534320e+02
1.430000e-06	-3.861953e-09	-5.577690e-09	-3.193616e+01	-6.506179e+02
1.440000e-06	-3.822783e-09	-5.553201e-09	-3.161225e+01	-6.477761e+02
1.450000e-06	-3.783435e-09	-5.528596e-09	-3.128687e+01	-6.449063e+02
1.460000e-06	-3.743908e-09	-5.505355e-09	-3.096000e+01	-6.420085e+02
1.470000e-06	-3.704211e-09	-5.481879e-09	-3.063172e+01	-6.390825e+02
1.480000e-06	-3.664345e-09	-5.458466e-09	-3.030205e+01	-6.361282e+02
1.490000e-06	-3.624310e-09	-5.436873e-09	-2.997099e+01	-6.331454e+02
1.500000e-06	-3.584111e-09	-5.416119e-09	-2.963857e+01	-6.301339e+02
1.510000e-06	-3.543754e-09	-5.395215e-09	-2.930484e+01	-6.270936e+02
1.520000e-06	-3.503240e-09	-5.371051e-09	-2.896981e+01	-6.240242e+02
1.530000e-06	-3.462562e-09	-5.343597e-09	-2.863343e+01	-6.209256e+02
1.540000e-06	-3.421716e-09	-5.314269e-09	-2.829566e+01	-6.177975e+02
1.550000e-06	-3.380699e-09	-5.284060e-09	-2.795647e+01	-6.146398e+02
1.560000e-06	-3.339510e-09	-5.255158e-09	-2.761586e+01	-6.114521e+02
1.570000e-06	-3.298155e-09	-5.226634e-09	-2.727388e+01	-6.082344e+02
1.580000e-06	-3.256631e-09	-5.201790e-09	-2.693050e+01	-6.049862e+02
1.590000e-06	-3.214938e-09	-5.179495e-09	-2.658573e+01	-6.017075e+02
1.600000e-06	-3.173081e-09	-5.155435e-09	-2.623959e+01	-5.983979e+02
1.610000e-06	-3.131073e-09	-5.129733e-09	-2.589220e+01	-5.950572e+02
1.620000e-06	-3.088915e-09	-5.100602e-09	-2.554358e+01	-5.916852e+02
1.630000e-06	-3.046607e-09	-5.069367e-09	-2.519372e+01	-5.882816e+02
1.640000e-06	-3.004157e-09	-5.036127e-09	-2.484269e+01	-5.848463e+02
1.650000e-06	-2.961573e-09	-5.003044e-09	-2.449054e+01	-5.813789e+02
1.660000e-06	-2.918858e-09	-4.971396e-09	-2.413731e+01	-5.778792e+02
1.670000e-06	-2.876017e-09	-4.940519e-09	-2.378304e+01	-5.743470e+02
1.680000e-06	-2.833059e-09	-4.910582e-09	-2.342780e+01	-5.707821e+02
1.690000e-06	-2.789984e-09	-4.880731e-09	-2.307160e+01	-5.671842e+02
1.700000e-06	-2.746794e-09	-4.850782e-09	-2.271444e+01	-5.635532e+02
1.710000e-06	-2.703498e-09	-4.817915e-09	-2.235641e+01	-5.598888e+02
1.720000e-06	-2.660095e-09	-4.781538e-09	-2.199748e+01	-5.561908e+02
1.730000e-06	-2.616582e-09	-4.746165e-09	-2.163766e+01	-5.524591e+02
1.740000e-06	-2.572963e-09	-4.713069e-09	-2.127695e+01	-5.486933e+02
1.750000e-06	-2.529237e-09	-4.678004e-09	-2.091537e+01	-5.448934e+02
1.760000e-06	-2.485404e-09	-4.640010e-09	-2.055289e+01	-5.410591e+02
1.770000e-06	-2.441456e-09	-4.603633e-09	-2.018946e+01	-5.371903e+02
1.780000e-06	-2.397392e-09	-4.571669e-09	-1.982508e+01	-5.332867e+02
1.790000e-06	-2.353212e-09	-4.542541e-09	-1.945974e+01	-5.293482e+02
1.800000e-06	-2.308913e-09	-4.510921e-09	-1.909341e+01	-5.253747e+02
1.810000e-06	-2.264494e-09	-4.474775e-09	-1.872610e+01	-5.213658e+02
1.820000e-06	-2.219959e-09	-4.437155e-09	-1.835782e+01	-5.173215e+02
1.830000e-06	-2.175310e-09	-4.399758e-09	-1.798859e+01	-5.132415e+02
1.840000e-06	-2.130553e-09	-4.362369e-09	-1.761847e+01	-5.091256e+02
1.850000e-06	-2.085691e-09	-4.323093e-09	-1.724750e+01	-5.049737e+02
1.860000e-06	-2.040733e-09	-4.284147e-09	-1.687572e+01	-5.007854e+02
1.870000e-06	-1.995689e-09	-4.248149e-09	-1.650323e+01	-4.965607e+02
1.880000e-06	-1.950562e-09	-4.215767e-09	-1.613005e+01	-4.922991e+02
1.890000e-06	-1.905363e-09	-4.182274e-09	-1.575628e+01	-4.880005e+02
1.900000e-06	-1.860093e-09	-4.142684e-09	-1.538193e+01	-4.836646e+02
1.910000e-06	-1.814747e-09	-4.100227e-09	-1.500694e+01	-4.792911e+02
1.920000e-06	-1.769335e-09	-4.060861e-09	-1.463141e+01	-4.748795e+02
1.930000e-06	-1.723860e-09	-4.024482e-09	-1.425536e+01	-4.704297e+02
1.940000e-06	-1.678315e-09	-3.986075e-09	-1.387872e+01	-4.659411e+02
1.950000e-06	-1.632691e-09	-3.945127e-09	-1.350144e+01	-4.614133e+02
1.960000e-06	-1.586994e-09	-3.903847e-09	-1.312355e+01	-4.568460e+02
1.970000e-06	-1.541224e-09	-3.864398e-09	-1.274506e+01	-4.522385e+02
1.980000e-06	-1.495377e-09	-3.826211e-09	-1.236593e+01	-4.475904e+02
1.990000e-06	-1.449452e-09	-3.787321e-09	-1.198616e+01	-4.429012e+02
2.000000e-06	-1.403448e-09	-3.747687e-09	-1.160574e+01	-4.381701e+02
2.010000e-06	-1.357370e-09	-3.710388e-09	-1.122470e+01	-4.333966e+02
2.020000e-06	-1.311227e-09	-3.672887e-09	-1.084312e+01	-4.285800e+02
2.030000e-06	-1.265016e-09	-3.630804e-09	-1.046098e+01	-4.237194e+02
2.040000e-06	-1.218735e-09	-3.585263e-09	-1.007826e+01	-4.188142e+02
2.050000e-06	-1.172389e-09	-3.537668e-09	-9.695004e+00	-4.138635e+02
2.060000e-06	-1.125983e-09	-3.490958e-09	-9.311257e+00	-4.088664e+02
2.070000e-06	-1.079526e-09	-3.446224e-09	-8.927083e+00	-4.038220e+02
2.080000e-06	-1.033022e-09	-3.403132e-09	-8.542522e+00	-3.987293e+02
2.090000e-06	-9.864781e-10	-3.362029e-09	-8.157630e+00	-3.935873e+02
2.100000e-06	-9.398982e-10	-3.321899e-09	-7.772441e+00	-3.883950e+02
2.110000e-06	-8.932892e-10	-3.280387e-09	-7.387012e+00	-3.831512e+02
2.120000e-06	-8.466538e-10	-3.236693e-09	-7.001364e+00	-3.778548e+02
2.130000e-06	-7.999929e-10	-3.192311e-09	-6.615504e+00	-3.725046e+02
2.140000e-06	-7.533045e-10	-3.145631e-09	-6.229418e+00	-3.670995e+02
2.150000e-06	-7.065863e-10	-3.097092e-09	-5.843085e+00	-3.616381e+02
2.160000e-06	-6.598438e-10	-3.047644e-09	-5.456552e+00	-3.561192e+02
2.170000e-06	-6.130770e-10	-2.996796e-09	-5.069817e+00	-3.505414e+02
2.180000e-06	-5.662803e-10	-2.946773e-09	-4.682834e+00	-3.449035e+02
2.190000e-06	-5.194561e-10	-2.897382e-09	-4.295626e+00	-3.392041e+02
2.200000e-06	-4.726072e-10	-2.848593e-09	-3.908212e+00	-3.334419e+02
2.210000e-06	-4.257319e-10	-2.800971e-09	-3.520580e+00	-3.276154e+02
2.220000e-06	-3.788294e-10	-2.753430e-09	-3.132723e+00	-3.217232e+02
2.230000e-06	-3.318994e-10	-2.703357e-09	-2.744639e+00	-3.157641e+02
2.240000e-06	-2.849460e-10	-2.650722e-09	-2.356361e+00	-3.097367e+02
2.250000e-06	-2.379796e-10	-2.596655e-09	-1.967975e+00	-3.036396e+02
2.260000e-06	-1.910051e-10	-2.541113e-09	-1.579522e+00	-2.974714e+02
2.270000e-06	-1.440216e-10	-2.485722e-09	-1.190995e+00	-2.912309e+02
2.280000e-06	-9.703184e-11	-2.431932e-09	-8.024170e-01	-2.849168e+02
2.290000e-06	-5.004143e-11	-2.378549e-09	-4.138330e-01	-2.785278e+02
2.300000e-06	-3.056612e-12	-2.323169e-09	-2.529533e-02	-2.720628e+02
2.310000e-06	4.392095e-11	-2.266573e-09	3.631824e-01	-2.655206e+02
2.320000e-06	9.088852e-11	-2.209036e-09	7.515774e-01	-2.589002e+02
2.330000e-06	1.378444e-10	-2.149869e-09	1.139876e+00	-2.522005e+02
2.340000e-06	1.847873e-10	-2.087976e-09	1.528067e+00	-2.454207e+02
2.350000e-06	2.317125e-10	-2.024347e-09	1.916112e+00	-2.385597e+02
2.360000e-06	2.786242e-10	-1.961824e-09	2.304045e+00	-2.316170e+02
2.370000e-06	3.255239e-10	-1.899174e-09	2.691878e+00	-2.245917e+02
2.380000e-06	3.724062e-10	-1.835152e-09	3.079568e+00	-2.174833e+02
2.390000e-06	4.192696e-10	-1.770009e-09	3.467102e+00	-2.102914e+02
2.400000e-06	4.661162e-10	-1.707657e-09	3.854497e+00	-2.030155e+02
2.410000e-06	5.129461e-10	-1.649039e-09	4.241753e+00	-1.956554e+02
2.420000e-06	5.597596e-10	-1.588190e-09	4.628874e+00	-1.882110e+02
2.430000e-06	6.065580e-10	-1.520692e-09	5.015870e+00	-1.806824e+02
2.440000e-06	6.533366e-10	-1.448828e-09	5.402703e+00	-1.730695e+02
2.450000e-06	7.000917e-10	-1.377314e-09	5.789341e+00	-1.653727e+02
2.460000e-06	7.468177e-10	-1.307786e-09	6.175738e+00	-1.575924e+02
2.470000e-06	7.935088e-10	-1.238972e-09	6.561846e+00	-1.497292e+02
2.480000e-06	8.401670e-10	-1.167822e-09	6.947684e+00	-1.417838e+02
2.490000e-06	8.867926e-10	-1.097102e-09	7.333250e+00	-1.337569e+02
2.500000e-06	9.333800e-10	-1.030142e-09	7.718502e+00	-1.256496e+02
2.510000e-06	9.799202e-10	-9.625959e-10	8.103363e+00	-1.174631e+02
2.520000e-06	1.026407e-09	-8.896522e-10	8.487779e+00	-1.091986e+02
2.530000e-06	1.072838e-09	-8.148482e-10	8.871739e+00	-1.008576e+02
2.540000e-06	1.119210e-09	-7.431704e-10	9.255211e+00	-9.244177e+01
2.550000e-06	1.165522e-09	-6.714708e-10	9.638186e+00	-8.395279e+01
2.560000e-06	1.211769e-09	-5.956281e-10	1.002062e+01	-7.539260e+01
2.570000e-06	1.257948e-09	-5.173631e-10	1.040249e+01	-6.676327e+01
2.580000e-06	1.304064e-09	-4.425638e-10	1.078385e+01	-5.806702e+01
2.590000e-06	1.350121e-09	-3.709282e-10	1.116471e+01	-4.930619e+01
2.600000e-06	1.396119e-09	-2.989293e-10	1.154509e+01	-4.048329e+01
2.610000e-06	1.442055e-09	-2.242267e-10	1.192495e+01	-3.160096e+01
2.620000e-06	1.487929e-09	-1.467461e-10	1.230430e+01	-2.266195e+01
2.630000e-06	1.533739e-09	-6.939276e-11	1.268312e+01	-1.366918e+01
2.640000e-06	1.579483e-09	8.847654e-12	1.306140e+01	-4.625656e+00
2.650000e-06	1.625153e-09	8.699129e-11	1.343907e+01	4.465482e+00
2.660000e-06	1.670749e-09	1.659651e-10	1.381612e+01	1.360099e+01
2.670000e-06	1.716275e-09	2.455269e-10	1.419259e+01	2.277750e+01
2.680000e-06	1.761724e-09	3.227770e-10	1.456843e+01	3.199159e+01
2.690000e-06	1.807090e-09	4.000478e-10	1.494358e+01	4.123970e+01
2.700000e-06	1.852371e-09	4.768959e-10	1.531803e+01	5.051821e+01
2.710000e-06	1.897571e-09	5.548508e-10	1.569181e+01	5.982344e+01
2.720000e-06	1.942688e-09	6.344756e-10	1.606490e+01	6.915162e+01
2.730000e-06	1.987715e-09	7.118727e-10	1.643725e+01	7.849894e+01
2.740000e-06	2.032653e-09	7.876498e-10	1.680886e+01	8.786152e+01
2.750000e-06	2.077495e-09	8.662258e-10	1.717968e+01	9.723547e+01
2.760000e-06	2.122231e-09	9.472331e-10	1.754962e+01	1.066168e+02
2.770000e-06	2.166861e-09	1.026926e-09	1.791868e+01	1.160017e+02
2.780000e-06	2.211384e-09	1.105852e-09	1.828687e+01	1.253860e+02
2.790000e-06	2.255803e-09	1.184920e-09	1.865419e+01	1.347658e+02
2.800000e-06	2.300117e-09	1.266391e-09	1.902063e+01	1.441372e+02
2.810000e-06	2.344324e-09	1.348296e-09	1.938621e+01	1.534962e+02
2.820000e-06	2.388426e-09	1.426288e-09	1.975090e+01	1.628388e+02
2.830000e-06	2.432423e-09	1.502420e-09	2.011473e+01	1.721611e+02
2.840000e-06	2.476318e-09	1.579414e-09	2.047772e+01	1.814593e+02
2.850000e-06	2.520103e-09	1.658596e-09	2.083980e+01	1.907296e+02
2.860000e-06	2.563779e-09	1.738148e-09	2.120097e+01	1.999681e+02
2.870000e-06	2.607350e-09	1.815491e-09	2.156128e+01	2.091713e+02
2.880000e-06	2.650813e-09	1.890921e-09	2.192069e+01	2.183354e+02
2.890000e-06	2.694163e-09	1.966826e-09	2.227918e+01	2.274569e+02
2.900000e-06	2.737399e-09	2.044072e-09	2.263671e+01	2.365323e+02
2.910000e-06	2.780510e-09	2.119583e-09	2.299321e+01	2.455583e+02
2.920000e-06	2.823488e-09	2.194496e-09	2.334862e+01	2.545315e+02
2.930000e-06	2.866333e-09	2.272631e-09	2.370293e+01	2.634489e+02
2.940000e-06	2.909043e-09	2.349554e-09	2.405611e+01	2.723072e+02
2.950000e-06	2.951611e-09	2.425548e-09	2.440812e+01	2.811037e+02
2.960000e-06	2.994034e-09	2.499230e-09	2.475894e+01	2.898353e+02
2.970000e-06	3.036315e-09	2.572648e-09	2.510858e+01	2.984994e+02
2.980000e-06	3.078456e-09	2.649458e-09	2.545706e+01	3.070935e+02
2.990000e-06	3.120457e-09	2.726041e-09	2.580438e+01	3.156149e+02
3.000000e-06	3.162319e-09	2.802199e-09	2.615056e+01	3.240614e+02
3.010000e-06	3.204041e-09	2.873765e-09	2.649558e+01	3.324308e+02
3.020000e-06	3.245619e-09	2.942414e-09	2.683940e+01	3.407209e+02
3.030000e-06	3.287037e-09	3.009386e-09	2.718191e+01	3.489299e+02
3.040000e-06	3.328296e-09	3.075116e-09	2.752309e+01	3.570559e+02
3.050000e-06	3.369401e-09	3.144048e-09	2.786301e+01	3.650972e+02
3.060000e-06	3.410342e-09	3.214911e-09	2.820157e+01	3.730523e+02
3.070000e-06	3.451119e-09	3.288905e-09	2.853877e+01	3.809198e+02
3.080000e-06	3.491735e-09	3.362658e-09	2.887464e+01	3.886983e+02
3.090000e-06	3.532183e-09	3.433417e-09	2.920912e+01	3.963868e+02
3.100000e-06	3.572469e-09	3.500780e-09	2.954226e+01	4.039842e+02
3.110000e-06	3.612591e-09	3.561127e-09	2.987405e+01	4.114897e+02
3.120000e-06	3.652540e-09	3.619467e-09	3.020441e+01	4.189024e+02
3.130000e-06	3.692304e-09	3.678937e-09	3.053323e+01	4.262217e+02
3.140000e-06	3.731883e-09	3.743353e-09	3.086052e+01	4.334470e+02
3.150000e-06	3.771281e-09	3.810664e-09	3.118633e+01	4.405781e+02
3.160000e-06	3.810501e-09	3.877205e-09	3.151065e+01	4.476145e+02
3.170000e-06	3.849543e-09	3.940803e-09	3.183350e+01	4.545560e+02
3.180000e-06	3.888407e-09	4.000243e-09	3.215489e+01	4.614027e+02
3.190000e-06	3.927100e-09	4.056818e-09	3.247486e+01	4.681544e+02
3.200000e-06	3.965618e-09	4.107594e-09	3.279338e+01	4.748114e+02
3.210000e-06	4.003959e-09	4.158622e-09	3.311044e+01	4.813738e+02
3.220000e-06	4.042117e-09	4.212382e-09	3.342598e+01	4.878419e+02
3.230000e-06	4.080085e-09	4.270607e-09	3.373996e+01	4.942160e+02
3.240000e-06	4.117865e-09	4.329455e-09	3.405237e+01	5.004966e+02
3.250000e-06	4.155460e-09	4.384347e-09	3.436327e+01	5.066844e+02
3.260000e-06	4.192872e-09	4.440256e-09	3.467264e+01	5.127797e+02
3.270000e-06	4.230096e-09	4.496868e-09	3.498046e+01	5.187834e+02
3.280000e-06	4.267136e-09	4.553432e-09	3.528676e+01	5.246960e+02
3.290000e-06	4.303987e-09	4.602562e-09	3.559150e+01	5.305185e+02
3.300000e-06	4.340628e-09	4.645971e-09	3.589450e+01	5.362516e+02
3.310000e-06	4.377043e-09	4.690357e-09	3.619563e+01	5.418962e+02
3.320000e-06	4.413237e-09	4.733856e-09	3.649493e+01	5.474533e+02
3.330000e-06	4.449215e-09	4.776672e-09	3.679245e+01	5.529237e+02
3.340000e-06	4.484982e-09	4.818459e-09	3.708822e+01	5.583085e+02
3.350000e-06	4.520535e-09	4.863008e-09	3.738223e+01	5.636088e+02
3.360000e-06	4.555876e-09	4.911260e-09	3.767447e+01	5.688254e+02
3.370000e-06	4.590998e-09	4.961259e-09	3.796492e+01	5.739597e+02
3.380000e-06	4.625899e-09	5.008570e-09	3.825353e+01	5.790125e+02
3.390000e-06	4.660577e-09	5.049588e-09	3.854030e+01	5.839852e+02
3.400000e-06	4.695041e-09	5.088274e-09	3.882529e+01	5.888787e+02
3.410000e-06	4.729294e-09	5.123610e-09	3.910854e+01	5.936942e+02
3.420000e-06	4.763329e-09	5.156336e-09	3.938999e+01	5.984330e+02
3.430000e-06	4.797152e-09	5.191238e-09	3.966969e+01	6.030961e+02
3.440000e-06	4.830763e-09	5.229990e-09	3.994764e+01	6.076846e+02
3.450000e-06	4.864149e-09	5.272741e-09	4.022372e+01	6.121999e+02
3.460000e-06	4.897308e-09	5.316004e-09	4.049793e+01	6.166429e+02
3.470000e-06	4.930244e-09	5.355795e-09	4.077029e+01	6.210150e+02
3.480000e-06	4.962959e-09	5.389382e-09	4.104082e+01	6.253171e+02
3.490000e-06	4.995452e-09	5.417469e-09	4.130952e+01	6.295506e+02
3.500000e-06	5.027725e-09	5.444453e-09	4.157640e+01	6.337165e+02
3.510000e-06	5.059775e-09	5.473272e-09	4.184143e+01	6.378159e+02
3.520000e-06	5.091594e-09	5.504324e-09	4.210456e+01	6.418499e+02
3.530000e-06	5.123177e-09	5.538769e-09	4.236573e+01	6.458197e+02
3.540000e-06	5.154515e-09	5.576724e-09	4.262489e+01	6.497264e+02
3.550000e-06	5.185606e-09	5.615308e-09	4.288198e+01	6.535710e+02
3.560000e-06	5.216449e-09	5.652134e-09	4.313704e+01	6.573545e+02
3.570000e-06	5.247043e-09	5.683545e-09	4.339004e+01	6.610781e+02
3.580000e-06	5.277390e-09	5.710205e-09	4.364099e+01	6.647427e+02
3.590000e-06	5.307486e-09	5.736610e-09	4.388987e+01	6.683494e+02
3.600000e-06	5.337335e-09	5.765177e-09	4.413670e+01	6.718991e+02
3.610000e-06	5.366939e-09	5.794598e-09	4.438151e+01	6.753928e+02
3.620000e-06	5.396301e-09	5.822530e-09	4.462432e+01	6.788314e+02
3.630000e-06	5.425420e-09	5.852414e-09	4.486511e+01	6.822159e+02
3.640000e-06	5.454291e-09	5.883567e-09	4.510386e+01	6.855471e+02
3.650000e-06	5.482908e-09	5.913553e-09	4.534050e+01	6.888260e+02
3.660000e-06	5.511261e-09	5.941888e-09	4.557496e+01	6.920534e+02
3.670000e-06	5.539341e-09	5.969041e-09	4.580717e+01	6.952301e+02
3.680000e-06	5.567158e-09	5.998589e-09	4.603720e+01	6.983570e+02
3.690000e-06	5.594714e-09	6.027777e-09	4.626508e+01	7.014348e+02
3.700000e-06	5.622002e-09	6.054272e-09	4.649073e+01	7.044642e+02
3.710000e-06	5.649022e-09	6.078219e-09	4.671417e+01	7.074461e+02
3.720000e-06	5.675789e-09	6.101254e-09	4.693552e+01	7.103812e+02
3.730000e-06	5.702297e-09	6.126186e-09	4.715472e+01	7.132701e+02
3.740000e-06	5.728536e-09	6.153012e-09	4.737171e+01	7.161135e+02
3.750000e-06	5.754519e-09	6.179956e-09	4.758657e+01	7.189120e+02
3.760000e-06	5.780236e-09	6.204430e-09	4.779924e+01	7.216663e+02
3.770000e-06	5.805686e-09	6.229144e-09	4.800970e+01	7.243769e+02
3.780000e-06	5.830884e-09	6.254676e-09	4.821807e+01	7.270444e+02
3.790000e-06	5.855820e-09	6.278428e-09	4.842428e+01	7.296693e+02
3.800000e-06	5.880481e-09	6.296841e-09	4.862821e+01	7.322523e+02
3.810000e-06	5.904874e-09	6.311973e-09	4.882993e+01	7.347936e+02
3.820000e-06	5.928995e-09	6.330144e-09	4.902939e+01	7.372939e+02
3.830000e-06	5.952833e-09	6.351174e-09	4.922651e+01	7.397535e+02
3.840000e-06	5.976386e-09	6.372088e-09	4.942129e+01	7.421729e+02
3.850000e-06	5.999640e-09	6.390620e-09	4.961358e+01	7.445524e+02
3.860000e-06	6.022596e-09	6.411683e-09	4.980342e+01	7.468924e+02
3.870000e-06	6.045259e-09	6.435379e-09	4.999083e+01	7.491933e+02
3.880000e-06	6.067632e-09	6.456763e-09	5.017584e+01	7.514553e+02
3.890000e-06	6.089743e-09	6.474144e-09	5.035869e+01	7.536788e+02
3.900000e-06	6.111603e-09	6.487078e-09	5.053946e+01	7.558641e+02
3.910000e-06	6.133189e-09	6.500547e-09	5.071796e+01	7.580113e+02
3.920000e-06	6.154488e-09	6.516362e-09	5.089409e+01	7.601208e+02
3.930000e-06	6.175498e-09	6.534351e-09	5.106783e+01	7.621927e+02
3.940000e-06	6.196213e-09	6.551943e-09	5.123913e+01	7.642273e+02
3.950000e-06	6.216644e-09	6.566450e-09	5.140809e+01	7.662247e+02
3.960000e-06	6.236793e-09	6.579539e-09	5.157471e+01	7.681850e+02
3.970000e-06	6.256644e-09	6.593930e-09	5.173886e+01	7.701085e+02
3.980000e-06	6.276197e-09	6.609636e-09	5.190055e+01	7.719953e+02
3.990000e-06	6.295441e-09	6.622351e-09	5.205969e+01	7.738454e+02
4.000000e-06	6.314393e-09	6.633379e-09	5.221641e+01	7.756590e+02
4.010000e-06	6.333086e-09	6.647277e-09	5.237100e+01	7.774363e+02
4.020000e-06	6.351505e-09	6.663766e-09	5.252330e+01	7.791772e+02
4.030000e-06	6.369629e-09	6.677985e-09	5.267319e+01	7.808819e+02
4.040000e-06	6.387456e-09	6.688059e-09	5.282060e+01	7.825505e+02
4.050000e-06	6.404981e-09	6.698696e-09	5.296553e+01	7.841830e+02
4.060000e-06	6.422229e-09	6.713629e-09	5.310816e+01	7.857795e+02
4.070000e-06	6.439212e-09	6.728228e-09	5.324860e+01	7.873401e+02
4.080000e-06	6.455913e-09	6.736561e-09	5.338670e+01	7.888649e+02
4.090000e-06	6.472320e-09	6.742577e-09	5.352238e+01	7.903539e+02
4.100000e-06	6.488420e-09	6.751294e-09	5.365552e+01	7.918073e+02
4.110000e-06	6.504218e-09	6.763113e-09	5.378616e+01	7.932251e+02
4.120000e-06	6.519726e-09	6.774208e-09	5.391440e+01	7.946075e+02
4.130000e-06	6.534923e-09	6.782333e-09	5.404008e+01	7.959545e+02
4.140000e-06	6.549793e-09	6.792618e-09	5.416304e+01	7.972662e+02
4.150000e-06	6.564333e-09	6.803645e-09	5.428328e+01	7.985429e+02
4.160000e-06	6.578561e-09	6.814464e-09	5.440094e+01	7.997845e+02
4.170000e-06	6.592504e-09	6.823372e-09	5.451623e+01	8.009914e+02
4.180000e-06	6.606161e-09	6.828861e-09	5.462917e+01	8.021637e+02
4.190000e-06	6.619504e-09	6.835532e-09	5.473951e+01	8.033015e+02
4.200000e-06	6.632518e-09	6.845149e-09	5.484713e+01	8.044050e+02
4.210000e-06	6.645229e-09	6.856192e-09	5.495224e+01	8.054746e+02
4.220000e-06	6.657662e-09	6.864390e-09	5.505505e+01	8.065105e+02
4.230000e-06	6.669824e-09	6.872130e-09	5.515563e+01	8.075128e+02
4.240000e-06	6.681696e-09	6.880859e-09	5.525380e+01	8.084820e+02
4.250000e-06	6.693239e-09	6.888964e-09	5.534926e+01	8.094182e+02
4.260000e-06	6.704455e-09	6.897098e-09	5.544201e+01	8.103219e+02
4.270000e-06	6.715362e-09	6.905255e-09	5.553220e+01	8.111934e+02
4.280000e-06	6.725941e-09	6.913744e-09	5.561968e+01	8.120330e+02
4.290000e-06	6.736155e-09	6.920451e-09	5.570414e+01	8.128412e+02
4.300000e-06	6.746003e-09	6.927315e-09	5.578559e+01	8.136183e+02
4.310000e-06	6.755530e-09	6.934575e-09	5.586437e+01	8.143647e+02
4.320000e-06	6.764772e-09	6.940281e-09	5.594079e+01	8.150810e+02
4.330000e-06	6.773739e-09	6.946528e-09	5.601494e+01	8.157675e+02
4.340000e-06	6.782399e-09	6.954281e-09	5.608656e+01	8.164248e+02
4.350000e-06	6.790716e-09	6.963072e-09	5.615534e+01	8.170533e+02
4.360000e-06	6.798722e-09	6.969823e-09	5.622154e+01	8.176536e+02
4.370000e-06	6.806438e-09	6.975387e-09	5.628535e+01	8.182261e+02
4.380000e-06	6.813868e-09	6.980977e-09	5.634679e+01	8.187714e+02
4.390000e-06	6.821002e-09	6.986185e-09	5.640579e+01	8.192900e+02
4.400000e-06	6.827792e-09	6.990125e-09	5.646193e+01	8.197825e+02
4.410000e-06	6.834255e-09	6.991412e-09	5.651538e+01	8.202495e+02
4.420000e-06	6.840427e-09	6.995777e-09	5.656642e+01	8.206914e+02
4.430000e-06	6.846309e-09	7.004031e-09	5.661506e+01	8.211088e+02
4.440000e-06	6.851899e-09	7.010323e-09	5.666129e+01	8.215023e+02
4.450000e-06	6.857140e-09	7.014151e-09	5.670463e+01	8.218725e+02
4.460000e-06	6.862026e-09	7.017426e-09	5.674503e+01	8.222199e+02
4.470000e-06	6.866611e-09	7.022499e-09	5.678294e+01	8.225450e+02
4.480000e-06	6.870913e-09	7.028222e-09	5.681852e+01	8.228485e+02
4.490000e-06	6.874945e-09	7.033293e-09	5.685186e+01	8.231307e+02
4.500000e-06	6.878669e-09	7.036746e-09	5.688265e+01	8.233923e+02
4.510000e-06	6.882058e-09	7.039181e-09	5.691068e+01	8.236337e+02
4.520000e-06	6.885126e-09	7.043378e-09	5.693605e+01	8.238555e+02
4.530000e-06	6.887868e-09	7.045758e-09	5.695873e+01	8.240580e+02
4.540000e-06	6.890273e-09	7.043348e-09	5.697862e+01	8.242419e+02
4.550000e-06	6.892307e-09	7.039498e-09	5.699543e+01	8.244074e+02
4.560000e-06	6.893997e-09	7.039710e-09	5.700941e+01	8.245550e+02
4.570000e-06	6.895389e-09	7.043479e-09	5.702093e+01	8.246852e+02
4.580000e-06	6.896484e-09	7.047989e-09	5.702998e+01	8.247982e+02
4.590000e-06	6.897288e-09	7.052014e-09	5.703663e+01	8.248945e+02
4.600000e-06	6.897754e-09	7.055158e-09	5.704048e+01	8.249742e+02
4.610000e-06	6.897877e-09	7.056871e-09	5.704150e+01	8.250378e+02
4.620000e-06	6.897708e-09	7.056180e-09	5.704010e+01	8.250855e+02
4.630000e-06	6.897252e-09	7.053764e-09	5.703633e+01	8.251176e+02
4.640000e-06	6.896532e-09	7.051024e-09	5.703037e+01	8.251341e+02
4.650000e-06	6.895503e-09	7.049360e-09	5.702187e+01	8.251354e+02
4.660000e-06	6.894137e-09	7.048649e-09	5.701057e+01	8.251215e+02
4.670000e-06	6.892486e-09	7.045666e-09	5.699692e+01	8.250926e+02
4.680000e-06	6.890565e-09	7.045856e-09	5.698103e+01	8.250488e+02
4.690000e-06	6.888365e-09	7.056878e-09	5.696284e+01	8.249902e+02
4.700000e-06	6.885877e-09	7.043006e-09	5.694226e+01	8.249167e+02
4.710000e-06	6.883029e-09	7.015386e-09	5.691871e+01	8.248285e+02
4.720000e-06	6.879649e-09	7.015115e-09	5.689076e+01	8.247255e+02
4.730000e-06	6.875568e-09	7.062736e-09	5.685702e+01	8.246076e+02
4.740000e-06	6.871008e-09	7.090883e-09	5.681931e+01	8.244749e+02
4.750000e-06	6.866495e-09	7.033860e-09	5.678199e+01	8.243272e+02
4.760000e-06	6.862087e-09	7.003833e-09	5.674554e+01	8.241645e+02
4.770000e-06	6.857208e-09	7.078143e-09	5.670519e+01	8.239867e+02
4.780000e-06	6.851708e-09	7.055412e-09	5.665971e+01	8.237935e+02
4.790000e-06	6.846107e-09	6.945121e-09	5.661339e+01	8.235850e+02
4.800000e-06	6.840428e-09	6.978417e-09	5.656643e+01	8.233608e+02
4.810000e-06	6.834165e-09	7.013035e-09	5.651464e+01	8.231210e+02
4.820000e-06	6.827422e-09	6.920907e-09	5.645888e+01	8.228652e+02
4.830000e-06	6.820611e-09	6.906273e-09	5.640256e+01	8.225933e+02
4.840000e-06	6.813537e-09	7.015783e-09	5.634406e+01	8.223052e+02
4.850000e-06	6.806032e-09	7.005454e-09	5.628199e+01	8.220005e+02
4.860000e-06	6.798331e-09	6.925681e-09	5.621831e+01	8.216793e+02
4.870000e-06	6.790384e-09	6.999476e-09	5.615260e+01	8.213411e+02
4.880000e-06	6.781969e-09	7.029975e-09	5.608301e+01	8.209860e+02
4.890000e-06	6.773343e-09	6.946987e-09	5.601168e+01	8.206136e+02
4.900000e-06	6.764598e-09	6.984823e-09	5.593936e+01	8.202238e+02
4.910000e-06	6.755368e-09	7.027983e-09	5.586303e+01	8.198165e+02
4.920000e-06	6.745717e-09	6.951028e-09	5.578322e+01	8.193914e+02
4.930000e-06	6.735935e-09	6.964701e-09	5.570233e+01	8.189484e+02
4.940000e-06	6.725821e-09	7.024993e-09	5.561870e+01	8.184874e+02
4.950000e-06	6.715162e-09	6.954795e-09	5.553056e+01	8.180083e+02
4.960000e-06	6.704114e-09	6.948058e-09	5.543919e+01	8.175108e+02
4.970000e-06	6.692745e-09	6.998342e-09	5.534518e+01	8.169951e+02
4.980000e-06	6.681082e-09	6.950308e-09	5.524873e+01	8.164608e+02
4.990000e-06	6.669174e-09	6.940913e-09	5.515026e+01	8.159081e+02
5.000000e-06	6.656888e-09	6.972216e-09	5.504866e+01	8.153368e+02
5.010000e-06	6.644231e-09	6.936733e-09	5.494399e+01	8.147469e+02
5.020000e-06	6.631323e-09	6.942027e-09	5.483726e+01	8.141383e+02
5.030000e-06	6.618131e-09	6.974876e-09	5.472816e+01	8.135112e+02
5.040000e-06	6.604625e-09	6.932345e-09	5.461648e+01	8.128654e+02
5.050000e-06	6.590838e-09	6.917726e-09	5.450246e+01	8.122010e+02
5.060000e-06	6.576728e-09	6.935267e-09	5.438578e+01	8.115181e+02
5.070000e-06	6.562342e-09	6.912991e-09	5.426682e+01	8.108167e+02
5.080000e-06	6.547724e-09	6.907946e-09	5.414594e+01	8.100969e+02
5.090000e-06	6.532751e-09	6.913046e-09	5.402212e+01	8.093589e+02
5.100000e-06	6.517423e-09	6.909004e-09	5.389537e+01	8.086025e+02
5.110000e-06	6.501788e-09	6.916776e-09	5.376607e+01	8.078281e+02
5.120000e-06	6.485829e-09	6.914349e-09	5.363411e+01	8.070358e+02
5.130000e-06	6.469573e-09	6.901166e-09	5.349968e+01	8.062255e+02
5.140000e-06	6.453026e-09	6.888358e-09	5.336284e+01	8.053976e+02
5.150000e-06	6.436149e-09	6.878787e-09	5.322328e+01	8.045520e+02
5.160000e-06	6.418945e-09	6.879340e-09	5.308101e+01	8.036891e+02
5.170000e-06	6.401423e-09	6.872990e-09	5.293612e+01	8.028088e+02
5.180000e-06	6.383583e-09	6.860328e-09	5.278859e+01	8.019115e+02
5.190000e-06	6.365442e-09	6.860535e-09	5.263858e+01	8.009971e+02
5.200000e-06	6.346997e-09	6.855125e-09	5.248605e+01	8.000659e+02
5.210000e-06	6.328273e-09	6.845978e-09	5.233121e+01	7.991180e+02
5.220000e-06	6.309273e-09	6.834423e-09	5.217409e+01	7.981535e+02
5.230000e-06	6.289972e-09	6.817703e-09	5.201448e+01	7.971726e+02
5.240000e-06	6.270390e-09	6.815276e-09	5.185255e+01	7.961754e+02
5.250000e-06	6.250531e-09	6.807211e-09	5.168833e+01	7.951619e+02
5.260000e-06	6.230410e-09	6.794196e-09	5.152193e+01	7.941323e+02
5.270000e-06	6.210020e-09	6.790723e-09	5.135332e+01	7.930867e+02
5.280000e-06	6.189338e-09	6.780269e-09	5.118229e+01	7.920250e+02
5.290000e-06	6.168378e-09	6.768352e-09	5.100897e+01	7.909475e+02
5.300000e-06	6.147184e-09	6.759892e-09	5.083371e+01	7.898540e+02
5.310000e-06	6.125751e-09	6.745144e-09	5.065647e+01	7.887446e+02
5.320000e-06	6.104019e-09	6.734067e-09	5.047675e+01	7.876193e+02
5.330000e-06	6.081971e-09	6.726455e-09	5.029443e+01	7.864780e+02
5.340000e-06	6.059629e-09	6.713306e-09	5.010968e+01	7.853208e+02
5.350000e-06	6.036999e-09	6.699774e-09	4.992254e+01	7.841475e+02
5.360000e-06	6.014048e-09	6.683752e-09	4.973275e+01	7.829581e+02
5.370000e-06	5.990755e-09	6.669142e-09	4.954013e+01	7.817525e+02
5.380000e-06	5.967117e-09	6.657931e-09	4.934466e+01	7.805304e+02
5.390000e-06	5.943173e-09	6.647121e-09	4.914666e+01	7.792918e+02
5.400000e-06	5.918961e-09	6.639129e-09	4.894644e+01	7.780365e+02
5.410000e-06	5.894464e-09	6.630367e-09	4.874386e+01	7.767642e+02
5.420000e-06	5.869680e-09	6.622355e-09	4.853891e+01	7.754749e+02
5.430000e-06	5.844627e-09	6.611584e-09	4.833173e+01	7.741682e+02
5.440000e-06	5.819335e-09	6.593996e-09	4.812259e+01	7.728439e+02
5.450000e-06	5.793796e-09	6.577765e-09	4.791139e+01	7.715017e+02
5.460000e-06	5.767986e-09	6.564196e-09	4.769796e+01	7.701414e+02
5.470000e-06	5.741926e-09	6.552518e-09	4.748246e+01	7.687626e+02
5.480000e-06	5.715626e-09	6.539423e-09	4.726497e+01	7.673651e+02
5.490000e-06	5.689087e-09	6.523123e-09	4.704551e+01	7.659485e+02
5.500000e-06	5.662302e-09	6.511704e-09	4.682402e+01	7.645125e+02
5.510000e-06	5.635263e-09	6.505708e-09	4.660042e+01	7.630567e+02
5.520000e-06	5.607956e-09	6.499276e-09	4.637461e+01	7.615808e+02
5.530000e-06	5.580381e-09	6.489943e-09	4.614658e+01	7.600845e+02
5.540000e-06	5.552527e-09	6.478718e-09	4.591624e+01	7.585674e+02
5.550000e-06	5.524382e-09	6.468315e-09	4.568349e+01	7.570291e+02
5.560000e-06	5.495951e-09	6.454478e-09	4.544839e+01	7.554692e+02
5.570000e-06	5.467243e-09	6.435823e-09	4.521099e+01	7.538875e+02
5.580000e-06	5.438267e-09	6.418198e-09	4.497137e+01	7.522836e+02
5.590000e-06	5.409026e-09	6.405984e-09	4.472956e+01	7.506571e+02
5.600000e-06	5.379522e-09	6.399446e-09	4.448559e+01	7.490076e+02
5.610000e-06	5.349758e-09	6.391857e-09	4.423945e+01	7.473348e+02
5.620000e-06	5.319746e-09	6.380389e-09	4.399128e+01	7.456385e+02
5.630000e-06	5.289497e-09	6.365112e-09	4.374113e+01	7.439182e+02
5.640000e-06	5.259003e-09	6.348557e-09	4.348896e+01	7.421738e+02
5.650000e-06	5.228261e-09	6.330896e-09	4.323475e+01	7.404048e+02
5.660000e-06	5.197283e-09	6.309878e-09	4.297857e+01	7.386109e+02
5.670000e-06	5.166085e-09	6.290706e-09	4.272058e+01	7.367921e+02
5.680000e-06	5.134664e-09	6.276907e-09	4.246075e+01	7.349479e+02
5.690000e-06	5.103014e-09	6.270921e-09	4.219903e+01	7.330781e+02
5.700000e-06	5.071138e-09	6.268316e-09	4.193543e+01	7.311826e+02
5.710000e-06	5.039042e-09	6.261334e-09	4.167001e+01	7.292610e+02
5.720000e-06	5.006726e-09	6.248569e-09	4.140278e+01	7.273133e+02
5.730000e-06	4.974173e-09	6.231066e-09	4.113358e+01	7.253393e+02
5.740000e-06	4.941380e-09	6.210326e-09	4.086240e+01	7.233387e+02
5.750000e-06	4.908356e-09	6.186286e-09	4.058932e+01	7.213115e+02
5.760000e-06	4.875118e-09	6.163393e-09	4.031446e+01	7.192576e+02
5.770000e-06	4.841655e-09	6.145836e-09	4.003773e+01	7.171768e+02
5.780000e-06	4.807944e-09	6.134673e-09	3.975896e+01	7.150690e+02
5.790000e-06	4.773990e-09	6.124507e-09	3.947818e+01	7.129342e+02
5.800000e-06	4.739811e-09	6.112651e-09	3.919554e+01	7.107722e+02
5.810000e-06	4.705421e-09	6.094084e-09	3.891116e+01	7.085831e+02
5.820000e-06	4.670806e-09	6.071012e-09	3.862491e+01	7.063669e+02
5.830000e-06	4.635959e-09	6.050525e-09	3.833675e+01	7.041234e+02
5.840000e-06	4.600898e-09	6.027522e-09	3.804682e+01	7.018526e+02
5.850000e-06	4.565638e-09	6.005997e-09	3.775523e+01	6.995546e+02
5.860000e-06	4.530167e-09	5.985368e-09	3.746191e+01	6.972293e+02
5.870000e-06	4.494465e-09	5.968840e-09	3.716667e+01	6.948767e+02
5.880000e-06	4.458541e-09	5.956444e-09	3.686960e+01	6.924969e+02
5.890000e-06	4.422415e-09	5.940000e-09	3.657087e+01	6.900898e+02
5.900000e-06	4.386101e-09	5.918656e-09	3.627057e+01	6.876555e+02
5.910000e-06	4.349588e-09	5.889038e-09	3.596863e+01	6.851939e+02
5.920000e-06	4.312867e-09	5.859547e-09	3.566497e+01	6.827050e+02
5.930000e-06	4.275946e-09	5.831849e-09	3.535965e+01	6.801890e+02
5.940000e-06	4.238828e-09	5.805672e-09	3.505271e+01	6.776456e+02
5.950000e-06	4.201509e-09	5.784300e-09	3.474410e+01	6.750751e+02
5.960000e-06	4.163983e-09	5.763406e-09	3.443378e+01	6.724772e+02
5.970000e-06	4.126253e-09	5.744283e-09	3.412177e+01	6.698521e+02
5.980000e-06	4.088326e-09	5.720609e-09	3.380814e+01	6.671996e+02
5.990000e-06	4.050217e-09	5.692727e-09	3.349300e+01	6.645198e+02
6.000000e-06	4.011923e-09	5.663963e-09	3.317633e+01	6.618126e+02
6.010000e-06	3.973425e-09	5.636002e-09	3.285798e+01	6.590780e+02
6.020000e-06	3.934730e-09	5.612266e-09	3.253799e+01	6.563158e+02
6.030000e-06	3.895846e-09	5.590384e-09	3.221644e+01	6.535260e+02
6.040000e-06	3.856781e-09	5.570689e-09	3.189339e+01	6.507085e+02
6.050000e-06	3.817537e-09	5.547797e-09	3.156887e+01	6.478632e+02
6.060000e-06	3.778123e-09	5.521169e-09	3.124294e+01	6.449900e+02
6.070000e-06	3.738555e-09	5.491097e-09	3.091574e+01	6.420887e+02
6.080000e-06	3.698840e-09	5.458811e-09	3.058732e+01	6.391592e+02
6.090000e-06	3.658965e-09	5.428999e-09	3.025757e+01	6.362014e+02
6.100000e-06	3.618912e-09	5.400558e-09	2.992635e+01	6.332150e+02
6.110000e-06	3.578684e-09	5.373732e-09	2.959369e+01	6.302000e+02
6.120000e-06	3.538293e-09	5.347268e-09	2.925968e+01	6.271561e+02
6.130000e-06	3.497745e-09	5.320526e-09	2.892438e+01	6.240831e+02
6.140000e-06	3.457032e-09	5.292968e-09	2.858771e+01	6.209808e+02
6.150000e-06	3.416151e-09	5.263186e-09	2.824964e+01	6.178491e+02
6.160000e-06	3.375115e-09	5.233599e-09	2.791030e+01	6.146877e+02
6.170000e-06	3.333931e-09	5.208429e-09	2.756972e+01	6.114963e+02
6.180000e-06	3.292585e-09	5.184873e-09	2.722782e+01	6.082748e+02
6.190000e-06	3.251064e-09	5.161512e-09	2.688447e+01	6.050228e+02
6.200000e-06	3.209373e-09	5.136192e-09	2.653970e+01	6.017403e+02
6.210000e-06	3.167523e-09	5.108528e-09	2.619363e+01	5.984269e+02
6.220000e-06	3.125521e-09	5.080263e-09	2.584630e+01	5.950823e+02
6.230000e-06	3.083358e-09	5.048725e-09	2.549764e+01	5.917064e+02
6.240000e-06	3.041038e-09	5.016272e-09	2.514767e+01	5.882989e+02
6.250000e-06	2.998578e-09	4.986086e-09	2.479655e+01	5.848596e+02
6.260000e-06	2.955994e-09	4.959041e-09	2.444441e+01	5.813882e+02
6.270000e-06	2.913288e-09	4.930189e-09	2.409125e+01	5.778845e+02
6.280000e-06	2.870458e-09	4.899350e-09	2.373707e+01	5.743483e+02
6.290000e-06	2.827512e-09	4.867262e-09	2.338194e+01	5.707793e+02
6.300000e-06	2.784455e-09	4.833780e-09	2.302587e+01	5.671774e+02
6.310000e-06	2.741284e-09	4.803502e-09	2.266887e+01	5.635422e+02
6.320000e-06	2.697991e-09	4.774873e-09	2.231087e+01	5.598737e+02
6.330000e-06	2.654570e-09	4.748722e-09	2.195180e+01	5.561715e+02
6.340000e-06	2.611030e-09	4.723504e-09	2.159175e+01	5.524355e+02
6.350000e-06	2.567377e-09	4.696188e-09	2.123077e+01	5.486655e+02
6.360000e-06	2.523606e-09	4.663999e-09	2.086880e+01	5.448614e+02
6.370000e-06	2.479709e-09	4.626199e-09	2.050580e+01	5.410228e+02
6.380000e-06	2.435692e-09	4.588719e-09	2.014180e+01	5.371497e+02
6.390000e-06	2.391565e-09	4.554457e-09	1.977690e+01	5.332418e+02
6.400000e-06	2.347333e-09	4.525823e-09	1.941113e+01	5.292990e+02
6.410000e-06	2.302998e-09	4.498265e-09	1.904450e+01	5.253210e+02
6.420000e-06	2.258552e-09	4.469069e-09	1.867696e+01	5.213078e+02
6.430000e-06	2.213993e-09	4.438611e-09	1.830848e+01	5.172590e+02
6.440000e-06	2.169334e-09	4.403938e-09	1.793918e+01	5.131746e+02
6.450000e-06	2.124576e-09	4.367613e-09	1.756905e+01	5.090543e+02
6.460000e-06	2.079711e-09	4.329083e-09	1.719805e+01	5.048979e+02
6.470000e-06	2.034748e-09	4.291393e-09	1.682623e+01	5.007051e+02
6.480000e-06	1.989699e-09	4.258263e-09	1.645369e+01	4.964758e+02
6.490000e-06	1.944572e-09	4.227257e-09	1.608053e+01	4.922097e+02
6.500000e-06	1.899364e-09	4.194411e-09	1.570668e+01	4.879065e+02
6.510000e-06	1.854070e-09	4.156863e-09	1.533213e+01	4.835659e+02
6.520000e-06	1.808695e-09	4.118765e-09	1.495690e+01	4.791876e+02
6.530000e-06	1.763245e-09	4.080813e-09	1.458105e+01	4.747714e+02
6.540000e-06	1.717726e-09	4.042159e-09	1.420464e+01	4.703167e+02
6.550000e-06	1.672139e-09	4.003080e-09	1.382766e+01	4.658233e+02
6.560000e-06	1.626480e-09	3.962265e-09	1.345008e+01	4.612906e+02
6.570000e-06	1.580752e-09	3.919886e-09	1.307194e+01	4.567183e+02
6.580000e-06	1.534958e-09	3.876766e-09	1.269325e+01	4.521059e+02
6.590000e-06	1.489094e-09	3.834116e-09	1.231398e+01	4.474527e+02
6.600000e-06	1.443159e-09	3.793024e-09	1.193412e+01	4.427583e+02
6.610000e-06	1.397153e-09	3.754811e-09	1.155368e+01	4.380220e+02
6.620000e-06	1.351081e-09	3.719798e-09	1.117269e+01	4.332432e+02
6.630000e-06	1.304949e-09	3.683425e-09	1.079120e+01	4.284211e+02
6.640000e-06	1.258755e-09	3.642412e-09	1.040921e+01	4.235551e+02
6.650000e-06	1.212501e-09	3.596474e-09	1.002671e+01	4.186443e+02
6.660000e-06	1.166195e-09	3.546577e-09	9.643789e+00	4.136878e+02
6.670000e-06	1.119838e-09	3.498371e-09	9.260443e+00	4.086849e+02
6.680000e-06	1.073433e-09	3.452810e-09	8.876702e+00	4.036346e+02
6.690000e-06	1.026986e-09	3.410708e-09	8.492612e+00	3.985358e+02
6.700000e-06	9.804990e-10	3.371343e-09	8.108189e+00	3.933876e+02
6.710000e-06	9.339779e-10	3.329912e-09	7.723486e+00	3.881889e+02
6.720000e-06	8.874266e-10	3.285518e-09	7.338533e+00	3.829387e+02
6.730000e-06	8.408469e-10	3.236355e-09	6.953345e+00	3.776357e+02
6.740000e-06	7.942392e-10	3.184654e-09	6.567926e+00	3.722787e+02
6.750000e-06	7.476033e-10	3.134071e-09	6.182274e+00	3.668667e+02
6.760000e-06	7.009412e-10	3.086056e-09	5.796405e+00	3.613982e+02
6.770000e-06	6.542472e-10	3.041230e-09	5.410271e+00	3.558720e+02
6.780000e-06	6.075224e-10	2.995866e-09	5.023884e+00	3.502869e+02
6.790000e-06	5.607697e-10	2.950474e-09	4.637266e+00	3.446414e+02
6.800000e-06	5.139850e-10	2.905036e-09	4.250382e+00	3.389342e+02
6.810000e-06	4.671728e-10	2.858323e-09	3.863272e+00	3.331640e+02
6.820000e-06	4.203349e-10	2.810078e-09	3.475949e+00	3.273294e+02
6.830000e-06	3.734673e-10	2.758949e-09	3.088381e+00	3.214291e+02
6.840000e-06	3.265705e-10	2.707158e-09	2.700571e+00	3.154615e+02
6.850000e-06	2.796573e-10	2.655924e-09	2.312626e+00	3.094255e+02
6.860000e-06	2.327337e-10	2.604311e-09	1.924594e+00	3.033196e+02
6.870000e-06	1.857983e-10	2.549163e-09	1.536465e+00	2.971424e+02
6.880000e-06	1.388558e-10	2.492995e-09	1.148277e+00	2.908928e+02
6.890000e-06	9.191567e-11	2.441814e-09	7.601087e-01	2.845695e+02
6.900000e-06	4.497958e-11	2.393529e-09	3.719738e-01	2.781711e+02
6.910000e-06	-1.953134e-12	2.342886e-09	-1.613332e-02	2.716966e+02
6.920000e-06	-4.887916e-11	2.286878e-09	-4.041850e-01	2.651447e+02
6.930000e-06	-9.579786e-11	2.229767e-09	-7.921759e-01	2.585145e+02
6.940000e-06	-1.427009e-10	2.172985e-09	-1.180037e+00	2.518049e+02
6.950000e-06	-1.895845e-10	2.115627e-09	-1.567738e+00	2.450149e+02
6.960000e-06	-2.364486e-10	2.059152e-09	-1.955278e+00	2.381438e+02
6.970000e-06	-2.833004e-10	2.001503e-09	-2.342716e+00	2.311908e+02
6.980000e-06	-3.301430e-10	1.943219e-09	-2.730077e+00	2.241552e+02
6.990000e-06	-3.769686e-10	1.887325e-09	-3.117298e+00	2.170365e+02
7.000000e-06	-4.237738e-10	1.828660e-09	-3.504351e+00	2.098341e+02
7.010000e-06	-4.705596e-10	1.765834e-09	-3.891243e+00	2.025477e+02
7.020000e-06	-5.173309e-10	1.703875e-09	-4.278015e+00	1.951771e+02
7.030000e-06	-5.640873e-10	1.640768e-09	-4.664664e+00	1.877223e+02
7.040000e-06	-6.108199e-10	1.579533e-09	-5.051116e+00	1.801831e+02
7.050000e-06	-6.575257e-10	1.515749e-09	-5.437347e+00	1.725597e+02
7.060000e-06	-7.042051e-10	1.451587e-09	-5.823359e+00	1.648525e+02
7.070000e-06	-7.508550e-10	1.388638e-09	-6.209128e+00	1.570619e+02
7.080000e-06	-7.974677e-10	1.320616e-09	-6.594588e+00	1.491884e+02
7.090000e-06	-8.440413e-10	1.254654e-09	-6.979726e+00	1.412327e+02
7.100000e-06	-8.905774e-10	1.187522e-09	-7.364553e+00	1.331958e+02
7.110000e-06	-9.370703e-10	1.125376e-09	-7.749023e+00	1.250786e+02
7.120000e-06	-9.835164e-10	1.065451e-09	-8.133106e+00	1.168823e+02
7.130000e-06	-1.029912e-09	9.991149e-10	-8.516768e+00	1.086082e+02
7.140000e-06	-1.076255e-09	9.290705e-10	-8.900004e+00	1.002578e+02
7.150000e-06	-1.122545e-09	8.498681e-10	-9.282797e+00	9.183271e+01
7.160000e-06	-1.168779e-09	7.682940e-10	-9.665123e+00	8.333476e+01
7.170000e-06	-1.214955e-09	6.853620e-10	-1.004697e+01	7.476585e+01
7.180000e-06	-1.261075e-09	6.079911e-10	-1.042835e+01	6.612807e+01
7.190000e-06	-1.307139e-09	5.398669e-10	-1.080928e+01	5.742364e+01
7.200000e-06	-1.353150e-09	4.717144e-10	-1.118977e+01	4.865495e+01
7.210000e-06	-1.399109e-09	3.999448e-10	-1.156982e+01	3.982451e+01
7.220000e-06	-1.445007e-09	3.210778e-10	-1.194937e+01	3.093497e+01
7.230000e-06	-1.490844e-09	2.389530e-10	-1.232842e+01	2.198912e+01
7.240000e-06	-1.536623e-09	1.533026e-10	-1.270699e+01	1.298987e+01
7.250000e-06	-1.582342e-09	7.119102e-11	-1.308505e+01	3.940256e+00
7.260000e-06	-1.627994e-09	-5.043171e-12	-1.346257e+01	-5.156573e+00
7.270000e-06	-1.673579e-09	-7.697154e-11	-1.383953e+01	-1.429735e+01
7.280000e-06	-1.719092e-09	-1.490134e-10	-1.421590e+01	-2.347872e+01
7.290000e-06	-1.764530e-09	-2.277886e-10	-1.459165e+01	-3.269722e+01
7.300000e-06	-1.809888e-09	-3.118494e-10	-1.496673e+01	-4.194930e+01
7.310000e-06	-1.855153e-09	-4.011686e-10	-1.534104e+01	-5.123132e+01
7.320000e-06	-1.900321e-09	-4.901015e-10	-1.571456e+01	-6.053959e+01
7.330000e-06	-1.945395e-09	-5.767514e-10	-1.608730e+01	-6.987034e+01
7.340000e-06	-1.990372e-09	-6.532707e-10	-1.645923e+01	-7.921974e+01
7.350000e-06	-2.035251e-09	-7.253458e-10	-1.683035e+01	-8.858392e+01
7.360000e-06	-2.080027e-09	-7.994978e-10	-1.720062e+01	-9.795898e+01
7.370000e-06	-2.124699e-09	-8.800829e-10	-1.757003e+01	-1.073410e+02
7.380000e-06	-2.169274e-09	-9.692765e-10	-1.793864e+01	-1.167259e+02
7.390000e-06	-2.213752e-09	-1.055509e-09	-1.830646e+01	-1.261099e+02
7.400000e-06	-2.258127e-09	-1.142057e-09	-1.867341e+01	-1.354888e+02
7.410000e-06	-2.302395e-09	-1.224186e-09	-1.903948e+01	-1.448588e+02
7.420000e-06	-2.346565e-09	-1.302632e-09	-1.940474e+01	-1.542159e+02
7.430000e-06	-2.390642e-09	-1.376664e-09	-1.976923e+01	-1.635562e+02
7.440000e-06	-2.434618e-09	-1.450008e-09	-2.013289e+01	-1.728757e+02
7.450000e-06	-2.478488e-09	-1.530813e-09	-2.049567e+01	-1.821706e+02
7.460000e-06	-2.522252e-09	-1.614849e-09	-2.085758e+01	-1.914370e+02
7.470000e-06	-2.565904e-09	-1.703195e-09	-2.121855e+01	-2.006713e+02
7.480000e-06	-2.609433e-09	-1.787824e-09	-2.157851e+01	-2.098697e+02
7.490000e-06	-2.652839e-09	-1.870858e-09	-2.193745e+01	-2.190287e+02
7.500000e-06	-2.696114e-09	-1.950112e-09	-2.229531e+01	-2.281446e+02
7.510000e-06	-2.739261e-09	-2.023962e-09	-2.265211e+01	-2.372140e+02
7.520000e-06	-2.782283e-09	-2.095348e-09	-2.300788e+01	-2.462335e+02
7.530000e-06	-2.825175e-09	-2.165288e-09	-2.336257e+01	-2.551999e+02
7.540000e-06	-2.867932e-09	-2.239570e-09	-2.371615e+01	-2.641100e+02
7.550000e-06	-2.910554e-09	-2.314955e-09	-2.406861e+01	-2.729607e+02
7.560000e-06	-2.953044e-09	-2.393162e-09	-2.441998e+01	-2.817492e+02
7.570000e-06	-2.995403e-09	-2.469383e-09	-2.477027e+01	-2.904725e+02
7.580000e-06	-3.037624e-09	-2.545094e-09	-2.511940e+01	-2.991280e+02
7.590000e-06	-3.079702e-09	-2.619230e-09	-2.546737e+01	-3.077130e+02
7.600000e-06	-3.121627e-09	-2.688628e-09	-2.581407e+01	-3.162252e+02
7.610000e-06	-3.163401e-09	-2.757861e-09	-2.615951e+01	-3.246622e+02
7.620000e-06	-3.205022e-09	-2.824700e-09	-2.650369e+01	-3.330217e+02
7.630000e-06	-3.246487e-09	-2.894154e-09	-2.684658e+01	-3.413018e+02
7.640000e-06	-3.287805e-09	-2.962299e-09	-2.718826e+01	-3.495004e+02
7.650000e-06	-3.328974e-09	-3.029936e-09	-2.752870e+01	-3.576159e+02
7.660000e-06	-3.369992e-09	-3.098177e-09	-2.786790e+01	-3.656465e+02
7.670000e-06	-3.410857e-09	-3.166723e-09	-2.820583e+01	-3.735907e+02
7.680000e-06	-3.451568e-09	-3.238263e-09	-2.854249e+01	-3.814471e+02
7.690000e-06	-3.492124e-09	-3.307617e-09	-2.887786e+01	-3.892144e+02
7.700000e-06	-3.532505e-09	-3.374313e-09	-2.921179e+01	-3.968915e+02
7.710000e-06	-3.572707e-09	-3.434149e-09	-2.954424e+01	-4.044774e+02
7.720000e-06	-3.612734e-09	-3.490861e-09	-2.987524e+01	-4.119713e+02
7.730000e-06	-3.652587e-09	-3.547845e-09	-3.020479e+01	-4.193723e+02
7.740000e-06	-3.692264e-09	-3.606345e-09	-3.053290e+01	-4.266798e+02
7.750000e-06	-3.731773e-09	-3.667752e-09	-3.085962e+01	-4.338934e+02
7.760000e-06	-3.771113e-09	-3.729774e-09	-3.118494e+01	-4.410126e+02
7.770000e-06	-3.810283e-09	-3.793491e-09	-3.150885e+01	-4.480371e+02
7.780000e-06	-3.849283e-09	-3.856055e-09	-3.183136e+01	-4.549668e+02
7.790000e-06	-3.888101e-09	-3.916831e-09	-3.215236e+01	-4.618015e+02
7.800000e-06	-3.926730e-09	-3.972165e-09	-3.247181e+01	-4.685414e+02
7.810000e-06	-3.965176e-09	-4.024823e-09	-3.278973e+01	-4.751865e+02
7.820000e-06	-4.003445e-09	-4.080472e-09	-3.310619e+01	-4.817370e+02
7.830000e-06	-4.041536e-09	-4.136139e-09	-3.342118e+01	-4.881933e+02
7.840000e-06	-4.079448e-09	-4.189844e-09	-3.373469e+01	-4.945557e+02
7.850000e-06	-4.117177e-09	-4.240920e-09	-3.404669e+01	-5.008247e+02
7.860000e-06	-4.154726e-09	-4.294427e-09	-3.435720e+01	-5.070008e+02
7.870000e-06	-4.192091e-09	-4.351551e-09	-3.466619e+01	-5.130846e+02
7.880000e-06	-4.229261e-09	-4.410033e-09	-3.497356e+01	-5.190768e+02
7.890000e-06	-4.266225e-09	-4.464843e-09	-3.527923e+01	-5.249781e+02
7.900000e-06	-4.302979e-09	-4.512846e-09	-3.558317e+01	-5.307893e+02
7.910000e-06	-4.339527e-09	-4.559568e-09	-3.588540e+01	-5.365113e+02
7.920000e-06	-4.375866e-09	-4.606897e-09	-3.618590e+01	-5.421449e+02
7.930000e-06	-4.411982e-09	-4.652001e-09	-3.648456e+01	-5.476910e+02
7.940000e-06	-4.447878e-09	-4.694978e-09	-3.678140e+01	-5.531506e+02
7.950000e-06	-4.483547e-09	-4.741958e-09	-3.707636e+01	-5.585248e+02
7.960000e-06	-4.518972e-09	-4.794814e-09	-3.736930e+01	-5.638145e+02
7.970000e-06	-4.554169e-09	-4.847546e-09	-3.766037e+01	-5.690208e+02
7.980000e-06	-4.589156e-09	-4.896091e-09	-3.794969e+01	-5.741447e+02
7.990000e-06	-4.623932e-09	-4.941471e-09	-3.823726e+01	-5.791875e+02
8.000000e-06	-4.658487e-09	-4.985564e-09	-3.852301e+01	-5.841501e+02
8.010000e-06	-4.692833e-09	-5.028067e-09	-3.880704e+01	-5.890338e+02
8.020000e-06	-4.726982e-09	-5.064920e-09	-3.908943e+01	-5.938397e+02
8.030000e-06	-4.760927e-09	-5.097846e-09	-3.937013e+01	-5.985688e+02
8.040000e-06	-4.794664e-09	-5.132802e-09	-3.964912e+01	-6.032225e+02
8.050000e-06	-4.828193e-09	-5.171597e-09	-3.992639e+01	-6.078018e+02
8.060000e-06	-4.861512e-09	-5.212138e-09	-4.020192e+01	-6.123079e+02
8.070000e-06	-4.894612e-09	-5.253571e-09	-4.047563e+01	-6.167420e+02
8.080000e-06	-4.927493e-09	-5.297149e-09	-4.074754e+01	-6.211052e+02
8.090000e-06	-4.960156e-09	-5.340643e-09	-4.101764e+01	-6.253987e+02
8.100000e-06	-4.992584e-09	-5.381689e-09	-4.128581e+01	-6.296236e+02
8.110000e-06	-5.024774e-09	-5.418632e-09	-4.155200e+01	-6.337811e+02
8.120000e-06	-5.056724e-09	-5.451154e-09	-4.181621e+01	-6.378722e+02
8.130000e-06	-5.088440e-09	-5.480859e-09	-4.207848e+01	-6.418982e+02
8.140000e-06	-5.119919e-09	-5.510468e-09	-4.233879e+01	-6.458600e+02
8.150000e-06	-5.151151e-09	-5.542834e-09	-4.259707e+01	-6.497588e+02
8.160000e-06	-5.182138e-09	-5.578044e-09	-4.285331e+01	-6.535957e+02
8.170000e-06	-5.212883e-09	-5.614748e-09	-4.310756e+01	-6.573716e+02
8.180000e-06	-5.243383e-09	-5.650906e-09	-4.335977e+01	-6.610877e+02
8.190000e-06	-5.273639e-09	-5.684050e-09	-4.360997e+01	-6.647450e+02
8.200000e-06	-5.303650e-09	-5.714623e-09	-4.385814e+01	-6.683445e+02
8.210000e-06	-5.333417e-09	-5.741343e-09	-4.410430e+01	-6.718871e+02
8.220000e-06	-5.362951e-09	-5.764528e-09	-4.434853e+01	-6.753738e+02
8.230000e-06	-5.392241e-09	-5.788083e-09	-4.459075e+01	-6.788056e+02
8.240000e-06	-5.421289e-09	-5.815774e-09	-4.483095e+01	-6.821833e+02
8.250000e-06	-5.450090e-09	-5.848799e-09	-4.506912e+01	-6.855079e+02
8.260000e-06	-5.478638e-09	-5.881757e-09	-4.530520e+01	-6.887803e+02
8.270000e-06	-5.506922e-09	-5.913208e-09	-4.553909e+01	-6.920013e+02
8.280000e-06	-5.534943e-09	-5.944031e-09	-4.577080e+01	-6.951717e+02
8.290000e-06	-5.562701e-09	-5.974033e-09	-4.600035e+01	-6.982923e+02
8.300000e-06	-5.590197e-09	-6.000923e-09	-4.622772e+01	-7.013640e+02
8.310000e-06	-5.617428e-09	-6.022143e-09	-4.645291e+01	-7.043874e+02
8.320000e-06	-5.644395e-09	-6.042060e-09	-4.667591e+01	-7.073634e+02
8.330000e-06	-5.671107e-09	-6.064466e-09	-4.689680e+01	-7.102926e+02
8.340000e-06	-5.697565e-09	-6.089356e-09	-4.711560e+01	-7.131758e+02
8.350000e-06	-5.723761e-09	-6.111900e-09	-4.733222e+01	-7.160135e+02
8.360000e-06	-5.749699e-09	-6.131809e-09	-4.754671e+01	-7.188064e+02
8.370000e-06	-5.775387e-09	-6.154971e-09	-4.775914e+01	-7.215551e+02
8.380000e-06	-5.800812e-09	-6.181341e-09	-4.796939e+01	-7.242603e+02
8.390000e-06	-5.825977e-09	-6.208337e-09	-4.817749e+01	-7.269224e+02
8.400000e-06	-5.850885e-09	-6.234228e-09	-4.838347e+01	-7.295421e+02
8.410000e-06	-5.875514e-09	-6.257811e-09	-4.858714e+01	-7.321197e+02
8.420000e-06	-5.899868e-09	-6.278493e-09	-4.878852e+01	-7.346559e+02
8.430000e-06	-5.923954e-09	-6.296479e-09	-4.898770e+01	-7.371510e+02
8.440000e-06	-5.947754e-09	-6.314184e-09	-4.918452e+01	-7.396055e+02
8.450000e-06	-5.971259e-09	-6.334139e-09	-4.937889e+01	-7.420199e+02
8.460000e-06	-5.994464e-09	-6.357643e-09	-4.957079e+01	-7.443944e+02
8.470000e-06	-6.017359e-09	-6.382598e-09	-4.976011e+01	-7.467295e+02
8.480000e-06	-6.039944e-09	-6.406348e-09	-4.994687e+01	-7.490254e+02
8.490000e-06	-6.062234e-09	-6.428949e-09	-5.013120e+01	-7.512826e+02
8.500000e-06	-6.084233e-09	-6.449623e-09	-5.031312e+01	-7.535013e+02
8.510000e-06	-6.105957e-09	-6.467821e-09	-5.049277e+01	-7.556818e+02
8.520000e-06	-6.127427e-09	-6.483489e-09	-5.067031e+01	-7.578242e+02
8.530000e-06	-6.148643e-09	-6.500091e-09	-5.084575e+01	-7.599290e+02
8.540000e-06	-6.169590e-09	-6.521039e-09	-5.101897e+01	-7.619962e+02
8.550000e-06	-6.190242e-09	-6.542633e-09	-5.118976e+01	-7.640261e+02
8.560000e-06	-6.210597e-09	-6.563296e-09	-5.135808e+01	-7.660188e+02
8.570000e-06	-6.230664e-09	-6.584260e-09	-5.152402e+01	-7.679745e+02
8.580000e-06	-6.250440e-09	-6.605476e-09	-5.168756e+01	-7.698933e+02
8.590000e-06	-6.269944e-09	-6.627628e-09	-5.184885e+01	-7.717755e+02
8.600000e-06	-6.289185e-09	-6.647230e-09	-5.200796e+01	-7.736210e+02
8.610000e-06	-6.308142e-09	-6.662497e-09	-5.216472e+01	-7.754300e+02
8.620000e-06	-6.326815e-09	-6.676305e-09	-5.231914e+01	-7.772027e+02
8.630000e-06	-6.345198e-09	-6.689327e-09	-5.247115e+01	-7.789391e+02
8.640000e-06	-6.363285e-09	-6.701582e-09	-5.262072e+01	-7.806392e+02
8.650000e-06	-6.381097e-09	-6.714981e-09	-5.276802e+01	-7.823032e+02
8.660000e-06	-6.398621e-09	-6.732920e-09	-5.291293e+01	-7.839312e+02
8.670000e-06	-6.415842e-09	-6.754733e-09	-5.305534e+01	-7.855232e+02
8.680000e-06	-6.432768e-09	-6.775762e-09	-5.319530e+01	-7.870793e+02
8.690000e-06	-6.449404e-09	-6.792637e-09	-5.333287e+01	-7.885996e+02
8.700000e-06	-6.465764e-09	-6.806417e-09	-5.346817e+01	-7.900841e+02
8.710000e-06	-6.481854e-09	-6.820032e-09	-5.360122e+01	-7.915330e+02
8.720000e-06	-6.497649e-09	-6.832472e-09	-5.373183e+01	-7.929464e+02
8.730000e-06	-6.513123e-09	-6.844797e-09	-5.385979e+01	-7.943242e+02
8.740000e-06	-6.528260e-09	-6.857133e-09	-5.398497e+01	-7.956668e+02
8.750000e-06	-6.543074e-09	-6.868351e-09	-5.410747e+01	-7.969741e+02
8.760000e-06	-6.557587e-09	-6.881229e-09	-5.422749e+01	-7.982463e+02
8.770000e-06	-6.571804e-09	-6.894619e-09	-5.434505e+01	-7.994836e+02
8.780000e-06	-6.585706e-09	-6.907300e-09	-5.446001e+01	-8.006861e+02
8.790000e-06	-6.599287e-09	-6.917364e-09	-5.457232e+01	-8.018540e+02
8.800000e-06	-6.612571e-09	-6.925932e-09	-5.468217e+01	-8.029875e+02
8.810000e-06	-6.625575e-09	-6.934751e-09	-5.478972e+01	-8.040868e+02
8.820000e-06	-6.638298e-09	-6.942535e-09	-5.489492e+01	-8.051521e+02
8.830000e-06	-6.650713e-09	-6.948891e-09	-5.499759e+01	-8.061837e+02
8.840000e-06	-6.662796e-09	-6.954074e-09	-5.509751e+01	-8.071818e+02
8.850000e-06	-6.674574e-09	-6.960051e-09	-5.519491e+01	-8.081468e+02
8.860000e-06	-6.686070e-09	-6.967435e-09	-5.528997e+01	-8.090790e+02
8.870000e-06	-6.697276e-09	-6.976394e-09	-5.538264e+01	-8.099786e+02
8.880000e-06	-6.708165e-09	-6.986128e-09	-5.547269e+01	-8.108460e+02
8.890000e-06	-6.718695e-09	-6.994179e-09	-5.555976e+01	-8.116816e+02
8.900000e-06	-6.728878e-09	-7.000131e-09	-5.564397e+01	-8.124858e+02
8.910000e-06	-6.738723e-09	-7.006096e-09	-5.572538e+01	-8.132591e+02
8.920000e-06	-6.748205e-09	-7.013196e-09	-5.580379e+01	-8.140017e+02
8.930000e-06	-6.757359e-09	-7.015445e-09	-5.587949e+01	-8.147142e+02
8.940000e-06	-6.766238e-09	-7.016393e-09	-5.595291e+01	-8.153970e+02
8.950000e-06	-6.774854e-09	-7.017748e-09	-5.602417e+01	-8.160506e+02
8.960000e-06	-6.783206e-09	-7.022963e-09	-5.609323e+01	-8.166755e+02
8.970000e-06	-6.791283e-09	-7.031281e-09	-5.616002e+01	-8.172723e+02
8.980000e-06	-6.799066e-09	-7.033687e-09	-5.622438e+01	-8.178413e+02
8.990000e-06	-6.806512e-09	-7.037592e-09	-5.628596e+01	-8.183832e+02
9.000000e-06	-6.813622e-09	-7.040253e-09	-5.634475e+01	-8.188985e+02
9.010000e-06	-6.820438e-09	-7.043845e-09	-5.640112e+01	-8.193878e+02
9.020000e-06	-6.826962e-09	-7.047440e-09	-5.645507e+01	-8.198515e+02
9.030000e-06	-6.833181e-09	-7.049466e-09	-5.650649e+01	-8.202903e+02
9.040000e-06	-6.839058e-09	-7.056663e-09	-5.655509e+01	-8.207047e+02
9.050000e-06	-6.844604e-09	-7.062132e-09	-5.660096e+01	-8.210952e+02
9.060000e-06	-6.849855e-09	-7.067516e-09	-5.664438e+01	-8.214625e+02
9.070000e-06	-6.854805e-09	-7.068467e-09	-5.668532e+01	-8.218070e+02
9.080000e-06	-6.859463e-09	-7.066794e-09	-5.672383e+01	-8.221294e+02
9.090000e-06	-6.863791e-09	-7.066773e-09	-5.675962e+01	-8.224301e+02
9.100000e-06	-6.867787e-09	-7.065494e-09	-5.679267e+01	-8.227097e+02
9.110000e-06	-6.871494e-09	-7.069258e-09	-5.682332e+01	-8.229687e+02
9.120000e-06	-6.874911e-09	-7.073318e-09	-5.685158e+01	-8.232076e+02
9.130000e-06	-6.878035e-09	-7.080125e-09	-5.687741e+01	-8.234269e+02
9.140000e-06	-6.880812e-09	-7.084828e-09	-5.690038e+01	-8.236271e+02
9.150000e-06	-6.883209e-09	-7.086477e-09	-5.692020e+01	-8.238085e+02
9.160000e-06	-6.885273e-09	-7.086724e-09	-5.693727e+01	-8.239718e+02
9.170000e-06	-6.887035e-09	-7.084362e-09	-5.695184e+01	-8.241172e+02
9.180000e-06	-6.888510e-09	-7.087132e-09	-5.696404e+01	-8.242451e+02
9.190000e-06	-6.889651e-09	-7.090527e-09	-5.697347e+01	-8.243560e+02
9.200000e-06	-6.890444e-09	-7.095976e-09	-5.698003e+01	-8.244502e+02
9.210000e-06	-6.890953e-09	-7.099893e-09	-5.698424e+01	-8.245279e+02
