# Temperatura_=_20.0
# Concentracion g/m^3_=_18000.0
# C_Vs_to_Am_M_A/Vsm_=_116720831517.84952
# pendiente_HvsI_1/m_=_3716.3
# ordenada_HvsI_A/m_=_1297.0
# frecuencia_Hz_=_108221.16008943254
# Promedio de 20 ciclos

Tiempo_(s)	Campo_(V.s)	Magnetizacion_(V.s)	Campo_(kA/m)	Magnetizacion_(A/m)
0.000000e+00	-6.935188e-09	-7.183053e-09	-5.692543e+01	-8.308547e+02
1.000000e-08	-6.935338e-09	-7.186629e-09	-5.692667e+01	-8.314268e+02
2.000000e-08	-6.935321e-09	-7.189110e-09	-5.692653e+01	-8.320264e+02
3.000000e-08	-6.935132e-09	-7.185990e-09	-5.692498e+01	-8.326533e+02
4.000000e-08	-6.934659e-09	-7.179043e-09	-5.692109e+01	-8.333072e+02
5.000000e-08	-6.933822e-09	-7.174599e-09	-5.691423e+01	-8.339873e+02
6.000000e-08	-6.932547e-09	-7.173559e-09	-5.690376e+01	-8.346929e+02
7.000000e-08	-6.930765e-09	-7.186103e-09	-5.688914e+01	-8.354229e+02
8.000000e-08	-6.928479e-09	-7.210621e-09	-5.687037e+01	-8.361759e+02
9.000000e-08	-6.925688e-09	-7.209374e-09	-5.684747e+01	-8.369505e+02
1.000000e-07	-6.922414e-09	-7.122800e-09	-5.682059e+01	-8.377450e+02
1.100000e-07	-6.918757e-09	-7.021305e-09	-5.679057e+01	-8.385574e+02
1.200000e-07	-6.914876e-09	-7.095499e-09	-5.675871e+01	-8.393857e+02
1.300000e-07	-6.910856e-09	-7.278124e-09	-5.672572e+01	-8.402276e+02
1.400000e-07	-6.906675e-09	-7.295416e-09	-5.669140e+01	-8.410806e+02
1.500000e-07	-6.902219e-09	-7.076588e-09	-5.665483e+01	-8.419423e+02
1.600000e-07	-6.897390e-09	-7.122071e-09	-5.661519e+01	-8.428098e+02
1.700000e-07	-6.892217e-09	-7.482830e-09	-5.657273e+01	-8.436804e+02
1.800000e-07	-6.886768e-09	-7.394068e-09	-5.652800e+01	-8.445510e+02
1.900000e-07	-6.881006e-09	-7.268008e-09	-5.648071e+01	-8.454186e+02
2.000000e-07	-6.874915e-09	-7.575208e-09	-5.643071e+01	-8.462802e+02
2.100000e-07	-6.868503e-09	-7.545326e-09	-5.637808e+01	-8.471324e+02
2.200000e-07	-6.861741e-09	-7.326590e-09	-5.632258e+01	-8.479721e+02
2.300000e-07	-6.854637e-09	-7.479392e-09	-5.626427e+01	-8.487960e+02
2.400000e-07	-6.847232e-09	-7.517871e-09	-5.620349e+01	-8.496010e+02
2.500000e-07	-6.839574e-09	-7.304894e-09	-5.614063e+01	-8.503836e+02
2.600000e-07	-6.831713e-09	-7.398244e-09	-5.607610e+01	-8.511409e+02
2.700000e-07	-6.823673e-09	-7.428121e-09	-5.601011e+01	-8.518695e+02
2.800000e-07	-6.815415e-09	-7.245841e-09	-5.594233e+01	-8.525665e+02
2.900000e-07	-6.806904e-09	-7.406083e-09	-5.587247e+01	-8.532288e+02
3.000000e-07	-6.798064e-09	-7.497161e-09	-5.579991e+01	-8.538535e+02
3.100000e-07	-6.788791e-09	-7.391600e-09	-5.572379e+01	-8.544378e+02
3.200000e-07	-6.778967e-09	-7.405222e-09	-5.564315e+01	-8.549793e+02
3.300000e-07	-6.768635e-09	-7.380376e-09	-5.555835e+01	-8.554752e+02
3.400000e-07	-6.757888e-09	-7.336505e-09	-5.547014e+01	-8.559234e+02
3.500000e-07	-6.746731e-09	-7.401953e-09	-5.537856e+01	-8.563217e+02
3.600000e-07	-6.735230e-09	-7.379314e-09	-5.528416e+01	-8.566681e+02
3.700000e-07	-6.723420e-09	-7.335899e-09	-5.518722e+01	-8.569609e+02
3.800000e-07	-6.711337e-09	-7.429702e-09	-5.508804e+01	-8.571986e+02
3.900000e-07	-6.698984e-09	-7.407947e-09	-5.498664e+01	-8.573798e+02
4.000000e-07	-6.686310e-09	-7.329895e-09	-5.488261e+01	-8.575034e+02
4.100000e-07	-6.673266e-09	-7.310450e-09	-5.477555e+01	-8.575686e+02
4.200000e-07	-6.659867e-09	-7.302082e-09	-5.466556e+01	-8.575747e+02
4.300000e-07	-6.646168e-09	-7.319126e-09	-5.455312e+01	-8.575213e+02
4.400000e-07	-6.632137e-09	-7.344761e-09	-5.443795e+01	-8.574083e+02
4.500000e-07	-6.617739e-09	-7.353567e-09	-5.431977e+01	-8.572357e+02
4.600000e-07	-6.602903e-09	-7.325808e-09	-5.419799e+01	-8.570038e+02
4.700000e-07	-6.587571e-09	-7.350720e-09	-5.407214e+01	-8.567132e+02
4.800000e-07	-6.571804e-09	-7.344815e-09	-5.394272e+01	-8.563647e+02
4.900000e-07	-6.555636e-09	-7.288645e-09	-5.381002e+01	-8.559591e+02
5.000000e-07	-6.539091e-09	-7.277904e-09	-5.367421e+01	-8.554977e+02
5.100000e-07	-6.522231e-09	-7.283872e-09	-5.353582e+01	-8.549819e+02
5.200000e-07	-6.505094e-09	-7.304972e-09	-5.339516e+01	-8.544132e+02
5.300000e-07	-6.487694e-09	-7.308401e-09	-5.325233e+01	-8.537935e+02
5.400000e-07	-6.470050e-09	-7.289800e-09	-5.310751e+01	-8.531245e+02
5.500000e-07	-6.452134e-09	-7.270236e-09	-5.296045e+01	-8.524085e+02
5.600000e-07	-6.433904e-09	-7.273982e-09	-5.281082e+01	-8.516476e+02
5.700000e-07	-6.415363e-09	-7.262738e-09	-5.265863e+01	-8.508441e+02
5.800000e-07	-6.396470e-09	-7.239371e-09	-5.250356e+01	-8.500006e+02
5.900000e-07	-6.377242e-09	-7.237938e-09	-5.234572e+01	-8.491194e+02
6.000000e-07	-6.357770e-09	-7.236556e-09	-5.218589e+01	-8.482033e+02
6.100000e-07	-6.338086e-09	-7.244199e-09	-5.202432e+01	-8.472549e+02
6.200000e-07	-6.318223e-09	-7.232022e-09	-5.186129e+01	-8.462768e+02
6.300000e-07	-6.298222e-09	-7.214692e-09	-5.169711e+01	-8.452719e+02
6.400000e-07	-6.278064e-09	-7.199742e-09	-5.153165e+01	-8.442428e+02
6.500000e-07	-6.257712e-09	-7.201124e-09	-5.136460e+01	-8.431923e+02
6.600000e-07	-6.237127e-09	-7.203301e-09	-5.119563e+01	-8.421229e+02
6.700000e-07	-6.216281e-09	-7.185875e-09	-5.102453e+01	-8.410374e+02
6.800000e-07	-6.195141e-09	-7.179143e-09	-5.085100e+01	-8.399383e+02
6.900000e-07	-6.173704e-09	-7.162930e-09	-5.067505e+01	-8.388281e+02
7.000000e-07	-6.152024e-09	-7.153015e-09	-5.049709e+01	-8.377091e+02
7.100000e-07	-6.130100e-09	-7.133699e-09	-5.031713e+01	-8.365837e+02
7.200000e-07	-6.107881e-09	-7.117828e-09	-5.013476e+01	-8.354540e+02
7.300000e-07	-6.085382e-09	-7.117975e-09	-4.995008e+01	-8.343219e+02
7.400000e-07	-6.062624e-09	-7.121510e-09	-4.976328e+01	-8.331894e+02
7.500000e-07	-6.039570e-09	-7.129786e-09	-4.957404e+01	-8.320582e+02
7.600000e-07	-6.016217e-09	-7.120146e-09	-4.938236e+01	-8.309298e+02
7.700000e-07	-5.992625e-09	-7.109337e-09	-4.918871e+01	-8.298056e+02
7.800000e-07	-5.968809e-09	-7.092122e-09	-4.899323e+01	-8.286867e+02
7.900000e-07	-5.944789e-09	-7.078662e-09	-4.879607e+01	-8.275742e+02
8.000000e-07	-5.920573e-09	-7.064275e-09	-4.859729e+01	-8.264689e+02
8.100000e-07	-5.896084e-09	-7.046452e-09	-4.839629e+01	-8.253714e+02
8.200000e-07	-5.871242e-09	-7.036431e-09	-4.819237e+01	-8.242821e+02
8.300000e-07	-5.845986e-09	-7.028435e-09	-4.798508e+01	-8.232012e+02
8.400000e-07	-5.820294e-09	-7.026372e-09	-4.777418e+01	-8.221289e+02
8.500000e-07	-5.794155e-09	-7.013464e-09	-4.755964e+01	-8.210649e+02
8.600000e-07	-5.767561e-09	-7.000383e-09	-4.734135e+01	-8.200089e+02
8.700000e-07	-5.740557e-09	-6.988382e-09	-4.711970e+01	-8.189604e+02
8.800000e-07	-5.713262e-09	-6.980435e-09	-4.689565e+01	-8.179188e+02
8.900000e-07	-5.685729e-09	-6.970917e-09	-4.666966e+01	-8.168832e+02
9.000000e-07	-5.657978e-09	-6.953669e-09	-4.644187e+01	-8.158526e+02
9.100000e-07	-5.630062e-09	-6.943840e-09	-4.621273e+01	-8.148258e+02
9.200000e-07	-5.601959e-09	-6.935362e-09	-4.598205e+01	-8.138016e+02
9.300000e-07	-5.573666e-09	-6.931050e-09	-4.574981e+01	-8.127787e+02
9.400000e-07	-5.545221e-09	-6.917659e-09	-4.551634e+01	-8.117554e+02
9.500000e-07	-5.516570e-09	-6.904848e-09	-4.528116e+01	-8.107302e+02
9.600000e-07	-5.487681e-09	-6.898598e-09	-4.504403e+01	-8.097015e+02
9.700000e-07	-5.458541e-09	-6.892172e-09	-4.480485e+01	-8.086674e+02
9.800000e-07	-5.429159e-09	-6.882973e-09	-4.456367e+01	-8.076261e+02
9.900000e-07	-5.399534e-09	-6.861763e-09	-4.432051e+01	-8.065759e+02
1.000000e-06	-5.369676e-09	-6.845794e-09	-4.407543e+01	-8.055148e+02
1.010000e-06	-5.339625e-09	-6.834582e-09	-4.382877e+01	-8.044410e+02
1.020000e-06	-5.309366e-09	-6.825323e-09	-4.358039e+01	-8.033526e+02
1.030000e-06	-5.278873e-09	-6.812740e-09	-4.333010e+01	-8.022476e+02
1.040000e-06	-5.248154e-09	-6.803210e-09	-4.307795e+01	-8.011244e+02
1.050000e-06	-5.217249e-09	-6.798267e-09	-4.282428e+01	-7.999810e+02
1.060000e-06	-5.186130e-09	-6.789127e-09	-4.256885e+01	-7.988158e+02
1.070000e-06	-5.154786e-09	-6.779614e-09	-4.231157e+01	-7.976270e+02
1.080000e-06	-5.123239e-09	-6.763960e-09	-4.205262e+01	-7.964132e+02
1.090000e-06	-5.091497e-09	-6.752065e-09	-4.179207e+01	-7.951727e+02
1.100000e-06	-5.059588e-09	-6.742602e-09	-4.153016e+01	-7.939043e+02
1.110000e-06	-5.027487e-09	-6.731879e-09	-4.126667e+01	-7.926066e+02
1.120000e-06	-4.995164e-09	-6.717698e-09	-4.100136e+01	-7.912784e+02
1.130000e-06	-4.962594e-09	-6.702362e-09	-4.073402e+01	-7.899187e+02
1.140000e-06	-4.929767e-09	-6.692375e-09	-4.046457e+01	-7.885266e+02
1.150000e-06	-4.896630e-09	-6.681387e-09	-4.019257e+01	-7.871013e+02
1.160000e-06	-4.863089e-09	-6.669155e-09	-3.991726e+01	-7.856421e+02
1.170000e-06	-4.829162e-09	-6.651338e-09	-3.963878e+01	-7.841484e+02
1.180000e-06	-4.794910e-09	-6.636319e-09	-3.935763e+01	-7.826200e+02
1.190000e-06	-4.760348e-09	-6.627167e-09	-3.907395e+01	-7.810566e+02
1.200000e-06	-4.725480e-09	-6.617828e-09	-3.878775e+01	-7.794580e+02
1.210000e-06	-4.690335e-09	-6.606645e-09	-3.849927e+01	-7.778243e+02
1.220000e-06	-4.654917e-09	-6.592931e-09	-3.820855e+01	-7.761556e+02
1.230000e-06	-4.619284e-09	-6.582055e-09	-3.791607e+01	-7.744522e+02
1.240000e-06	-4.583506e-09	-6.569272e-09	-3.762239e+01	-7.727146e+02
1.250000e-06	-4.547573e-09	-6.554769e-09	-3.732744e+01	-7.709432e+02
1.260000e-06	-4.511482e-09	-6.539694e-09	-3.703121e+01	-7.691386e+02
1.270000e-06	-4.475255e-09	-6.525188e-09	-3.673385e+01	-7.673016e+02
1.280000e-06	-4.438898e-09	-6.511207e-09	-3.643542e+01	-7.654329e+02
1.290000e-06	-4.402402e-09	-6.495281e-09	-3.613585e+01	-7.635334e+02
1.300000e-06	-4.365743e-09	-6.480451e-09	-3.583495e+01	-7.616041e+02
1.310000e-06	-4.328926e-09	-6.463901e-09	-3.553275e+01	-7.596460e+02
1.320000e-06	-4.291942e-09	-6.446884e-09	-3.522917e+01	-7.576601e+02
1.330000e-06	-4.254767e-09	-6.429132e-09	-3.492404e+01	-7.556475e+02
1.340000e-06	-4.217405e-09	-6.411510e-09	-3.461736e+01	-7.536093e+02
1.350000e-06	-4.179838e-09	-6.395107e-09	-3.430900e+01	-7.515466e+02
1.360000e-06	-4.142088e-09	-6.379250e-09	-3.399915e+01	-7.494605e+02
1.370000e-06	-4.104133e-09	-6.364275e-09	-3.368760e+01	-7.473522e+02
1.380000e-06	-4.065976e-09	-6.348100e-09	-3.337440e+01	-7.452226e+02
1.390000e-06	-4.027654e-09	-6.331946e-09	-3.305985e+01	-7.430729e+02
1.400000e-06	-3.989159e-09	-6.315708e-09	-3.274388e+01	-7.409041e+02
1.410000e-06	-3.950508e-09	-6.302382e-09	-3.242662e+01	-7.387171e+02
1.420000e-06	-3.911688e-09	-6.288257e-09	-3.210798e+01	-7.365127e+02
1.430000e-06	-3.872691e-09	-6.270181e-09	-3.178788e+01	-7.342918e+02
1.440000e-06	-3.833507e-09	-6.250088e-09	-3.146625e+01	-7.320551e+02
1.450000e-06	-3.794169e-09	-6.226890e-09	-3.114336e+01	-7.298032e+02
1.460000e-06	-3.754697e-09	-6.206054e-09	-3.081936e+01	-7.275367e+02
1.470000e-06	-3.715055e-09	-6.186235e-09	-3.049397e+01	-7.252560e+02
1.480000e-06	-3.675243e-09	-6.164700e-09	-3.016719e+01	-7.229614e+02
1.490000e-06	-3.635279e-09	-6.143800e-09	-2.983916e+01	-7.206531e+02
1.500000e-06	-3.595222e-09	-6.127421e-09	-2.951036e+01	-7.183313e+02
1.510000e-06	-3.555023e-09	-6.112976e-09	-2.918039e+01	-7.159960e+02
1.520000e-06	-3.514651e-09	-6.095315e-09	-2.884901e+01	-7.136470e+02
1.530000e-06	-3.474130e-09	-6.076276e-09	-2.851641e+01	-7.112840e+02
1.540000e-06	-3.433424e-09	-6.055809e-09	-2.818229e+01	-7.089068e+02
1.550000e-06	-3.392531e-09	-6.037185e-09	-2.784663e+01	-7.065148e+02
1.560000e-06	-3.351457e-09	-6.018589e-09	-2.750949e+01	-7.041075e+02
1.570000e-06	-3.310167e-09	-5.998400e-09	-2.717057e+01	-7.016843e+02
1.580000e-06	-3.268629e-09	-5.975531e-09	-2.682962e+01	-6.992442e+02
1.590000e-06	-3.226906e-09	-5.952746e-09	-2.648715e+01	-6.967866e+02
1.600000e-06	-3.185002e-09	-5.934080e-09	-2.614319e+01	-6.943103e+02
1.610000e-06	-3.142899e-09	-5.913808e-09	-2.579761e+01	-6.918144e+02
1.620000e-06	-3.100577e-09	-5.892967e-09	-2.545022e+01	-6.892977e+02
1.630000e-06	-3.058051e-09	-5.871668e-09	-2.510116e+01	-6.867591e+02
1.640000e-06	-3.015384e-09	-5.851291e-09	-2.475094e+01	-6.841974e+02
1.650000e-06	-2.972542e-09	-5.832671e-09	-2.439929e+01	-6.816113e+02
1.660000e-06	-2.929556e-09	-5.810797e-09	-2.404644e+01	-6.789994e+02
1.670000e-06	-2.886467e-09	-5.784071e-09	-2.369276e+01	-6.763605e+02
1.680000e-06	-2.843247e-09	-5.755701e-09	-2.333800e+01	-6.736932e+02
1.690000e-06	-2.799868e-09	-5.732735e-09	-2.298194e+01	-6.709962e+02
1.700000e-06	-2.756379e-09	-5.712718e-09	-2.262498e+01	-6.682680e+02
1.710000e-06	-2.712802e-09	-5.692765e-09	-2.226729e+01	-6.655075e+02
1.720000e-06	-2.669098e-09	-5.671552e-09	-2.190855e+01	-6.627132e+02
1.730000e-06	-2.625273e-09	-5.648517e-09	-2.154883e+01	-6.598839e+02
1.740000e-06	-2.581366e-09	-5.626110e-09	-2.118844e+01	-6.570184e+02
1.750000e-06	-2.537386e-09	-5.600340e-09	-2.082744e+01	-6.541154e+02
1.760000e-06	-2.493316e-09	-5.573110e-09	-2.046570e+01	-6.511740e+02
1.770000e-06	-2.449121e-09	-5.546527e-09	-2.010294e+01	-6.481929e+02
1.780000e-06	-2.404811e-09	-5.521938e-09	-1.973923e+01	-6.451712e+02
1.790000e-06	-2.360394e-09	-5.499406e-09	-1.937465e+01	-6.421081e+02
1.800000e-06	-2.315877e-09	-5.473371e-09	-1.900924e+01	-6.390026e+02
1.810000e-06	-2.271279e-09	-5.443378e-09	-1.864317e+01	-6.358540e+02
1.820000e-06	-2.226581e-09	-5.414848e-09	-1.827628e+01	-6.326618e+02
1.830000e-06	-2.181769e-09	-5.391200e-09	-1.790845e+01	-6.294251e+02
1.840000e-06	-2.136858e-09	-5.370958e-09	-1.753982e+01	-6.261437e+02
1.850000e-06	-2.091878e-09	-5.349144e-09	-1.717061e+01	-6.228171e+02
1.860000e-06	-2.046809e-09	-5.326210e-09	-1.680068e+01	-6.194450e+02
1.870000e-06	-2.001651e-09	-5.301549e-09	-1.643001e+01	-6.160271e+02
1.880000e-06	-1.956390e-09	-5.273585e-09	-1.605850e+01	-6.125634e+02
1.890000e-06	-1.911033e-09	-5.240168e-09	-1.568620e+01	-6.090536e+02
1.900000e-06	-1.865626e-09	-5.199699e-09	-1.531349e+01	-6.054978e+02
1.910000e-06	-1.820116e-09	-5.162651e-09	-1.493993e+01	-6.018961e+02
1.920000e-06	-1.774486e-09	-5.131894e-09	-1.456539e+01	-5.982485e+02
1.930000e-06	-1.728801e-09	-5.106279e-09	-1.419040e+01	-5.945552e+02
1.940000e-06	-1.683058e-09	-5.081370e-09	-1.381493e+01	-5.908163e+02
1.950000e-06	-1.637249e-09	-5.052508e-09	-1.343892e+01	-5.870321e+02
1.960000e-06	-1.591362e-09	-5.021859e-09	-1.306227e+01	-5.832027e+02
1.970000e-06	-1.545391e-09	-4.987928e-09	-1.268493e+01	-5.793284e+02
1.980000e-06	-1.499359e-09	-4.952068e-09	-1.230709e+01	-5.754093e+02
1.990000e-06	-1.453265e-09	-4.913843e-09	-1.192875e+01	-5.714456e+02
2.000000e-06	-1.407103e-09	-4.875787e-09	-1.154984e+01	-5.674376e+02
2.010000e-06	-1.360908e-09	-4.839465e-09	-1.117066e+01	-5.633851e+02
2.020000e-06	-1.314701e-09	-4.808830e-09	-1.079138e+01	-5.592883e+02
2.030000e-06	-1.268422e-09	-4.780717e-09	-1.041152e+01	-5.551472e+02
2.040000e-06	-1.222070e-09	-4.748182e-09	-1.003105e+01	-5.509615e+02
2.050000e-06	-1.175687e-09	-4.714804e-09	-9.650327e+00	-5.467311e+02
2.060000e-06	-1.129244e-09	-4.677609e-09	-9.269111e+00	-5.424556e+02
2.070000e-06	-1.082715e-09	-4.638230e-09	-8.887196e+00	-5.381344e+02
2.080000e-06	-1.036154e-09	-4.596004e-09	-8.505008e+00	-5.337671e+02
2.090000e-06	-9.895532e-10	-4.552749e-09	-8.122503e+00	-5.293528e+02
2.100000e-06	-9.428974e-10	-4.510766e-09	-7.739543e+00	-5.248906e+02
2.110000e-06	-8.962069e-10	-4.470977e-09	-7.356297e+00	-5.203795e+02
2.120000e-06	-8.494682e-10	-4.434916e-09	-6.972656e+00	-5.158182e+02
2.130000e-06	-8.027107e-10	-4.398057e-09	-6.588860e+00	-5.112054e+02
2.140000e-06	-7.559454e-10	-4.360566e-09	-6.205001e+00	-5.065393e+02
2.150000e-06	-7.091145e-10	-4.320077e-09	-5.820604e+00	-5.018182e+02
2.160000e-06	-6.622095e-10	-4.277696e-09	-5.435598e+00	-4.970401e+02
2.170000e-06	-6.152723e-10	-4.233071e-09	-5.050328e+00	-4.922030e+02
2.180000e-06	-5.683051e-10	-4.187447e-09	-4.664811e+00	-4.873044e+02
2.190000e-06	-5.212984e-10	-4.143435e-09	-4.278969e+00	-4.823417e+02
2.200000e-06	-4.742788e-10	-4.098585e-09	-3.893022e+00	-4.773124e+02
2.210000e-06	-4.272526e-10	-4.053338e-09	-3.507022e+00	-4.722134e+02
2.220000e-06	-3.801906e-10	-4.004919e-09	-3.120726e+00	-4.670418e+02
2.230000e-06	-3.331228e-10	-3.954995e-09	-2.734384e+00	-4.617942e+02
2.240000e-06	-2.860672e-10	-3.903820e-09	-2.348142e+00	-4.564674e+02
2.250000e-06	-2.389857e-10	-3.855558e-09	-1.961688e+00	-4.510578e+02
2.260000e-06	-1.918902e-10	-3.809783e-09	-1.575118e+00	-4.455617e+02
2.270000e-06	-1.448424e-10	-3.760492e-09	-1.188940e+00	-4.399754e+02
2.280000e-06	-9.780119e-11	-3.710627e-09	-8.028163e-01	-4.342949e+02
2.290000e-06	-5.070708e-11	-3.659471e-09	-4.162577e-01	-4.285165e+02
2.300000e-06	-3.605032e-12	-3.607415e-09	-2.963421e-02	-4.226359e+02
2.310000e-06	4.347286e-11	-3.552995e-09	3.567904e-01	-4.166492e+02
2.320000e-06	9.055031e-11	-3.498231e-09	7.432113e-01	-4.105523e+02
2.330000e-06	1.376060e-10	-3.445450e-09	1.129454e+00	-4.043410e+02
2.340000e-06	1.846106e-10	-3.392473e-09	1.515277e+00	-3.980112e+02
2.350000e-06	2.316140e-10	-3.339299e-09	1.901091e+00	-3.915590e+02
2.360000e-06	2.786149e-10	-3.283768e-09	2.286884e+00	-3.849802e+02
2.370000e-06	3.255897e-10	-3.224957e-09	2.672463e+00	-3.782710e+02
2.380000e-06	3.725525e-10	-3.162398e-09	3.057943e+00	-3.714275e+02
2.390000e-06	4.194890e-10	-3.098219e-09	3.443208e+00	-3.644462e+02
2.400000e-06	4.664174e-10	-3.031831e-09	3.828406e+00	-3.573233e+02
2.410000e-06	5.133333e-10	-2.965461e-09	4.213502e+00	-3.500556e+02
2.420000e-06	5.601911e-10	-2.903069e-09	4.598120e+00	-3.426399e+02
2.430000e-06	6.070256e-10	-2.842187e-09	4.982547e+00	-3.350732e+02
2.440000e-06	6.538430e-10	-2.779279e-09	5.366834e+00	-3.273529e+02
2.450000e-06	7.006511e-10	-2.712773e-09	5.751043e+00	-3.194764e+02
2.460000e-06	7.474528e-10	-2.643857e-09	6.135201e+00	-3.114417e+02
2.470000e-06	7.942065e-10	-2.572634e-09	6.518965e+00	-3.032468e+02
2.480000e-06	8.409312e-10	-2.500105e-09	6.902491e+00	-2.948902e+02
2.490000e-06	8.876384e-10	-2.425856e-09	7.285873e+00	-2.863707e+02
2.500000e-06	9.343405e-10	-2.351414e-09	7.669213e+00	-2.776875e+02
2.510000e-06	9.810300e-10	-2.276772e-09	8.052451e+00	-2.688401e+02
2.520000e-06	1.027670e-09	-2.198828e-09	8.435280e+00	-2.598283e+02
2.530000e-06	1.074274e-09	-2.116761e-09	8.817813e+00	-2.506525e+02
2.540000e-06	1.120817e-09	-2.033269e-09	9.199850e+00	-2.413133e+02
2.550000e-06	1.167301e-09	-1.951928e-09	9.581399e+00	-2.318118e+02
2.560000e-06	1.213746e-09	-1.870689e-09	9.962635e+00	-2.221495e+02
2.570000e-06	1.260147e-09	-1.785674e-09	1.034350e+01	-2.123284e+02
2.580000e-06	1.306499e-09	-1.696718e-09	1.072397e+01	-2.023508e+02
2.590000e-06	1.352769e-09	-1.609117e-09	1.110376e+01	-1.922194e+02
2.600000e-06	1.398935e-09	-1.521147e-09	1.148270e+01	-1.819374e+02
2.610000e-06	1.445041e-09	-1.432252e-09	1.186115e+01	-1.715085e+02
2.620000e-06	1.491087e-09	-1.343814e-09	1.223910e+01	-1.609365e+02
2.630000e-06	1.537025e-09	-1.254531e-09	1.261617e+01	-1.502260e+02
2.640000e-06	1.582883e-09	-1.166027e-09	1.299258e+01	-1.393817e+02
2.650000e-06	1.628680e-09	-1.074035e-09	1.336850e+01	-1.284087e+02
2.660000e-06	1.674378e-09	-9.753336e-10	1.374359e+01	-1.173127e+02
2.670000e-06	1.719958e-09	-8.717262e-10	1.411772e+01	-1.060994e+02
2.680000e-06	1.765449e-09	-7.688387e-10	1.449112e+01	-9.477509e+01
2.690000e-06	1.810856e-09	-6.689348e-10	1.486383e+01	-8.334632e+01
2.700000e-06	1.856182e-09	-5.711117e-10	1.523587e+01	-7.181990e+01
2.710000e-06	1.901440e-09	-4.739773e-10	1.560737e+01	-6.020294e+01
2.720000e-06	1.946600e-09	-3.758720e-10	1.597805e+01	-4.850280e+01
2.730000e-06	1.991675e-09	-2.781017e-10	1.634804e+01	-3.672705e+01
2.740000e-06	2.036660e-09	-1.786223e-10	1.671728e+01	-2.488350e+01
2.750000e-06	2.081558e-09	-7.507728e-11	1.708581e+01	-1.298011e+01
2.760000e-06	2.126379e-09	3.289458e-11	1.745371e+01	-1.025014e+00
2.770000e-06	2.171097e-09	1.401009e-10	1.782077e+01	1.097353e+01
2.780000e-06	2.215746e-09	2.407016e-10	1.818726e+01	2.300717e+01
2.790000e-06	2.260339e-09	3.389995e-10	1.855328e+01	3.506746e+01
2.800000e-06	2.304865e-09	4.411246e-10	1.891876e+01	4.714594e+01
2.810000e-06	2.349309e-09	5.471711e-10	1.928357e+01	5.923410e+01
2.820000e-06	2.393657e-09	6.535155e-10	1.964758e+01	7.132344e+01
2.830000e-06	2.437935e-09	7.583822e-10	2.001103e+01	8.340551e+01
2.840000e-06	2.482146e-09	8.610306e-10	2.037392e+01	9.547191e+01
2.850000e-06	2.526263e-09	9.645815e-10	2.073604e+01	1.075143e+02
2.860000e-06	2.570298e-09	1.067545e-09	2.109749e+01	1.195246e+02
2.870000e-06	2.614258e-09	1.167058e-09	2.145833e+01	1.314946e+02
2.880000e-06	2.658128e-09	1.266120e-09	2.181842e+01	1.434164e+02
2.890000e-06	2.701896e-09	1.368397e-09	2.217768e+01	1.552823e+02
2.900000e-06	2.745558e-09	1.473759e-09	2.253606e+01	1.670849e+02
2.910000e-06	2.789100e-09	1.573630e-09	2.289347e+01	1.788167e+02
2.920000e-06	2.832529e-09	1.666045e-09	2.324994e+01	1.904708e+02
2.930000e-06	2.875812e-09	1.756595e-09	2.360521e+01	2.020404e+02
2.940000e-06	2.918933e-09	1.851831e-09	2.395916e+01	2.135189e+02
2.950000e-06	2.961915e-09	1.951056e-09	2.431196e+01	2.249000e+02
2.960000e-06	3.004735e-09	2.048748e-09	2.466344e+01	2.361780e+02
2.970000e-06	3.047376e-09	2.143579e-09	2.501345e+01	2.473470e+02
2.980000e-06	3.089794e-09	2.236703e-09	2.536162e+01	2.584020e+02
2.990000e-06	3.131956e-09	2.331191e-09	2.570769e+01	2.693378e+02
3.000000e-06	3.173878e-09	2.424316e-09	2.605180e+01	2.801499e+02
3.010000e-06	3.215604e-09	2.513102e-09	2.639429e+01	2.908340e+02
3.020000e-06	3.257104e-09	2.598328e-09	2.673494e+01	3.013862e+02
3.030000e-06	3.298368e-09	2.683873e-09	2.707364e+01	3.118028e+02
3.040000e-06	3.339413e-09	2.772665e-09	2.741054e+01	3.220807e+02
3.050000e-06	3.380249e-09	2.859644e-09	2.774573e+01	3.322169e+02
3.060000e-06	3.420902e-09	2.941999e-09	2.807942e+01	3.422088e+02
3.070000e-06	3.461377e-09	3.022476e-09	2.841165e+01	3.520543e+02
3.080000e-06	3.501714e-09	3.103509e-09	2.874275e+01	3.617515e+02
3.090000e-06	3.541902e-09	3.185498e-09	2.907262e+01	3.712988e+02
3.100000e-06	3.581954e-09	3.265493e-09	2.940137e+01	3.806949e+02
3.110000e-06	3.621888e-09	3.342940e-09	2.972916e+01	3.899389e+02
3.120000e-06	3.661673e-09	3.419700e-09	3.005572e+01	3.990302e+02
3.130000e-06	3.701324e-09	3.496072e-09	3.038118e+01	4.079684e+02
3.140000e-06	3.740884e-09	3.571300e-09	3.070590e+01	4.167535e+02
3.150000e-06	3.780337e-09	3.643646e-09	3.102974e+01	4.253855e+02
3.160000e-06	3.819638e-09	3.714983e-09	3.135233e+01	4.338649e+02
3.170000e-06	3.858782e-09	3.788838e-09	3.167364e+01	4.421924e+02
3.180000e-06	3.897767e-09	3.865000e-09	3.199363e+01	4.503687e+02
3.190000e-06	3.936601e-09	3.938543e-09	3.231239e+01	4.583951e+02
3.200000e-06	3.975266e-09	4.008084e-09	3.262976e+01	4.662726e+02
3.210000e-06	4.013769e-09	4.076283e-09	3.294580e+01	4.740028e+02
3.220000e-06	4.052101e-09	4.142582e-09	3.326044e+01	4.815873e+02
3.230000e-06	4.090225e-09	4.205095e-09	3.357337e+01	4.890277e+02
3.240000e-06	4.128189e-09	4.264247e-09	3.388499e+01	4.963258e+02
3.250000e-06	4.165963e-09	4.324657e-09	3.419504e+01	5.034838e+02
3.260000e-06	4.203526e-09	4.388596e-09	3.450336e+01	5.105035e+02
3.270000e-06	4.240911e-09	4.452023e-09	3.481023e+01	5.173872e+02
3.280000e-06	4.278095e-09	4.513573e-09	3.511545e+01	5.241371e+02
3.290000e-06	4.315068e-09	4.573607e-09	3.541893e+01	5.307553e+02
3.300000e-06	4.351850e-09	4.631990e-09	3.572084e+01	5.372443e+02
3.310000e-06	4.388483e-09	4.688463e-09	3.602153e+01	5.436064e+02
3.320000e-06	4.424949e-09	4.741888e-09	3.632085e+01	5.498440e+02
3.330000e-06	4.461229e-09	4.792511e-09	3.661865e+01	5.559594e+02
3.340000e-06	4.497370e-09	4.842532e-09	3.691530e+01	5.619550e+02
3.350000e-06	4.533355e-09	4.894451e-09	3.721067e+01	5.678333e+02
3.360000e-06	4.569197e-09	4.945440e-09	3.750487e+01	5.735965e+02
3.370000e-06	4.604906e-09	4.992781e-09	3.779798e+01	5.792471e+02
3.380000e-06	4.640433e-09	5.037289e-09	3.808960e+01	5.847874e+02
3.390000e-06	4.675743e-09	5.082021e-09	3.837942e+01	5.902196e+02
3.400000e-06	4.710780e-09	5.128093e-09	3.866701e+01	5.955461e+02
3.410000e-06	4.745550e-09	5.173313e-09	3.895241e+01	6.007690e+02
3.420000e-06	4.780044e-09	5.216855e-09	3.923555e+01	6.058906e+02
3.430000e-06	4.814192e-09	5.259099e-09	3.951584e+01	6.109129e+02
3.440000e-06	4.847968e-09	5.301021e-09	3.979308e+01	6.158382e+02
3.450000e-06	4.881414e-09	5.341900e-09	4.006761e+01	6.206684e+02
3.460000e-06	4.914555e-09	5.382339e-09	4.033964e+01	6.254055e+02
3.470000e-06	4.947385e-09	5.421847e-09	4.060911e+01	6.300516e+02
3.480000e-06	4.979935e-09	5.460437e-09	4.087629e+01	6.346084e+02
3.490000e-06	5.012260e-09	5.500533e-09	4.114163e+01	6.390780e+02
3.500000e-06	5.044431e-09	5.539354e-09	4.140569e+01	6.434621e+02
3.510000e-06	5.076467e-09	5.573631e-09	4.166865e+01	6.477625e+02
3.520000e-06	5.108351e-09	5.604006e-09	4.193036e+01	6.519810e+02
3.530000e-06	5.140066e-09	5.633469e-09	4.219069e+01	6.561193e+02
3.540000e-06	5.171592e-09	5.664784e-09	4.244946e+01	6.601790e+02
3.550000e-06	5.202904e-09	5.695971e-09	4.270647e+01	6.641619e+02
3.560000e-06	5.234004e-09	5.726646e-09	4.296174e+01	6.680695e+02
3.570000e-06	5.264873e-09	5.758144e-09	4.321512e+01	6.719034e+02
3.580000e-06	5.295511e-09	5.792846e-09	4.346661e+01	6.756652e+02
3.590000e-06	5.325942e-09	5.823906e-09	4.371639e+01	6.793565e+02
3.600000e-06	5.356130e-09	5.850781e-09	4.396418e+01	6.829787e+02
3.610000e-06	5.386085e-09	5.879515e-09	4.421006e+01	6.865334e+02
3.620000e-06	5.415815e-09	5.909423e-09	4.445409e+01	6.900221e+02
3.630000e-06	5.445295e-09	5.942637e-09	4.469607e+01	6.934461e+02
3.640000e-06	5.474534e-09	5.971097e-09	4.493607e+01	6.968071e+02
3.650000e-06	5.503526e-09	5.998278e-09	4.517404e+01	7.001064e+02
3.660000e-06	5.532265e-09	6.025568e-09	4.540994e+01	7.033455e+02
3.670000e-06	5.560765e-09	6.049449e-09	4.564387e+01	7.065257e+02
3.680000e-06	5.589051e-09	6.070820e-09	4.587605e+01	7.096484e+02
3.690000e-06	5.617183e-09	6.085977e-09	4.610696e+01	7.127151e+02
3.700000e-06	5.645163e-09	6.104773e-09	4.633663e+01	7.157270e+02
3.710000e-06	5.672966e-09	6.128353e-09	4.656485e+01	7.186855e+02
3.720000e-06	5.700577e-09	6.158135e-09	4.679148e+01	7.215919e+02
3.730000e-06	5.727921e-09	6.187267e-09	4.701593e+01	7.244475e+02
3.740000e-06	5.754946e-09	6.211113e-09	4.723775e+01	7.272536e+02
3.750000e-06	5.781633e-09	6.234654e-09	4.745680e+01	7.300113e+02
3.760000e-06	5.807890e-09	6.252917e-09	4.767233e+01	7.327219e+02
3.770000e-06	5.833687e-09	6.271329e-09	4.788407e+01	7.353865e+02
3.780000e-06	5.859082e-09	6.288336e-09	4.809252e+01	7.380062e+02
3.790000e-06	5.884095e-09	6.307655e-09	4.829784e+01	7.405821e+02
3.800000e-06	5.908750e-09	6.329822e-09	4.850021e+01	7.431152e+02
3.810000e-06	5.933140e-09	6.352573e-09	4.870041e+01	7.456064e+02
3.820000e-06	5.957312e-09	6.376095e-09	4.889881e+01	7.480567e+02
3.830000e-06	5.981246e-09	6.391402e-09	4.909527e+01	7.504669e+02
3.840000e-06	6.004967e-09	6.405833e-09	4.928998e+01	7.528379e+02
3.850000e-06	6.028479e-09	6.419270e-09	4.948297e+01	7.551702e+02
3.860000e-06	6.051719e-09	6.434632e-09	4.967373e+01	7.574646e+02
3.870000e-06	6.074650e-09	6.455640e-09	4.986195e+01	7.597217e+02
3.880000e-06	6.097286e-09	6.478728e-09	5.004775e+01	7.619420e+02
3.890000e-06	6.119675e-09	6.500614e-09	5.023152e+01	7.641258e+02
3.900000e-06	6.141846e-09	6.515522e-09	5.041351e+01	7.662736e+02
3.910000e-06	6.163764e-09	6.531203e-09	5.059341e+01	7.683857e+02
3.920000e-06	6.185412e-09	6.546067e-09	5.077111e+01	7.704622e+02
3.930000e-06	6.206777e-09	6.562509e-09	5.094648e+01	7.725033e+02
3.940000e-06	6.227854e-09	6.579792e-09	5.111948e+01	7.745090e+02
3.950000e-06	6.248645e-09	6.595505e-09	5.129014e+01	7.764794e+02
3.960000e-06	6.269152e-09	6.612385e-09	5.145846e+01	7.784142e+02
3.970000e-06	6.289414e-09	6.625316e-09	5.162478e+01	7.803135e+02
3.980000e-06	6.309499e-09	6.635741e-09	5.178964e+01	7.821769e+02
3.990000e-06	6.329443e-09	6.644602e-09	5.195335e+01	7.840042e+02
4.000000e-06	6.349229e-09	6.657740e-09	5.211576e+01	7.857950e+02
4.010000e-06	6.368798e-09	6.673852e-09	5.227639e+01	7.875490e+02
4.020000e-06	6.388076e-09	6.690354e-09	5.243462e+01	7.892657e+02
4.030000e-06	6.407018e-09	6.706401e-09	5.259010e+01	7.909446e+02
4.040000e-06	6.425618e-09	6.718460e-09	5.274277e+01	7.925852e+02
4.050000e-06	6.443845e-09	6.730357e-09	5.289238e+01	7.941871e+02
4.060000e-06	6.461714e-09	6.743014e-09	5.303905e+01	7.957496e+02
4.070000e-06	6.479297e-09	6.758450e-09	5.318338e+01	7.972721e+02
4.080000e-06	6.496628e-09	6.771709e-09	5.332563e+01	7.987543e+02
4.090000e-06	6.513701e-09	6.781807e-09	5.346578e+01	8.001954e+02
4.100000e-06	6.530526e-09	6.791191e-09	5.360388e+01	8.015950e+02
4.110000e-06	6.547077e-09	6.802515e-09	5.373973e+01	8.029525e+02
4.120000e-06	6.563279e-09	6.815562e-09	5.387272e+01	8.042676e+02
4.130000e-06	6.579119e-09	6.824557e-09	5.400274e+01	8.055397e+02
4.140000e-06	6.594596e-09	6.831706e-09	5.412979e+01	8.067686e+02
4.150000e-06	6.609691e-09	6.837429e-09	5.425368e+01	8.079539e+02
4.160000e-06	6.624379e-09	6.846149e-09	5.437425e+01	8.090953e+02
4.170000e-06	6.638710e-09	6.855011e-09	5.449188e+01	8.101928e+02
4.180000e-06	6.652769e-09	6.862420e-09	5.460728e+01	8.112463e+02
4.190000e-06	6.666565e-09	6.871511e-09	5.472052e+01	8.122558e+02
4.200000e-06	6.680067e-09	6.882764e-09	5.483135e+01	8.132215e+02
4.210000e-06	6.693258e-09	6.897385e-09	5.493962e+01	8.141435e+02
4.220000e-06	6.706111e-09	6.908098e-09	5.504512e+01	8.150224e+02
4.230000e-06	6.718653e-09	6.913828e-09	5.514807e+01	8.158585e+02
4.240000e-06	6.730915e-09	6.915578e-09	5.524872e+01	8.166524e+02
4.250000e-06	6.742913e-09	6.918044e-09	5.534720e+01	8.174050e+02
4.260000e-06	6.754650e-09	6.921609e-09	5.544354e+01	8.181171e+02
4.270000e-06	6.766068e-09	6.924408e-09	5.553726e+01	8.187897e+02
4.280000e-06	6.777106e-09	6.930174e-09	5.562786e+01	8.194239e+02
4.290000e-06	6.787655e-09	6.938936e-09	5.571445e+01	8.200210e+02
4.300000e-06	6.797656e-09	6.949689e-09	5.579654e+01	8.205824e+02
4.310000e-06	6.807139e-09	6.954899e-09	5.587438e+01	8.211097e+02
4.320000e-06	6.816151e-09	6.953633e-09	5.594835e+01	8.216044e+02
4.330000e-06	6.824752e-09	6.951090e-09	5.601896e+01	8.220685e+02
4.340000e-06	6.833035e-09	6.954118e-09	5.608694e+01	8.225037e+02
4.350000e-06	6.841099e-09	6.961459e-09	5.615313e+01	8.229122e+02
4.360000e-06	6.848973e-09	6.967200e-09	5.621777e+01	8.232959e+02
4.370000e-06	6.856656e-09	6.975601e-09	5.628083e+01	8.236572e+02
4.380000e-06	6.864080e-09	6.985106e-09	5.634177e+01	8.239982e+02
4.390000e-06	6.871192e-09	6.991950e-09	5.640014e+01	8.243215e+02
4.400000e-06	6.877979e-09	6.994283e-09	5.645585e+01	8.246293e+02
4.410000e-06	6.884422e-09	6.993965e-09	5.650874e+01	8.249243e+02
4.420000e-06	6.890551e-09	6.994990e-09	5.655905e+01	8.252088e+02
4.430000e-06	6.896385e-09	6.996684e-09	5.660694e+01	8.254856e+02
4.440000e-06	6.901922e-09	6.998943e-09	5.665238e+01	8.257570e+02
4.450000e-06	6.907129e-09	6.999167e-09	5.669512e+01	8.260258e+02
4.460000e-06	6.911985e-09	6.997871e-09	5.673498e+01	8.262944e+02
4.470000e-06	6.916507e-09	6.998107e-09	5.677210e+01	8.265654e+02
4.480000e-06	6.920779e-09	7.002630e-09	5.680717e+01	8.268412e+02
4.490000e-06	6.924887e-09	7.008277e-09	5.684089e+01	8.271243e+02
4.500000e-06	6.928847e-09	7.012245e-09	5.687339e+01	8.274170e+02
4.510000e-06	6.932626e-09	7.017281e-09	5.690441e+01	8.277216e+02
4.520000e-06	6.936173e-09	7.020638e-09	5.693352e+01	8.280403e+02
4.530000e-06	6.939395e-09	7.023597e-09	5.695997e+01	8.283750e+02
4.540000e-06	6.942207e-09	7.026192e-09	5.698305e+01	8.287276e+02
4.550000e-06	6.944529e-09	7.028457e-09	5.700211e+01	8.291000e+02
4.560000e-06	6.946306e-09	7.030517e-09	5.701670e+01	8.294938e+02
4.570000e-06	6.947617e-09	7.033741e-09	5.702746e+01	8.299104e+02
4.580000e-06	6.948509e-09	7.039295e-09	5.703478e+01	8.303511e+02
4.590000e-06	6.949032e-09	7.042876e-09	5.703908e+01	8.308169e+02
4.600000e-06	6.949274e-09	7.045190e-09	5.704107e+01	8.313088e+02
4.610000e-06	6.949312e-09	7.045233e-09	5.704138e+01	8.318275e+02
4.620000e-06	6.949182e-09	7.044373e-09	5.704031e+01	8.323733e+02
4.630000e-06	6.948832e-09	7.046149e-09	5.703743e+01	8.329466e+02
4.640000e-06	6.948183e-09	7.046711e-09	5.703211e+01	8.335474e+02
4.650000e-06	6.947193e-09	7.049130e-09	5.702398e+01	8.341756e+02
4.660000e-06	6.945882e-09	7.055210e-09	5.701323e+01	8.348306e+02
4.670000e-06	6.944282e-09	7.055988e-09	5.700009e+01	8.355120e+02
4.680000e-06	6.942410e-09	7.047023e-09	5.698472e+01	8.362188e+02
4.690000e-06	6.940305e-09	7.019371e-09	5.696744e+01	8.369500e+02
4.700000e-06	6.937952e-09	6.995610e-09	5.694814e+01	8.377042e+02
4.710000e-06	6.935281e-09	7.071689e-09	5.692621e+01	8.384800e+02
4.720000e-06	6.932230e-09	7.248679e-09	5.690117e+01	8.392757e+02
4.730000e-06	6.928791e-09	7.226392e-09	5.687294e+01	8.400893e+02
4.740000e-06	6.925029e-09	6.992067e-09	5.684206e+01	8.409188e+02
4.750000e-06	6.921067e-09	6.871555e-09	5.680954e+01	8.417619e+02
4.760000e-06	6.916983e-09	7.070781e-09	5.677602e+01	8.426162e+02
4.770000e-06	6.912688e-09	7.167721e-09	5.674077e+01	8.434791e+02
4.780000e-06	6.908082e-09	6.882733e-09	5.670296e+01	8.443478e+02
4.790000e-06	6.903164e-09	6.980264e-09	5.666259e+01	8.452196e+02
4.800000e-06	6.897818e-09	7.238986e-09	5.661871e+01	8.460914e+02
4.810000e-06	6.891922e-09	7.015683e-09	5.657031e+01	8.469602e+02
4.820000e-06	6.885436e-09	7.021565e-09	5.651707e+01	8.478229e+02
4.830000e-06	6.878447e-09	7.392278e-09	5.645971e+01	8.486764e+02
4.840000e-06	6.871080e-09	7.303697e-09	5.639924e+01	8.495173e+02
4.850000e-06	6.863393e-09	7.065938e-09	5.633615e+01	8.503424e+02
4.860000e-06	6.855481e-09	7.295783e-09	5.627120e+01	8.511486e+02
4.870000e-06	6.847378e-09	7.295550e-09	5.620469e+01	8.519325e+02
4.880000e-06	6.839093e-09	7.161610e-09	5.613669e+01	8.526909e+02
4.890000e-06	6.830577e-09	7.414508e-09	5.606678e+01	8.534208e+02
4.900000e-06	6.821774e-09	7.337863e-09	5.599453e+01	8.541189e+02
4.910000e-06	6.812670e-09	7.229774e-09	5.591980e+01	8.547824e+02
4.920000e-06	6.803253e-09	7.440732e-09	5.584251e+01	8.554083e+02
4.930000e-06	6.793552e-09	7.374762e-09	5.576288e+01	8.559939e+02
4.940000e-06	6.783606e-09	7.364976e-09	5.568123e+01	8.565365e+02
4.950000e-06	6.773384e-09	7.529040e-09	5.559733e+01	8.570337e+02
4.960000e-06	6.762839e-09	7.383486e-09	5.551077e+01	8.574831e+02
4.970000e-06	6.751986e-09	7.363880e-09	5.542169e+01	8.578826e+02
4.980000e-06	6.740850e-09	7.482357e-09	5.533029e+01	8.582302e+02
4.990000e-06	6.729394e-09	7.298984e-09	5.523625e+01	8.585243e+02
5.000000e-06	6.717623e-09	7.332257e-09	5.513964e+01	8.587631e+02
5.010000e-06	6.705554e-09	7.437322e-09	5.504057e+01	8.589455e+02
5.020000e-06	6.693163e-09	7.379534e-09	5.493887e+01	8.590704e+02
5.030000e-06	6.680409e-09	7.434807e-09	5.483417e+01	8.591367e+02
5.040000e-06	6.667191e-09	7.381521e-09	5.472568e+01	8.591440e+02
5.050000e-06	6.653410e-09	7.348602e-09	5.461257e+01	8.590919e+02
5.060000e-06	6.639039e-09	7.362142e-09	5.449460e+01	8.589801e+02
5.070000e-06	6.624171e-09	7.315139e-09	5.437257e+01	8.588087e+02
5.080000e-06	6.608888e-09	7.334956e-09	5.424712e+01	8.585780e+02
5.090000e-06	6.593275e-09	7.323887e-09	5.411896e+01	8.582886e+02
5.100000e-06	6.577419e-09	7.345809e-09	5.398882e+01	8.579413e+02
5.110000e-06	6.561337e-09	7.384545e-09	5.385681e+01	8.575369e+02
5.120000e-06	6.545041e-09	7.328436e-09	5.372305e+01	8.570767e+02
5.130000e-06	6.528487e-09	7.315108e-09	5.358718e+01	8.565621e+02
5.140000e-06	6.511638e-09	7.299791e-09	5.344887e+01	8.559947e+02
5.150000e-06	6.494440e-09	7.289743e-09	5.330771e+01	8.553761e+02
5.160000e-06	6.476919e-09	7.342614e-09	5.316389e+01	8.547084e+02
5.170000e-06	6.459126e-09	7.308049e-09	5.301785e+01	8.539936e+02
5.180000e-06	6.441057e-09	7.312832e-09	5.286953e+01	8.532339e+02
5.190000e-06	6.422745e-09	7.327791e-09	5.271922e+01	8.524316e+02
5.200000e-06	6.404181e-09	7.288875e-09	5.256685e+01	8.515893e+02
5.210000e-06	6.385335e-09	7.302813e-09	5.241215e+01	8.507093e+02
5.220000e-06	6.366196e-09	7.264365e-09	5.225506e+01	8.497944e+02
5.230000e-06	6.346784e-09	7.268472e-09	5.209572e+01	8.488472e+02
5.240000e-06	6.327147e-09	7.283258e-09	5.193453e+01	8.478704e+02
5.250000e-06	6.307339e-09	7.275285e-09	5.177195e+01	8.468667e+02
5.260000e-06	6.287385e-09	7.285722e-09	5.160816e+01	8.458388e+02
5.270000e-06	6.267275e-09	7.245995e-09	5.144309e+01	8.447894e+02
5.280000e-06	6.246970e-09	7.250014e-09	5.127643e+01	8.437213e+02
5.290000e-06	6.226414e-09	7.239311e-09	5.110770e+01	8.426370e+02
5.300000e-06	6.205549e-09	7.231793e-09	5.093643e+01	8.415391e+02
5.310000e-06	6.184283e-09	7.238488e-09	5.076188e+01	8.404301e+02
5.320000e-06	6.162570e-09	7.226562e-09	5.058365e+01	8.393123e+02
5.330000e-06	6.140385e-09	7.247887e-09	5.040156e+01	8.381881e+02
5.340000e-06	6.117755e-09	7.234804e-09	5.021581e+01	8.370596e+02
5.350000e-06	6.094713e-09	7.220593e-09	5.002668e+01	8.359288e+02
5.360000e-06	6.071296e-09	7.201214e-09	4.983446e+01	8.347975e+02
5.370000e-06	6.047619e-09	7.188305e-09	4.964012e+01	8.336675e+02
5.380000e-06	6.023739e-09	7.196863e-09	4.944411e+01	8.325403e+02
5.390000e-06	5.999662e-09	7.188140e-09	4.924648e+01	8.314173e+02
5.400000e-06	5.975372e-09	7.184788e-09	4.904710e+01	8.302996e+02
5.410000e-06	5.950845e-09	7.169379e-09	4.884578e+01	8.291883e+02
5.420000e-06	5.926067e-09	7.168924e-09	4.864240e+01	8.280842e+02
5.430000e-06	5.900999e-09	7.166274e-09	4.843663e+01	8.269879e+02
5.440000e-06	5.875640e-09	7.151865e-09	4.822848e+01	8.258998e+02
5.450000e-06	5.849987e-09	7.142659e-09	4.801792e+01	8.248202e+02
5.460000e-06	5.824058e-09	7.133818e-09	4.780509e+01	8.237490e+02
5.470000e-06	5.797867e-09	7.140189e-09	4.759010e+01	8.226862e+02
5.480000e-06	5.771400e-09	7.132841e-09	4.737286e+01	8.216314e+02
5.490000e-06	5.744664e-09	7.122906e-09	4.715340e+01	8.205842e+02
5.500000e-06	5.717637e-09	7.111937e-09	4.693156e+01	8.195438e+02
5.510000e-06	5.690356e-09	7.103189e-09	4.670763e+01	8.185094e+02
5.520000e-06	5.662869e-09	7.101348e-09	4.648201e+01	8.174799e+02
5.530000e-06	5.635170e-09	7.086418e-09	4.625466e+01	8.164544e+02
5.540000e-06	5.607311e-09	7.074921e-09	4.602598e+01	8.154314e+02
5.550000e-06	5.579317e-09	7.061769e-09	4.579620e+01	8.144097e+02
5.560000e-06	5.551155e-09	7.053811e-09	4.556504e+01	8.133876e+02
5.570000e-06	5.522828e-09	7.042725e-09	4.533253e+01	8.123636e+02
5.580000e-06	5.494280e-09	7.028126e-09	4.509820e+01	8.113361e+02
5.590000e-06	5.465478e-09	7.024048e-09	4.486179e+01	8.103032e+02
5.600000e-06	5.436415e-09	7.017680e-09	4.462324e+01	8.092632e+02
5.610000e-06	5.406994e-09	7.013920e-09	4.438174e+01	8.082142e+02
5.620000e-06	5.377175e-09	7.002473e-09	4.413698e+01	8.071543e+02
5.630000e-06	5.346970e-09	6.989543e-09	4.388905e+01	8.060817e+02
5.640000e-06	5.316387e-09	6.977477e-09	4.363802e+01	8.049944e+02
5.650000e-06	5.285490e-09	6.964371e-09	4.338442e+01	8.038907e+02
5.660000e-06	5.254297e-09	6.954789e-09	4.312838e+01	8.027687e+02
5.670000e-06	5.222835e-09	6.939344e-09	4.287014e+01	8.016265e+02
5.680000e-06	5.191144e-09	6.925699e-09	4.261001e+01	8.004625e+02
5.690000e-06	5.159235e-09	6.913494e-09	4.234809e+01	7.992749e+02
5.700000e-06	5.127153e-09	6.903074e-09	4.208475e+01	7.980623e+02
5.710000e-06	5.094868e-09	6.889906e-09	4.181975e+01	7.968231e+02
5.720000e-06	5.062388e-09	6.876455e-09	4.155315e+01	7.955559e+02
5.730000e-06	5.029714e-09	6.865290e-09	4.128496e+01	7.942594e+02
5.740000e-06	4.996790e-09	6.853022e-09	4.101471e+01	7.929324e+02
5.750000e-06	4.963618e-09	6.843582e-09	4.074243e+01	7.915739e+02
5.760000e-06	4.930229e-09	6.831557e-09	4.046836e+01	7.901830e+02
5.770000e-06	4.896646e-09	6.818859e-09	4.019271e+01	7.887589e+02
5.780000e-06	4.862830e-09	6.805013e-09	3.991514e+01	7.873009e+02
5.790000e-06	4.828797e-09	6.794000e-09	3.963579e+01	7.858084e+02
5.800000e-06	4.794524e-09	6.782739e-09	3.935447e+01	7.842812e+02
5.810000e-06	4.760004e-09	6.768011e-09	3.907112e+01	7.827190e+02
5.820000e-06	4.725277e-09	6.752488e-09	3.878607e+01	7.811216e+02
5.830000e-06	4.690335e-09	6.735494e-09	3.849926e+01	7.794891e+02
5.840000e-06	4.655174e-09	6.720181e-09	3.821065e+01	7.778217e+02
5.850000e-06	4.619842e-09	6.702097e-09	3.792065e+01	7.761195e+02
5.860000e-06	4.584359e-09	6.684464e-09	3.762939e+01	7.743831e+02
5.870000e-06	4.548697e-09	6.669722e-09	3.733667e+01	7.726129e+02
5.880000e-06	4.512887e-09	6.657217e-09	3.704274e+01	7.708095e+02
5.890000e-06	4.476969e-09	6.643949e-09	3.674791e+01	7.689737e+02
5.900000e-06	4.440938e-09	6.629366e-09	3.645216e+01	7.671062e+02
5.910000e-06	4.404719e-09	6.614589e-09	3.615486e+01	7.652079e+02
5.920000e-06	4.368327e-09	6.597328e-09	3.585616e+01	7.632798e+02
5.930000e-06	4.331794e-09	6.581275e-09	3.555629e+01	7.613229e+02
5.940000e-06	4.295058e-09	6.563054e-09	3.525474e+01	7.593382e+02
5.950000e-06	4.258071e-09	6.545368e-09	3.495115e+01	7.573268e+02
5.960000e-06	4.220832e-09	6.529649e-09	3.464549e+01	7.552898e+02
5.970000e-06	4.183340e-09	6.514819e-09	3.433774e+01	7.532283e+02
5.980000e-06	4.145588e-09	6.498296e-09	3.402787e+01	7.511435e+02
5.990000e-06	4.107532e-09	6.478343e-09	3.371550e+01	7.490363e+02
6.000000e-06	4.069184e-09	6.458910e-09	3.340073e+01	7.469080e+02
6.010000e-06	4.030560e-09	6.438737e-09	3.308370e+01	7.447595e+02
6.020000e-06	3.991680e-09	6.421495e-09	3.276456e+01	7.425919e+02
6.030000e-06	3.952571e-09	6.404897e-09	3.244355e+01	7.404061e+02
6.040000e-06	3.913237e-09	6.389539e-09	3.212070e+01	7.382029e+02
6.050000e-06	3.873721e-09	6.376345e-09	3.179633e+01	7.359832e+02
6.060000e-06	3.834017e-09	6.358676e-09	3.147044e+01	7.337477e+02
6.070000e-06	3.794136e-09	6.337089e-09	3.114308e+01	7.314971e+02
6.080000e-06	3.754107e-09	6.312567e-09	3.081452e+01	7.292317e+02
6.090000e-06	3.713943e-09	6.290408e-09	3.048484e+01	7.269522e+02
6.100000e-06	3.673638e-09	6.270228e-09	3.015401e+01	7.246589e+02
6.110000e-06	3.633185e-09	6.250823e-09	2.982197e+01	7.223518e+02
6.120000e-06	3.592586e-09	6.231724e-09	2.948872e+01	7.200312e+02
6.130000e-06	3.551849e-09	6.209955e-09	2.915434e+01	7.176971e+02
6.140000e-06	3.510980e-09	6.189932e-09	2.881888e+01	7.153493e+02
6.150000e-06	3.469964e-09	6.165754e-09	2.848222e+01	7.129875e+02
6.160000e-06	3.428795e-09	6.139820e-09	2.814429e+01	7.106115e+02
6.170000e-06	3.387491e-09	6.115667e-09	2.780526e+01	7.082208e+02
6.180000e-06	3.346015e-09	6.092824e-09	2.746481e+01	7.058147e+02
6.190000e-06	3.304371e-09	6.072212e-09	2.712300e+01	7.033926e+02
6.200000e-06	3.262597e-09	6.049026e-09	2.678010e+01	7.009538e+02
6.210000e-06	3.220683e-09	6.024223e-09	2.643607e+01	6.984973e+02
6.220000e-06	3.178607e-09	5.998799e-09	2.609069e+01	6.960223e+02
6.230000e-06	3.136360e-09	5.975547e-09	2.574392e+01	6.935275e+02
6.240000e-06	3.093994e-09	5.952870e-09	2.539617e+01	6.910121e+02
6.250000e-06	3.051526e-09	5.926988e-09	2.504759e+01	6.884747e+02
6.260000e-06	3.008942e-09	5.900602e-09	2.469806e+01	6.859142e+02
6.270000e-06	2.966227e-09	5.873352e-09	2.434744e+01	6.833293e+02
6.280000e-06	2.923380e-09	5.846947e-09	2.399574e+01	6.807186e+02
6.290000e-06	2.880432e-09	5.821832e-09	2.364321e+01	6.780810e+02
6.300000e-06	2.837383e-09	5.794991e-09	2.328986e+01	6.754149e+02
6.310000e-06	2.794247e-09	5.771557e-09	2.293579e+01	6.727190e+02
6.320000e-06	2.751023e-09	5.748604e-09	2.258100e+01	6.699921e+02
6.330000e-06	2.707713e-09	5.725400e-09	2.222550e+01	6.672327e+02
6.340000e-06	2.664319e-09	5.700439e-09	2.186932e+01	6.644397e+02
6.350000e-06	2.620816e-09	5.670730e-09	2.151223e+01	6.616116e+02
6.360000e-06	2.577208e-09	5.641765e-09	2.115429e+01	6.587473e+02
6.370000e-06	2.533516e-09	5.610251e-09	2.079566e+01	6.558455e+02
6.380000e-06	2.489721e-09	5.579219e-09	2.043618e+01	6.529053e+02
6.390000e-06	2.445839e-09	5.551516e-09	2.007599e+01	6.499254e+02
6.400000e-06	2.401879e-09	5.526858e-09	1.971516e+01	6.469050e+02
6.410000e-06	2.357830e-09	5.508100e-09	1.935359e+01	6.438430e+02
6.420000e-06	2.313681e-09	5.487337e-09	1.899120e+01	6.407387e+02
6.430000e-06	2.269416e-09	5.464214e-09	1.862787e+01	6.375914e+02
6.440000e-06	2.225044e-09	5.435175e-09	1.826365e+01	6.344003e+02
6.450000e-06	2.180562e-09	5.403977e-09	1.789853e+01	6.311649e+02
6.460000e-06	2.135978e-09	5.370647e-09	1.753258e+01	6.278847e+02
6.470000e-06	2.091320e-09	5.335885e-09	1.716602e+01	6.245593e+02
6.480000e-06	2.046610e-09	5.305356e-09	1.679903e+01	6.211884e+02
6.490000e-06	2.001808e-09	5.274051e-09	1.643129e+01	6.177718e+02
6.500000e-06	1.956900e-09	5.249409e-09	1.606267e+01	6.143092e+02
6.510000e-06	1.911928e-09	5.225807e-09	1.569354e+01	6.108006e+02
6.520000e-06	1.866855e-09	5.199441e-09	1.532356e+01	6.072461e+02
6.530000e-06	1.821664e-09	5.169399e-09	1.495263e+01	6.036455e+02
6.540000e-06	1.776433e-09	5.139187e-09	1.458136e+01	5.999992e+02
6.550000e-06	1.731130e-09	5.110730e-09	1.420951e+01	5.963070e+02
6.560000e-06	1.685700e-09	5.078410e-09	1.383661e+01	5.925694e+02
6.570000e-06	1.640209e-09	5.046368e-09	1.346321e+01	5.887864e+02
6.580000e-06	1.594698e-09	5.013007e-09	1.308965e+01	5.849582e+02
6.590000e-06	1.549128e-09	4.980866e-09	1.271560e+01	5.810851e+02
6.600000e-06	1.503484e-09	4.948573e-09	1.234094e+01	5.771672e+02
6.610000e-06	1.457777e-09	4.914435e-09	1.196577e+01	5.732048e+02
6.620000e-06	1.412042e-09	4.881807e-09	1.159037e+01	5.691979e+02
6.630000e-06	1.366232e-09	4.849228e-09	1.121436e+01	5.651466e+02
6.640000e-06	1.320329e-09	4.815530e-09	1.083757e+01	5.610511e+02
6.650000e-06	1.274381e-09	4.780232e-09	1.046042e+01	5.569111e+02
6.660000e-06	1.228385e-09	4.747250e-09	1.008288e+01	5.527267e+02
6.670000e-06	1.182380e-09	4.716818e-09	9.705260e+00	5.484975e+02
6.680000e-06	1.136357e-09	4.686880e-09	9.327498e+00	5.442231e+02
6.690000e-06	1.090283e-09	4.654185e-09	8.949312e+00	5.399032e+02
6.700000e-06	1.044128e-09	4.618134e-09	8.570459e+00	5.355371e+02
6.710000e-06	9.978883e-10	4.580645e-09	8.190915e+00	5.311240e+02
6.720000e-06	9.516230e-10	4.541936e-09	7.811160e+00	5.266630e+02
6.730000e-06	9.053167e-10	4.503109e-09	7.431070e+00	5.221531e+02
6.740000e-06	8.589481e-10	4.464090e-09	7.050467e+00	5.175931e+02
6.750000e-06	8.125376e-10	4.425946e-09	6.669520e+00	5.129814e+02
6.760000e-06	7.660659e-10	4.386151e-09	6.288070e+00	5.083165e+02
6.770000e-06	7.195271e-10	4.345365e-09	5.906070e+00	5.035966e+02
6.780000e-06	6.729511e-10	4.301824e-09	5.523765e+00	4.988198e+02
6.790000e-06	6.263433e-10	4.255433e-09	5.141198e+00	4.939838e+02
6.800000e-06	5.796992e-10	4.212615e-09	4.758333e+00	4.890864e+02
6.810000e-06	5.330443e-10	4.170423e-09	4.375380e+00	4.841250e+02
6.820000e-06	4.863988e-10	4.126774e-09	3.992504e+00	4.790969e+02
6.830000e-06	4.397173e-10	4.085264e-09	3.609333e+00	4.739991e+02
6.840000e-06	3.930096e-10	4.047599e-09	3.225947e+00	4.688287e+02
6.850000e-06	3.462830e-10	4.011334e-09	2.842405e+00	4.635823e+02
6.860000e-06	2.995243e-10	3.974729e-09	2.458600e+00	4.582567e+02
6.870000e-06	2.527712e-10	3.932295e-09	2.074840e+00	4.528483e+02
6.880000e-06	2.060342e-10	3.882242e-09	1.691214e+00	4.473534e+02
6.890000e-06	1.592906e-10	3.827012e-09	1.307533e+00	4.417683e+02
6.900000e-06	1.125422e-10	3.769128e-09	9.238119e-01	4.360891e+02
6.910000e-06	6.582555e-11	3.713565e-09	5.403523e-01	4.303118e+02
6.920000e-06	1.913640e-11	3.661232e-09	1.571180e-01	4.244325e+02
6.930000e-06	-2.755152e-11	3.611940e-09	-2.261064e-01	4.184470e+02
6.940000e-06	-7.425010e-11	3.565513e-09	-6.094182e-01	4.123513e+02
6.950000e-06	-1.209355e-10	3.517368e-09	-9.926218e-01	4.061412e+02
6.960000e-06	-1.675803e-10	3.463232e-09	-1.375491e+00	3.998126e+02
6.970000e-06	-2.141982e-10	3.403466e-09	-1.758142e+00	3.933616e+02
6.980000e-06	-2.608086e-10	3.339452e-09	-2.140730e+00	3.867840e+02
6.990000e-06	-3.074263e-10	3.281092e-09	-2.523377e+00	3.800760e+02
7.000000e-06	-3.540372e-10	3.223680e-09	-2.905969e+00	3.732338e+02
7.010000e-06	-4.006221e-10	3.163322e-09	-3.288348e+00	3.662536e+02
7.020000e-06	-4.471661e-10	3.105943e-09	-3.670390e+00	3.591320e+02
7.030000e-06	-4.936515e-10	3.046360e-09	-4.051951e+00	3.518655e+02
7.040000e-06	-5.401358e-10	2.990490e-09	-4.433505e+00	3.444510e+02
7.050000e-06	-5.866384e-10	2.930195e-09	-4.815208e+00	3.368855e+02
7.060000e-06	-6.331058e-10	2.864534e-09	-5.196622e+00	3.291664e+02
7.070000e-06	-6.795509e-10	2.794827e-09	-5.577854e+00	3.212911e+02
7.080000e-06	-7.259649e-10	2.718645e-09	-5.958829e+00	3.132576e+02
7.090000e-06	-7.723327e-10	2.643201e-09	-6.339426e+00	3.050639e+02
7.100000e-06	-8.186530e-10	2.565681e-09	-6.719632e+00	2.967085e+02
7.110000e-06	-8.649547e-10	2.496710e-09	-7.099686e+00	2.881903e+02
7.120000e-06	-9.112391e-10	2.431706e-09	-7.479598e+00	2.795083e+02
7.130000e-06	-9.574879e-10	2.368313e-09	-7.859216e+00	2.706620e+02
7.140000e-06	-1.003704e-09	2.303783e-09	-8.238566e+00	2.616515e+02
7.150000e-06	-1.049867e-09	2.226325e-09	-8.617485e+00	2.524768e+02
7.160000e-06	-1.095992e-09	2.144483e-09	-8.996088e+00	2.431388e+02
7.170000e-06	-1.142080e-09	2.056958e-09	-9.374384e+00	2.336386e+02
7.180000e-06	-1.188103e-09	1.970818e-09	-9.752151e+00	2.239775e+02
7.190000e-06	-1.234067e-09	1.886347e-09	-1.012943e+01	2.141576e+02
7.200000e-06	-1.279969e-09	1.801543e-09	-1.050621e+01	2.041812e+02
7.210000e-06	-1.325811e-09	1.719640e-09	-1.088249e+01	1.940510e+02
7.220000e-06	-1.371600e-09	1.636527e-09	-1.125833e+01	1.837703e+02
7.230000e-06	-1.417319e-09	1.551881e-09	-1.163360e+01	1.733425e+02
7.240000e-06	-1.462942e-09	1.458973e-09	-1.200809e+01	1.627718e+02
7.250000e-06	-1.508473e-09	1.362276e-09	-1.238181e+01	1.520625e+02
7.260000e-06	-1.553926e-09	1.262582e-09	-1.275490e+01	1.412194e+02
7.270000e-06	-1.599299e-09	1.164735e-09	-1.312733e+01	1.302476e+02
7.280000e-06	-1.644614e-09	1.069388e-09	-1.349928e+01	1.191528e+02
7.290000e-06	-1.689850e-09	9.748083e-10	-1.387059e+01	1.079407e+02
7.300000e-06	-1.735001e-09	8.849196e-10	-1.424120e+01	9.661758e+01
7.310000e-06	-1.780074e-09	7.928427e-10	-1.461117e+01	8.519002e+01
7.320000e-06	-1.825057e-09	6.987771e-10	-1.498040e+01	7.366482e+01
7.330000e-06	-1.869965e-09	5.986917e-10	-1.534901e+01	6.204906e+01
7.340000e-06	-1.914797e-09	4.948880e-10	-1.571700e+01	5.035013e+01
7.350000e-06	-1.959531e-09	3.890056e-10	-1.608418e+01	3.857559e+01
7.360000e-06	-2.004185e-09	2.834622e-10	-1.645072e+01	2.673324e+01
7.370000e-06	-2.048748e-09	1.822011e-10	-1.681649e+01	1.483107e+01
7.380000e-06	-2.093217e-09	8.142385e-11	-1.718151e+01	2.877180e+00
7.390000e-06	-2.137631e-09	-2.069115e-11	-1.754607e+01	-9.120157e+00
7.400000e-06	-2.181995e-09	-1.281343e-10	-1.791021e+01	-2.115259e+01
7.410000e-06	-2.226291e-09	-2.337099e-10	-1.827381e+01	-3.321167e+01
7.420000e-06	-2.270504e-09	-3.368985e-10	-1.863672e+01	-4.528894e+01
7.430000e-06	-2.314639e-09	-4.410491e-10	-1.899899e+01	-5.737589e+01
7.440000e-06	-2.358719e-09	-5.466655e-10	-1.936080e+01	-6.946402e+01
7.450000e-06	-2.402720e-09	-6.532028e-10	-1.972198e+01	-8.154489e+01
7.460000e-06	-2.446625e-09	-7.570512e-10	-2.008236e+01	-9.361008e+01
7.470000e-06	-2.490469e-09	-8.601512e-10	-2.044224e+01	-1.056513e+02
7.480000e-06	-2.534214e-09	-9.627588e-10	-2.080131e+01	-1.176603e+02
7.490000e-06	-2.577851e-09	-1.066973e-09	-2.115949e+01	-1.296291e+02
7.500000e-06	-2.621427e-09	-1.169725e-09	-2.151717e+01	-1.415497e+02
7.510000e-06	-2.664930e-09	-1.269789e-09	-2.187425e+01	-1.534145e+02
7.520000e-06	-2.708339e-09	-1.372412e-09	-2.223056e+01	-1.652158e+02
7.530000e-06	-2.751632e-09	-1.477367e-09	-2.258592e+01	-1.769464e+02
7.540000e-06	-2.794811e-09	-1.581706e-09	-2.294034e+01	-1.885993e+02
7.550000e-06	-2.837903e-09	-1.685166e-09	-2.329405e+01	-2.001677e+02
7.560000e-06	-2.880879e-09	-1.789287e-09	-2.364681e+01	-2.116449e+02
7.570000e-06	-2.923702e-09	-1.892457e-09	-2.399831e+01	-2.230249e+02
7.580000e-06	-2.966412e-09	-1.993674e-09	-2.434888e+01	-2.343016e+02
7.590000e-06	-3.008969e-09	-2.090943e-09	-2.469819e+01	-2.454695e+02
7.600000e-06	-3.051358e-09	-2.183800e-09	-2.504613e+01	-2.565232e+02
7.610000e-06	-3.093611e-09	-2.275629e-09	-2.539296e+01	-2.674579e+02
7.620000e-06	-3.135713e-09	-2.369289e-09	-2.573853e+01	-2.782688e+02
7.630000e-06	-3.177643e-09	-2.463029e-09	-2.608271e+01	-2.889517e+02
7.640000e-06	-3.219384e-09	-2.555075e-09	-2.642532e+01	-2.995026e+02
7.650000e-06	-3.260961e-09	-2.647493e-09	-2.676660e+01	-3.099180e+02
7.660000e-06	-3.302386e-09	-2.738045e-09	-2.710662e+01	-3.201947e+02
7.670000e-06	-3.343658e-09	-2.826314e-09	-2.744539e+01	-3.303297e+02
7.680000e-06	-3.384795e-09	-2.911633e-09	-2.778305e+01	-3.403204e+02
7.690000e-06	-3.425830e-09	-2.994267e-09	-2.811988e+01	-3.501647e+02
7.700000e-06	-3.466710e-09	-3.078849e-09	-2.845543e+01	-3.598607e+02
7.710000e-06	-3.507443e-09	-3.168479e-09	-2.878977e+01	-3.694067e+02
7.720000e-06	-3.548043e-09	-3.259691e-09	-2.912303e+01	-3.788016e+02
7.730000e-06	-3.588500e-09	-3.342755e-09	-2.945511e+01	-3.880445e+02
7.740000e-06	-3.628836e-09	-3.416432e-09	-2.978620e+01	-3.971346e+02
7.750000e-06	-3.669052e-09	-3.486224e-09	-3.011630e+01	-4.060716e+02
7.760000e-06	-3.709159e-09	-3.556081e-09	-3.044550e+01	-4.148554e+02
7.770000e-06	-3.749144e-09	-3.623836e-09	-3.077371e+01	-4.234862e+02
7.780000e-06	-3.789009e-09	-3.691166e-09	-3.110093e+01	-4.319644e+02
7.790000e-06	-3.828741e-09	-3.763428e-09	-3.142706e+01	-4.402906e+02
7.800000e-06	-3.868319e-09	-3.841123e-09	-3.175192e+01	-4.484658e+02
7.810000e-06	-3.907740e-09	-3.918392e-09	-3.207550e+01	-4.564909e+02
7.820000e-06	-3.946993e-09	-3.988796e-09	-3.239769e+01	-4.643673e+02
7.830000e-06	-3.986031e-09	-4.052432e-09	-3.271813e+01	-4.720963e+02
7.840000e-06	-4.024826e-09	-4.111171e-09	-3.303656e+01	-4.796795e+02
7.850000e-06	-4.063375e-09	-4.170844e-09	-3.335298e+01	-4.871187e+02
7.860000e-06	-4.101669e-09	-4.230693e-09	-3.366731e+01	-4.944157e+02
7.870000e-06	-4.139695e-09	-4.289603e-09	-3.397943e+01	-5.015724e+02
7.880000e-06	-4.177426e-09	-4.350221e-09	-3.428914e+01	-5.085909e+02
7.890000e-06	-4.214880e-09	-4.409788e-09	-3.459656e+01	-5.154734e+02
7.900000e-06	-4.252055e-09	-4.469823e-09	-3.490171e+01	-5.222220e+02
7.910000e-06	-4.288950e-09	-4.526635e-09	-3.520455e+01	-5.288391e+02
7.920000e-06	-4.325615e-09	-4.577613e-09	-3.550550e+01	-5.353269e+02
7.930000e-06	-4.362075e-09	-4.625444e-09	-3.580477e+01	-5.416878e+02
7.940000e-06	-4.398342e-09	-4.672660e-09	-3.610246e+01	-5.479242e+02
7.950000e-06	-4.434435e-09	-4.722204e-09	-3.639872e+01	-5.540384e+02
7.960000e-06	-4.470376e-09	-4.773269e-09	-3.669372e+01	-5.600328e+02
7.970000e-06	-4.506169e-09	-4.825526e-09	-3.698753e+01	-5.659098e+02
7.980000e-06	-4.541829e-09	-4.878277e-09	-3.728023e+01	-5.716719e+02
7.990000e-06	-4.577314e-09	-4.931694e-09	-3.757150e+01	-5.773212e+02
8.000000e-06	-4.612606e-09	-4.981216e-09	-3.786119e+01	-5.828603e+02
8.010000e-06	-4.647726e-09	-5.025448e-09	-3.814945e+01	-5.882913e+02
8.020000e-06	-4.682608e-09	-5.066262e-09	-3.843578e+01	-5.936166e+02
8.030000e-06	-4.717269e-09	-5.108309e-09	-3.872027e+01	-5.988383e+02
8.040000e-06	-4.751714e-09	-5.152996e-09	-3.900301e+01	-6.039586e+02
8.050000e-06	-4.785940e-09	-5.194934e-09	-3.928394e+01	-6.089798e+02
8.060000e-06	-4.819967e-09	-5.233502e-09	-3.956324e+01	-6.139038e+02
8.070000e-06	-4.853763e-09	-5.270360e-09	-3.984065e+01	-6.187328e+02
8.080000e-06	-4.887353e-09	-5.310205e-09	-4.011636e+01	-6.234687e+02
8.090000e-06	-4.920725e-09	-5.352063e-09	-4.039029e+01	-6.281136e+02
8.100000e-06	-4.953848e-09	-5.393296e-09	-4.066216e+01	-6.326692e+02
8.110000e-06	-4.986764e-09	-5.433568e-09	-4.093235e+01	-6.371376e+02
8.120000e-06	-5.019479e-09	-5.473310e-09	-4.120088e+01	-6.415205e+02
8.130000e-06	-5.052007e-09	-5.512842e-09	-4.146788e+01	-6.458197e+02
8.140000e-06	-5.084346e-09	-5.548664e-09	-4.173332e+01	-6.500370e+02
8.150000e-06	-5.116493e-09	-5.583505e-09	-4.199719e+01	-6.541741e+02
8.160000e-06	-5.148473e-09	-5.619961e-09	-4.225969e+01	-6.582326e+02
8.170000e-06	-5.180266e-09	-5.659912e-09	-4.252065e+01	-6.622142e+02
8.180000e-06	-5.211853e-09	-5.700576e-09	-4.277993e+01	-6.661206e+02
8.190000e-06	-5.243187e-09	-5.736603e-09	-4.303712e+01	-6.699533e+02
8.200000e-06	-5.274228e-09	-5.770825e-09	-4.329192e+01	-6.737139e+02
8.210000e-06	-5.304949e-09	-5.804173e-09	-4.354408e+01	-6.774040e+02
8.220000e-06	-5.335316e-09	-5.836570e-09	-4.379333e+01	-6.810250e+02
8.230000e-06	-5.365326e-09	-5.866272e-09	-4.403966e+01	-6.845785e+02
8.240000e-06	-5.394956e-09	-5.894123e-09	-4.428287e+01	-6.880660e+02
8.250000e-06	-5.424187e-09	-5.924195e-09	-4.452281e+01	-6.914888e+02
8.260000e-06	-5.453058e-09	-5.957342e-09	-4.475979e+01	-6.948486e+02
8.270000e-06	-5.481648e-09	-5.992843e-09	-4.499446e+01	-6.981467e+02
8.280000e-06	-5.509996e-09	-6.026516e-09	-4.522715e+01	-7.013845e+02
8.290000e-06	-5.538138e-09	-6.058431e-09	-4.545814e+01	-7.045635e+02
8.300000e-06	-5.566113e-09	-6.091037e-09	-4.568777e+01	-7.076851e+02
8.310000e-06	-5.593943e-09	-6.123586e-09	-4.591620e+01	-7.107505e+02
8.320000e-06	-5.621608e-09	-6.155374e-09	-4.614328e+01	-7.137612e+02
8.330000e-06	-5.649038e-09	-6.182250e-09	-4.636843e+01	-7.167185e+02
8.340000e-06	-5.676187e-09	-6.206871e-09	-4.659128e+01	-7.196237e+02
8.350000e-06	-5.703060e-09	-6.230879e-09	-4.681185e+01	-7.224781e+02
8.360000e-06	-5.729690e-09	-6.257050e-09	-4.703044e+01	-7.252830e+02
8.370000e-06	-5.756071e-09	-6.285323e-09	-4.724698e+01	-7.280395e+02
8.380000e-06	-5.782184e-09	-6.310381e-09	-4.746132e+01	-7.307489e+02
8.390000e-06	-5.808021e-09	-6.334866e-09	-4.767340e+01	-7.334123e+02
8.400000e-06	-5.833584e-09	-6.357392e-09	-4.788322e+01	-7.360308e+02
8.410000e-06	-5.858875e-09	-6.379614e-09	-4.809082e+01	-7.386054e+02
8.420000e-06	-5.883904e-09	-6.402343e-09	-4.829627e+01	-7.411373e+02
8.430000e-06	-5.908668e-09	-6.423950e-09	-4.849953e+01	-7.436273e+02
8.440000e-06	-5.933184e-09	-6.447122e-09	-4.870076e+01	-7.460764e+02
8.450000e-06	-5.957488e-09	-6.470577e-09	-4.890026e+01	-7.484855e+02
8.460000e-06	-5.981623e-09	-6.494513e-09	-4.909836e+01	-7.508552e+02
8.470000e-06	-6.005614e-09	-6.515961e-09	-4.929528e+01	-7.531863e+02
8.480000e-06	-6.029420e-09	-6.533424e-09	-4.949068e+01	-7.554795e+02
8.490000e-06	-6.053007e-09	-6.551919e-09	-4.968430e+01	-7.577354e+02
8.500000e-06	-6.076359e-09	-6.572125e-09	-4.987597e+01	-7.599544e+02
8.510000e-06	-6.099398e-09	-6.594556e-09	-5.006509e+01	-7.621371e+02
8.520000e-06	-6.122034e-09	-6.613625e-09	-5.025088e+01	-7.642837e+02
8.530000e-06	-6.144215e-09	-6.627921e-09	-5.043295e+01	-7.663945e+02
8.540000e-06	-6.165916e-09	-6.641230e-09	-5.061108e+01	-7.684698e+02
8.550000e-06	-6.187182e-09	-6.655314e-09	-5.078564e+01	-7.705097e+02
8.560000e-06	-6.208074e-09	-6.670880e-09	-5.095712e+01	-7.725142e+02
8.570000e-06	-6.228634e-09	-6.686513e-09	-5.112588e+01	-7.744834e+02
8.580000e-06	-6.248939e-09	-6.703900e-09	-5.129255e+01	-7.764171e+02
8.590000e-06	-6.269053e-09	-6.725026e-09	-5.145765e+01	-7.783151e+02
8.600000e-06	-6.288986e-09	-6.746590e-09	-5.162126e+01	-7.801773e+02
8.610000e-06	-6.308721e-09	-6.764525e-09	-5.178325e+01	-7.820034e+02
8.620000e-06	-6.328239e-09	-6.780105e-09	-5.194346e+01	-7.837930e+02
8.630000e-06	-6.347454e-09	-6.793349e-09	-5.210118e+01	-7.855458e+02
8.640000e-06	-6.366360e-09	-6.804114e-09	-5.225636e+01	-7.872612e+02
8.650000e-06	-6.384990e-09	-6.813217e-09	-5.240928e+01	-7.889389e+02
8.660000e-06	-6.403330e-09	-6.823041e-09	-5.255982e+01	-7.905784e+02
8.670000e-06	-6.421421e-09	-6.834257e-09	-5.270832e+01	-7.921790e+02
8.680000e-06	-6.439257e-09	-6.846450e-09	-5.285472e+01	-7.937403e+02
8.690000e-06	-6.456807e-09	-6.860978e-09	-5.299878e+01	-7.952617e+02
8.700000e-06	-6.474047e-09	-6.874425e-09	-5.314028e+01	-7.967426e+02
8.710000e-06	-6.490971e-09	-6.884558e-09	-5.327920e+01	-7.981825e+02
8.720000e-06	-6.507637e-09	-6.893433e-09	-5.341600e+01	-7.995809e+02
8.730000e-06	-6.524045e-09	-6.902761e-09	-5.355068e+01	-8.009372e+02
8.740000e-06	-6.540244e-09	-6.914874e-09	-5.368365e+01	-8.022511e+02
8.750000e-06	-6.556279e-09	-6.929007e-09	-5.381527e+01	-8.035220e+02
8.760000e-06	-6.572089e-09	-6.941840e-09	-5.394504e+01	-8.047497e+02
8.770000e-06	-6.587626e-09	-6.953119e-09	-5.407257e+01	-8.059337e+02
8.780000e-06	-6.602831e-09	-6.966642e-09	-5.419737e+01	-8.070740e+02
8.790000e-06	-6.617544e-09	-6.981919e-09	-5.431814e+01	-8.081703e+02
8.800000e-06	-6.631741e-09	-6.993552e-09	-5.443468e+01	-8.092225e+02
8.810000e-06	-6.645460e-09	-6.999176e-09	-5.454728e+01	-8.102308e+02
8.820000e-06	-6.658703e-09	-7.001573e-09	-5.465599e+01	-8.111953e+02
8.830000e-06	-6.671532e-09	-7.007121e-09	-5.476128e+01	-8.121161e+02
8.840000e-06	-6.684016e-09	-7.015536e-09	-5.486376e+01	-8.129938e+02
8.850000e-06	-6.696228e-09	-7.024180e-09	-5.496399e+01	-8.138287e+02
8.860000e-06	-6.708171e-09	-7.033173e-09	-5.506202e+01	-8.146214e+02
8.870000e-06	-6.719850e-09	-7.042177e-09	-5.515789e+01	-8.153728e+02
8.880000e-06	-6.731217e-09	-7.051688e-09	-5.525120e+01	-8.160837e+02
8.890000e-06	-6.742198e-09	-7.059274e-09	-5.534133e+01	-8.167550e+02
8.900000e-06	-6.752850e-09	-7.065965e-09	-5.542876e+01	-8.173880e+02
8.910000e-06	-6.763230e-09	-7.075032e-09	-5.551397e+01	-8.179839e+02
8.920000e-06	-6.773349e-09	-7.086213e-09	-5.559702e+01	-8.185441e+02
8.930000e-06	-6.783193e-09	-7.097156e-09	-5.567783e+01	-8.190702e+02
8.940000e-06	-6.792765e-09	-7.103357e-09	-5.575639e+01	-8.195637e+02
8.950000e-06	-6.802006e-09	-7.104893e-09	-5.583225e+01	-8.200266e+02
8.960000e-06	-6.810892e-09	-7.105799e-09	-5.590519e+01	-8.204606e+02
8.970000e-06	-6.819460e-09	-7.108982e-09	-5.597551e+01	-8.208678e+02
8.980000e-06	-6.827773e-09	-7.112675e-09	-5.604375e+01	-8.212504e+02
8.990000e-06	-6.835905e-09	-7.116045e-09	-5.611050e+01	-8.216104e+02
9.000000e-06	-6.843845e-09	-7.120934e-09	-5.617567e+01	-8.219503e+02
9.010000e-06	-6.851573e-09	-7.126491e-09	-5.623910e+01	-8.222723e+02
9.020000e-06	-6.859038e-09	-7.132494e-09	-5.630038e+01	-8.225790e+02
9.030000e-06	-6.866161e-09	-7.139648e-09	-5.635884e+01	-8.228727e+02
9.040000e-06	-6.872816e-09	-7.146981e-09	-5.641347e+01	-8.231561e+02
9.050000e-06	-6.878968e-09	-7.151093e-09	-5.646397e+01	-8.234316e+02
9.060000e-06	-6.884611e-09	-7.151671e-09	-5.651029e+01	-8.237018e+02
9.070000e-06	-6.889727e-09	-7.153327e-09	-5.655228e+01	-8.239694e+02
9.080000e-06	-6.894434e-09	-7.157422e-09	-5.659092e+01	-8.242368e+02
9.090000e-06	-6.898860e-09	-7.162770e-09	-5.662725e+01	-8.245066e+02
9.100000e-06	-6.903077e-09	-7.168542e-09	-5.666186e+01	-8.247812e+02
9.110000e-06	-6.907133e-09	-7.173270e-09	-5.669515e+01	-8.250631e+02
9.120000e-06	-6.911020e-09	-7.174561e-09	-5.672706e+01	-8.253546e+02
9.130000e-06	-6.914685e-09	-7.171411e-09	-5.675714e+01	-8.256580e+02
9.140000e-06	-6.918037e-09	-7.167068e-09	-5.678466e+01	-8.259754e+02
9.150000e-06	-6.921071e-09	-7.165873e-09	-5.680956e+01	-8.263089e+02
9.160000e-06	-6.923780e-09	-7.169087e-09	-5.683180e+01	-8.266603e+02
9.170000e-06	-6.926198e-09	-7.172486e-09	-5.685164e+01	-8.270316e+02
9.180000e-06	-6.928373e-09	-7.174173e-09	-5.686950e+01	-8.274241e+02
9.190000e-06	-6.930308e-09	-7.175339e-09	-5.688538e+01	-8.278395e+02
9.200000e-06	-6.931993e-09	-7.176593e-09	-5.689921e+01	-8.282790e+02
9.210000e-06	-6.933218e-09	-7.176910e-09	-5.690927e+01	-8.287436e+02
9.220000e-06	-6.934031e-09	-7.176603e-09	-5.691594e+01	-8.292343e+02
9.230000e-06	-6.934610e-09	-7.178137e-09	-5.692069e+01	-8.297517e+02
9.240000e-06	-6.934948e-09	-7.180146e-09	-5.692347e+01	-8.302964e+02
