# Temperatura_=_20.0
# Concentracion g/m^3_=_18000.0
# C_Vs_to_Am_M_A/Vsm_=_116720831517.84952
# pendiente_HvsI_1/m_=_3716.3
# ordenada_HvsI_A/m_=_1297.0
# frecuencia_Hz_=_108140.99494780693
# Promedio de 18 ciclos

Tiempo_(s)	Campo_(V.s)	Magnetizacion_(V.s)	Campo_(kA/m)	Magnetizacion_(A/m)
0.000000e+00	-7.019517e-09	-7.765979e-09	-5.700848e+01	-9.027773e+02
1.000000e-08	-7.019619e-09	-7.761100e-09	-5.700931e+01	-9.027751e+02
2.000000e-08	-7.019553e-09	-7.760252e-09	-5.700878e+01	-9.027585e+02
3.000000e-08	-7.019333e-09	-7.768499e-09	-5.700699e+01	-9.027283e+02
4.000000e-08	-7.018893e-09	-7.776229e-09	-5.700342e+01	-9.026852e+02
5.000000e-08	-7.018120e-09	-7.774838e-09	-5.699714e+01	-9.026300e+02
6.000000e-08	-7.016942e-09	-7.760818e-09	-5.698757e+01	-9.025633e+02
7.000000e-08	-7.015344e-09	-7.738186e-09	-5.697460e+01	-9.024857e+02
8.000000e-08	-7.013220e-09	-7.730832e-09	-5.695735e+01	-9.023978e+02
9.000000e-08	-7.010483e-09	-7.798004e-09	-5.693512e+01	-9.023001e+02
1.000000e-07	-7.007227e-09	-7.910272e-09	-5.690868e+01	-9.021932e+02
1.100000e-07	-7.003571e-09	-7.908254e-09	-5.687899e+01	-9.020774e+02
1.200000e-07	-6.999627e-09	-7.770721e-09	-5.684696e+01	-9.019531e+02
1.300000e-07	-6.995520e-09	-7.652723e-09	-5.681360e+01	-9.018205e+02
1.400000e-07	-6.991258e-09	-7.794575e-09	-5.677899e+01	-9.016801e+02
1.500000e-07	-6.986766e-09	-7.872902e-09	-5.674251e+01	-9.015318e+02
1.600000e-07	-6.981964e-09	-7.592264e-09	-5.670351e+01	-9.013758e+02
1.700000e-07	-6.976832e-09	-7.696263e-09	-5.666183e+01	-9.012122e+02
1.800000e-07	-6.971354e-09	-7.962800e-09	-5.661734e+01	-9.010409e+02
1.900000e-07	-6.965521e-09	-7.661826e-09	-5.656997e+01	-9.008619e+02
2.000000e-07	-6.959400e-09	-7.588512e-09	-5.652026e+01	-9.006750e+02
2.100000e-07	-6.952981e-09	-7.895694e-09	-5.646812e+01	-9.004799e+02
2.200000e-07	-6.946183e-09	-7.718767e-09	-5.641292e+01	-9.002765e+02
2.300000e-07	-6.939004e-09	-7.544920e-09	-5.635461e+01	-9.000643e+02
2.400000e-07	-6.931509e-09	-7.854639e-09	-5.629374e+01	-8.998431e+02
2.500000e-07	-6.923761e-09	-7.782905e-09	-5.623082e+01	-8.996123e+02
2.600000e-07	-6.915794e-09	-7.619499e-09	-5.616611e+01	-8.993715e+02
2.700000e-07	-6.907650e-09	-7.872758e-09	-5.609997e+01	-8.991202e+02
2.800000e-07	-6.899330e-09	-7.784498e-09	-5.603241e+01	-8.988579e+02
2.900000e-07	-6.890786e-09	-7.622690e-09	-5.596302e+01	-8.985839e+02
3.000000e-07	-6.881927e-09	-7.743288e-09	-5.589107e+01	-8.982977e+02
3.100000e-07	-6.872636e-09	-7.696323e-09	-5.581561e+01	-8.979987e+02
3.200000e-07	-6.862846e-09	-7.665349e-09	-5.573610e+01	-8.976861e+02
3.300000e-07	-6.852534e-09	-7.783317e-09	-5.565236e+01	-8.973595e+02
3.400000e-07	-6.841705e-09	-7.731510e-09	-5.556441e+01	-8.970181e+02
3.500000e-07	-6.830453e-09	-7.705904e-09	-5.547303e+01	-8.966613e+02
3.600000e-07	-6.818870e-09	-7.779013e-09	-5.537896e+01	-8.962886e+02
3.700000e-07	-6.806980e-09	-7.658922e-09	-5.528239e+01	-8.958992e+02
3.800000e-07	-6.794825e-09	-7.624547e-09	-5.518368e+01	-8.954926e+02
3.900000e-07	-6.782380e-09	-7.699104e-09	-5.508261e+01	-8.950683e+02
4.000000e-07	-6.769598e-09	-7.661182e-09	-5.497880e+01	-8.946257e+02
4.100000e-07	-6.756463e-09	-7.666970e-09	-5.487213e+01	-8.941644e+02
4.200000e-07	-6.742962e-09	-7.715410e-09	-5.476248e+01	-8.936838e+02
4.300000e-07	-6.729128e-09	-7.694080e-09	-5.465013e+01	-8.931837e+02
4.400000e-07	-6.714955e-09	-7.662154e-09	-5.453503e+01	-8.926636e+02
4.500000e-07	-6.700407e-09	-7.682133e-09	-5.441688e+01	-8.921233e+02
4.600000e-07	-6.685431e-09	-7.646311e-09	-5.429525e+01	-8.915625e+02
4.700000e-07	-6.669962e-09	-7.619989e-09	-5.416962e+01	-8.909811e+02
4.800000e-07	-6.653981e-09	-7.655923e-09	-5.403984e+01	-8.903789e+02
4.900000e-07	-6.637576e-09	-7.650587e-09	-5.390660e+01	-8.897559e+02
5.000000e-07	-6.620793e-09	-7.640363e-09	-5.377031e+01	-8.891120e+02
5.100000e-07	-6.603668e-09	-7.642416e-09	-5.363122e+01	-8.884473e+02
5.200000e-07	-6.586287e-09	-7.636572e-09	-5.349006e+01	-8.877620e+02
5.300000e-07	-6.568670e-09	-7.630983e-09	-5.334699e+01	-8.870562e+02
5.400000e-07	-6.550817e-09	-7.634215e-09	-5.320200e+01	-8.863302e+02
5.500000e-07	-6.532705e-09	-7.615592e-09	-5.305491e+01	-8.855842e+02
5.600000e-07	-6.514288e-09	-7.606022e-09	-5.290533e+01	-8.848187e+02
5.700000e-07	-6.495528e-09	-7.610497e-09	-5.275298e+01	-8.840339e+02
5.800000e-07	-6.476411e-09	-7.590986e-09	-5.259772e+01	-8.832304e+02
5.900000e-07	-6.456981e-09	-7.582229e-09	-5.243992e+01	-8.824086e+02
6.000000e-07	-6.437317e-09	-7.571811e-09	-5.228022e+01	-8.815690e+02
6.100000e-07	-6.417464e-09	-7.566765e-09	-5.211899e+01	-8.807122e+02
6.200000e-07	-6.397438e-09	-7.564269e-09	-5.195635e+01	-8.798389e+02
6.300000e-07	-6.377256e-09	-7.563181e-09	-5.179244e+01	-8.789495e+02
6.400000e-07	-6.356906e-09	-7.555395e-09	-5.162716e+01	-8.780447e+02
6.500000e-07	-6.336366e-09	-7.539001e-09	-5.146035e+01	-8.771252e+02
6.600000e-07	-6.315590e-09	-7.533814e-09	-5.129162e+01	-8.761915e+02
6.700000e-07	-6.294541e-09	-7.515638e-09	-5.112068e+01	-8.752443e+02
6.800000e-07	-6.273193e-09	-7.506036e-09	-5.094730e+01	-8.742843e+02
6.900000e-07	-6.251546e-09	-7.499521e-09	-5.077150e+01	-8.733121e+02
7.000000e-07	-6.229635e-09	-7.495296e-09	-5.059355e+01	-8.723282e+02
7.100000e-07	-6.207467e-09	-7.496587e-09	-5.041351e+01	-8.713333e+02
7.200000e-07	-6.185035e-09	-7.491546e-09	-5.023133e+01	-8.703278e+02
7.300000e-07	-6.162327e-09	-7.487093e-09	-5.004691e+01	-8.693123e+02
7.400000e-07	-6.139344e-09	-7.473645e-09	-4.986025e+01	-8.682873e+02
7.500000e-07	-6.116076e-09	-7.462993e-09	-4.967128e+01	-8.672532e+02
7.600000e-07	-6.092513e-09	-7.448817e-09	-4.947992e+01	-8.662104e+02
7.700000e-07	-6.068702e-09	-7.438196e-09	-4.928654e+01	-8.651592e+02
7.800000e-07	-6.044693e-09	-7.428902e-09	-4.909156e+01	-8.640998e+02
7.900000e-07	-6.020486e-09	-7.415866e-09	-4.889496e+01	-8.630326e+02
8.000000e-07	-5.996041e-09	-7.409362e-09	-4.869643e+01	-8.619576e+02
8.100000e-07	-5.971306e-09	-7.400105e-09	-4.849555e+01	-8.608749e+02
8.200000e-07	-5.946230e-09	-7.391585e-09	-4.829189e+01	-8.597846e+02
8.300000e-07	-5.920780e-09	-7.377610e-09	-4.808521e+01	-8.586867e+02
8.400000e-07	-5.894897e-09	-7.366703e-09	-4.787500e+01	-8.575810e+02
8.500000e-07	-5.868548e-09	-7.356433e-09	-4.766101e+01	-8.564674e+02
8.600000e-07	-5.841754e-09	-7.344626e-09	-4.744341e+01	-8.553456e+02
8.700000e-07	-5.814559e-09	-7.333916e-09	-4.722254e+01	-8.542154e+02
8.800000e-07	-5.787047e-09	-7.319883e-09	-4.699911e+01	-8.530765e+02
8.900000e-07	-5.759296e-09	-7.309594e-09	-4.677373e+01	-8.519284e+02
9.000000e-07	-5.731348e-09	-7.298188e-09	-4.654676e+01	-8.507706e+02
9.100000e-07	-5.703223e-09	-7.289376e-09	-4.631833e+01	-8.496028e+02
9.200000e-07	-5.674918e-09	-7.279235e-09	-4.608846e+01	-8.484243e+02
9.300000e-07	-5.646436e-09	-7.269710e-09	-4.585715e+01	-8.472345e+02
9.400000e-07	-5.617775e-09	-7.260892e-09	-4.562437e+01	-8.460329e+02
9.500000e-07	-5.588888e-09	-7.249477e-09	-4.538978e+01	-8.448188e+02
9.600000e-07	-5.559737e-09	-7.238020e-09	-4.515303e+01	-8.435916e+02
9.700000e-07	-5.530339e-09	-7.222461e-09	-4.491427e+01	-8.423504e+02
9.800000e-07	-5.500709e-09	-7.211329e-09	-4.467363e+01	-8.410947e+02
9.900000e-07	-5.470861e-09	-7.200784e-09	-4.443122e+01	-8.398237e+02
1.000000e-06	-5.440798e-09	-7.190070e-09	-4.418707e+01	-8.385367e+02
1.010000e-06	-5.410517e-09	-7.178504e-09	-4.394114e+01	-8.372330e+02
1.020000e-06	-5.380020e-09	-7.165625e-09	-4.369347e+01	-8.359120e+02
1.030000e-06	-5.349295e-09	-7.154796e-09	-4.344394e+01	-8.345729e+02
1.040000e-06	-5.318322e-09	-7.142045e-09	-4.319240e+01	-8.332150e+02
1.050000e-06	-5.287116e-09	-7.129343e-09	-4.293896e+01	-8.318379e+02
1.060000e-06	-5.255709e-09	-7.113920e-09	-4.268389e+01	-8.304409e+02
1.070000e-06	-5.224107e-09	-7.099800e-09	-4.242724e+01	-8.290234e+02
1.080000e-06	-5.192304e-09	-7.085752e-09	-4.216895e+01	-8.275850e+02
1.090000e-06	-5.160311e-09	-7.070577e-09	-4.190912e+01	-8.261252e+02
1.100000e-06	-5.128147e-09	-7.055431e-09	-4.164790e+01	-8.246436e+02
1.110000e-06	-5.095777e-09	-7.038900e-09	-4.138501e+01	-8.231400e+02
1.120000e-06	-5.063153e-09	-7.025464e-09	-4.112006e+01	-8.216139e+02
1.130000e-06	-5.030223e-09	-7.013336e-09	-4.085262e+01	-8.200652e+02
1.140000e-06	-4.996997e-09	-7.002674e-09	-4.058278e+01	-8.184938e+02
1.150000e-06	-4.963486e-09	-6.991083e-09	-4.031062e+01	-8.168995e+02
1.160000e-06	-4.929611e-09	-6.977124e-09	-4.003551e+01	-8.152823e+02
1.170000e-06	-4.895348e-09	-6.961318e-09	-3.975725e+01	-8.136423e+02
1.180000e-06	-4.860714e-09	-6.944817e-09	-3.947598e+01	-8.119796e+02
1.190000e-06	-4.825733e-09	-6.929856e-09	-3.919189e+01	-8.102944e+02
1.200000e-06	-4.790473e-09	-6.913540e-09	-3.890552e+01	-8.085868e+02
1.210000e-06	-4.754976e-09	-6.899104e-09	-3.861724e+01	-8.068572e+02
1.220000e-06	-4.719260e-09	-6.887710e-09	-3.832718e+01	-8.051058e+02
1.230000e-06	-4.683353e-09	-6.877218e-09	-3.803556e+01	-8.033332e+02
1.240000e-06	-4.647284e-09	-6.863480e-09	-3.774262e+01	-8.015396e+02
1.250000e-06	-4.611062e-09	-6.845767e-09	-3.744845e+01	-7.997256e+02
1.260000e-06	-4.574699e-09	-6.826755e-09	-3.715313e+01	-7.978917e+02
1.270000e-06	-4.538184e-09	-6.807552e-09	-3.685657e+01	-7.960384e+02
1.280000e-06	-4.501500e-09	-6.790293e-09	-3.655865e+01	-7.941662e+02
1.290000e-06	-4.464646e-09	-6.773794e-09	-3.625935e+01	-7.922758e+02
1.300000e-06	-4.427624e-09	-6.757905e-09	-3.595867e+01	-7.903676e+02
1.310000e-06	-4.390454e-09	-6.741687e-09	-3.565680e+01	-7.884423e+02
1.320000e-06	-4.353110e-09	-6.727315e-09	-3.535351e+01	-7.865004e+02
1.330000e-06	-4.315548e-09	-6.711593e-09	-3.504846e+01	-7.845424e+02
1.340000e-06	-4.277800e-09	-6.692790e-09	-3.474189e+01	-7.825689e+02
1.350000e-06	-4.239881e-09	-6.675251e-09	-3.443393e+01	-7.805803e+02
1.360000e-06	-4.201768e-09	-6.658637e-09	-3.412440e+01	-7.785770e+02
1.370000e-06	-4.163459e-09	-6.642301e-09	-3.381328e+01	-7.765596e+02
1.380000e-06	-4.124980e-09	-6.623984e-09	-3.350077e+01	-7.745283e+02
1.390000e-06	-4.086346e-09	-6.603272e-09	-3.318701e+01	-7.724833e+02
1.400000e-06	-4.047516e-09	-6.581038e-09	-3.287165e+01	-7.704250e+02
1.410000e-06	-4.008481e-09	-6.560759e-09	-3.255463e+01	-7.683533e+02
1.420000e-06	-3.969290e-09	-6.543963e-09	-3.223635e+01	-7.662684e+02
1.430000e-06	-3.929940e-09	-6.524554e-09	-3.191677e+01	-7.641703e+02
1.440000e-06	-3.890435e-09	-6.505144e-09	-3.159594e+01	-7.620587e+02
1.450000e-06	-3.850796e-09	-6.486985e-09	-3.127401e+01	-7.599335e+02
1.460000e-06	-3.810981e-09	-6.466537e-09	-3.095065e+01	-7.577944e+02
1.470000e-06	-3.770993e-09	-6.446369e-09	-3.062589e+01	-7.556408e+02
1.480000e-06	-3.730863e-09	-6.423203e-09	-3.029998e+01	-7.534723e+02
1.490000e-06	-3.690588e-09	-6.398378e-09	-2.997289e+01	-7.512883e+02
1.500000e-06	-3.650149e-09	-6.376472e-09	-2.964447e+01	-7.490879e+02
1.510000e-06	-3.609549e-09	-6.356644e-09	-2.931474e+01	-7.468704e+02
1.520000e-06	-3.568774e-09	-6.335310e-09	-2.898359e+01	-7.446348e+02
1.530000e-06	-3.527806e-09	-6.311740e-09	-2.865087e+01	-7.423800e+02
1.540000e-06	-3.486637e-09	-6.288014e-09	-2.831652e+01	-7.401048e+02
1.550000e-06	-3.445258e-09	-6.264108e-09	-2.798047e+01	-7.378081e+02
1.560000e-06	-3.403668e-09	-6.240255e-09	-2.764270e+01	-7.354885e+02
1.570000e-06	-3.361853e-09	-6.214522e-09	-2.730310e+01	-7.331446e+02
1.580000e-06	-3.319820e-09	-6.188768e-09	-2.696174e+01	-7.307748e+02
1.590000e-06	-3.277578e-09	-6.165030e-09	-2.661868e+01	-7.283775e+02
1.600000e-06	-3.235122e-09	-6.142529e-09	-2.627387e+01	-7.259513e+02
1.610000e-06	-3.192445e-09	-6.120031e-09	-2.592728e+01	-7.234942e+02
1.620000e-06	-3.149577e-09	-6.097044e-09	-2.557913e+01	-7.210047e+02
1.630000e-06	-3.106568e-09	-6.074148e-09	-2.522983e+01	-7.184809e+02
1.640000e-06	-3.063406e-09	-6.051509e-09	-2.487930e+01	-7.159209e+02
1.650000e-06	-3.020079e-09	-6.030041e-09	-2.452742e+01	-7.133230e+02
1.660000e-06	-2.976616e-09	-6.008564e-09	-2.417444e+01	-7.106853e+02
1.670000e-06	-2.933036e-09	-5.985796e-09	-2.382051e+01	-7.080060e+02
1.680000e-06	-2.889353e-09	-5.962658e-09	-2.346574e+01	-7.052832e+02
1.690000e-06	-2.845551e-09	-5.939376e-09	-2.311000e+01	-7.025151e+02
1.700000e-06	-2.801632e-09	-5.915601e-09	-2.275332e+01	-6.997000e+02
1.710000e-06	-2.757614e-09	-5.891004e-09	-2.239582e+01	-6.968360e+02
1.720000e-06	-2.713501e-09	-5.864781e-09	-2.203756e+01	-6.939216e+02
1.730000e-06	-2.669296e-09	-5.838425e-09	-2.167856e+01	-6.909550e+02
1.740000e-06	-2.625002e-09	-5.812792e-09	-2.131883e+01	-6.879347e+02
1.750000e-06	-2.580621e-09	-5.786837e-09	-2.095839e+01	-6.848593e+02
1.760000e-06	-2.536128e-09	-5.759235e-09	-2.059704e+01	-6.817273e+02
1.770000e-06	-2.491495e-09	-5.730205e-09	-2.023455e+01	-6.785374e+02
1.780000e-06	-2.446749e-09	-5.699510e-09	-1.987115e+01	-6.752885e+02
1.790000e-06	-2.401932e-09	-5.667375e-09	-1.950718e+01	-6.719794e+02
1.800000e-06	-2.357050e-09	-5.636081e-09	-1.914267e+01	-6.686092e+02
1.810000e-06	-2.312087e-09	-5.605185e-09	-1.877751e+01	-6.651770e+02
1.820000e-06	-2.267028e-09	-5.573489e-09	-1.841157e+01	-6.616821e+02
1.830000e-06	-2.221856e-09	-5.542642e-09	-1.804471e+01	-6.581238e+02
1.840000e-06	-2.176570e-09	-5.513872e-09	-1.767692e+01	-6.545017e+02
1.850000e-06	-2.131158e-09	-5.487817e-09	-1.730811e+01	-6.508154e+02
1.860000e-06	-2.085610e-09	-5.461412e-09	-1.693819e+01	-6.470646e+02
1.870000e-06	-2.039961e-09	-5.428952e-09	-1.656746e+01	-6.432493e+02
1.880000e-06	-1.994225e-09	-5.392723e-09	-1.619602e+01	-6.393693e+02
1.890000e-06	-1.948397e-09	-5.356565e-09	-1.582383e+01	-6.354248e+02
1.900000e-06	-1.902490e-09	-5.320420e-09	-1.545100e+01	-6.314160e+02
1.910000e-06	-1.856486e-09	-5.284028e-09	-1.507738e+01	-6.273432e+02
1.920000e-06	-1.810397e-09	-5.248524e-09	-1.470307e+01	-6.232069e+02
1.930000e-06	-1.764244e-09	-5.214647e-09	-1.432824e+01	-6.190075e+02
1.940000e-06	-1.718004e-09	-5.181543e-09	-1.395271e+01	-6.147455e+02
1.950000e-06	-1.671681e-09	-5.147239e-09	-1.357650e+01	-6.104217e+02
1.960000e-06	-1.625310e-09	-5.109361e-09	-1.319990e+01	-6.060366e+02
1.970000e-06	-1.578861e-09	-5.068158e-09	-1.282267e+01	-6.015911e+02
1.980000e-06	-1.532345e-09	-5.026162e-09	-1.244489e+01	-5.970858e+02
1.990000e-06	-1.485800e-09	-4.986774e-09	-1.206688e+01	-5.925216e+02
2.000000e-06	-1.439209e-09	-4.949893e-09	-1.168850e+01	-5.878993e+02
2.010000e-06	-1.392548e-09	-4.913108e-09	-1.130954e+01	-5.832196e+02
2.020000e-06	-1.345837e-09	-4.875422e-09	-1.093018e+01	-5.784832e+02
2.030000e-06	-1.299090e-09	-4.836177e-09	-1.055053e+01	-5.736909e+02
2.040000e-06	-1.252288e-09	-4.795528e-09	-1.017043e+01	-5.688433e+02
2.050000e-06	-1.205430e-09	-4.752934e-09	-9.789880e+00	-5.639411e+02
2.060000e-06	-1.158537e-09	-4.709715e-09	-9.409038e+00	-5.589846e+02
2.070000e-06	-1.111609e-09	-4.668051e-09	-9.027919e+00	-5.539744e+02
2.080000e-06	-1.064623e-09	-4.628043e-09	-8.646327e+00	-5.489107e+02
2.090000e-06	-1.017565e-09	-4.589715e-09	-8.264148e+00	-5.437937e+02
2.100000e-06	-9.704594e-10	-4.547895e-09	-7.881583e+00	-5.386234e+02
2.110000e-06	-9.233422e-10	-4.503750e-09	-7.498925e+00	-5.333997e+02
2.120000e-06	-8.762023e-10	-4.456383e-09	-7.116081e+00	-5.281224e+02
2.130000e-06	-8.290080e-10	-4.408006e-09	-6.732797e+00	-5.227910e+02
2.140000e-06	-7.817557e-10	-4.360996e-09	-6.349040e+00	-5.174049e+02
2.150000e-06	-7.344603e-10	-4.311183e-09	-5.964934e+00	-5.119634e+02
2.160000e-06	-6.871223e-10	-4.263539e-09	-5.580482e+00	-5.064653e+02
2.170000e-06	-6.397332e-10	-4.217312e-09	-5.195614e+00	-5.009095e+02
2.180000e-06	-5.922964e-10	-4.172509e-09	-4.810360e+00	-4.952946e+02
2.190000e-06	-5.448551e-10	-4.126324e-09	-4.425068e+00	-4.896190e+02
2.200000e-06	-4.974136e-10	-4.075032e-09	-4.039775e+00	-4.838810e+02
2.210000e-06	-4.499193e-10	-4.018098e-09	-3.654054e+00	-4.780785e+02
2.220000e-06	-4.023940e-10	-3.957275e-09	-3.268080e+00	-4.722092e+02
2.230000e-06	-3.548664e-10	-3.901130e-09	-2.882088e+00	-4.662708e+02
2.240000e-06	-3.073241e-10	-3.847030e-09	-2.495977e+00	-4.602607e+02
2.250000e-06	-2.597993e-10	-3.792718e-09	-2.110008e+00	-4.541760e+02
2.260000e-06	-2.122733e-10	-3.741065e-09	-1.724028e+00	-4.480139e+02
2.270000e-06	-1.647170e-10	-3.693234e-09	-1.337803e+00	-4.417710e+02
2.280000e-06	-1.171647e-10	-3.646751e-09	-9.516094e-01	-4.354442e+02
2.290000e-06	-6.961866e-11	-3.593151e-09	-5.654678e-01	-4.290301e+02
2.300000e-06	-2.206735e-11	-3.532364e-09	-1.792833e-01	-4.225249e+02
2.310000e-06	2.549363e-11	-3.466857e-09	2.069799e-01	-4.159251e+02
2.320000e-06	7.302859e-11	-3.405757e-09	5.930313e-01	-4.092268e+02
2.330000e-06	1.205097e-10	-3.348310e-09	9.786449e-01	-4.024262e+02
2.340000e-06	1.679774e-10	-3.291008e-09	1.364151e+00	-3.955194e+02
2.350000e-06	2.154296e-10	-3.235197e-09	1.749531e+00	-3.885024e+02
2.360000e-06	2.628469e-10	-3.177216e-09	2.134628e+00	-3.813712e+02
2.370000e-06	3.102583e-10	-3.120273e-09	2.519677e+00	-3.741219e+02
2.380000e-06	3.576764e-10	-3.059741e-09	2.904781e+00	-3.667506e+02
2.390000e-06	4.050639e-10	-2.996057e-09	3.289636e+00	-3.592533e+02
2.400000e-06	4.524297e-10	-2.929695e-09	3.674314e+00	-3.516263e+02
2.410000e-06	4.997761e-10	-2.861201e-09	4.058834e+00	-3.438660e+02
2.420000e-06	5.470833e-10	-2.794029e-09	4.443036e+00	-3.359686e+02
2.430000e-06	5.943886e-10	-2.726132e-09	4.827223e+00	-3.279309e+02
2.440000e-06	6.416724e-10	-2.657525e-09	5.211235e+00	-3.197497e+02
2.450000e-06	6.889405e-10	-2.586436e-09	5.595120e+00	-3.114218e+02
2.460000e-06	7.362005e-10	-2.518077e-09	5.978939e+00	-3.029446e+02
2.470000e-06	7.834380e-10	-2.450354e-09	6.362575e+00	-2.943154e+02
2.480000e-06	8.306473e-10	-2.379386e-09	6.745982e+00	-2.855321e+02
2.490000e-06	8.778021e-10	-2.304284e-09	7.128945e+00	-2.765926e+02
2.500000e-06	9.249205e-10	-2.224414e-09	7.511615e+00	-2.674954e+02
2.510000e-06	9.720105e-10	-2.144984e-09	7.894052e+00	-2.582391e+02
2.520000e-06	1.019081e-09	-2.065237e-09	8.276336e+00	-2.488228e+02
2.530000e-06	1.066144e-09	-1.985147e-09	8.658548e+00	-2.392459e+02
2.540000e-06	1.113165e-09	-1.903602e-09	9.040431e+00	-2.295083e+02
2.550000e-06	1.160143e-09	-1.824095e-09	9.421957e+00	-2.196101e+02
2.560000e-06	1.207103e-09	-1.746991e-09	9.803337e+00	-2.095519e+02
2.570000e-06	1.254031e-09	-1.666694e-09	1.018446e+01	-1.993350e+02
2.580000e-06	1.300882e-09	-1.580120e-09	1.056496e+01	-1.889606e+02
2.590000e-06	1.347643e-09	-1.486885e-09	1.094472e+01	-1.784309e+02
2.600000e-06	1.394327e-09	-1.393382e-09	1.132386e+01	-1.677481e+02
2.610000e-06	1.440940e-09	-1.300240e-09	1.170243e+01	-1.569151e+02
2.620000e-06	1.487479e-09	-1.207129e-09	1.208039e+01	-1.459352e+02
2.630000e-06	1.533980e-09	-1.111746e-09	1.245804e+01	-1.348120e+02
2.640000e-06	1.580425e-09	-1.014182e-09	1.283524e+01	-1.235498e+02
2.650000e-06	1.626773e-09	-9.176949e-10	1.321165e+01	-1.121531e+02
2.660000e-06	1.673024e-09	-8.207513e-10	1.358728e+01	-1.006269e+02
2.670000e-06	1.719181e-09	-7.239132e-10	1.396214e+01	-8.897671e+01
2.680000e-06	1.765253e-09	-6.233266e-10	1.433631e+01	-7.720829e+01
2.690000e-06	1.811226e-09	-5.191180e-10	1.470967e+01	-6.532787e+01
2.700000e-06	1.857092e-09	-4.116500e-10	1.508217e+01	-5.334204e+01
2.710000e-06	1.902846e-09	-3.008589e-10	1.545376e+01	-4.125772e+01
2.720000e-06	1.948502e-09	-1.912603e-10	1.582456e+01	-2.908219e+01
2.730000e-06	1.994058e-09	-8.211436e-11	1.619453e+01	-1.682300e+01
2.740000e-06	2.039515e-09	2.572334e-11	1.656371e+01	-4.488023e+00
2.750000e-06	2.084899e-09	1.322930e-10	1.693229e+01	7.914638e+00
2.760000e-06	2.130171e-09	2.384873e-10	1.729997e+01	2.037664e+01
2.770000e-06	2.175344e-09	3.474898e-10	1.766683e+01	3.288942e+01
2.780000e-06	2.220437e-09	4.600999e-10	1.803305e+01	4.544427e+01
2.790000e-06	2.265440e-09	5.731376e-10	1.839854e+01	5.803230e+01
2.800000e-06	2.310375e-09	6.836831e-10	1.876348e+01	7.064454e+01
2.810000e-06	2.355228e-09	7.905256e-10	1.912775e+01	8.327190e+01
2.820000e-06	2.400001e-09	8.976884e-10	1.949137e+01	9.590527e+01
2.830000e-06	2.444703e-09	1.007544e-09	1.985442e+01	1.085355e+02
2.840000e-06	2.489339e-09	1.119231e-09	2.021692e+01	1.211534e+02
2.850000e-06	2.533921e-09	1.227851e-09	2.057899e+01	1.337500e+02
2.860000e-06	2.578403e-09	1.333235e-09	2.094024e+01	1.463161e+02
2.870000e-06	2.622782e-09	1.441508e-09	2.130067e+01	1.588429e+02
2.880000e-06	2.667112e-09	1.552652e-09	2.166069e+01	1.713215e+02
2.890000e-06	2.711371e-09	1.662307e-09	2.202014e+01	1.837434e+02
2.900000e-06	2.755514e-09	1.766913e-09	2.237865e+01	1.961001e+02
2.910000e-06	2.799564e-09	1.869869e-09	2.273640e+01	2.083833e+02
2.920000e-06	2.843513e-09	1.976588e-09	2.309333e+01	2.205852e+02
2.930000e-06	2.887349e-09	2.083223e-09	2.344934e+01	2.326979e+02
2.940000e-06	2.931070e-09	2.184248e-09	2.380442e+01	2.447141e+02
2.950000e-06	2.974647e-09	2.279394e-09	2.415833e+01	2.566266e+02
2.960000e-06	3.018073e-09	2.374039e-09	2.451101e+01	2.684287e+02
2.970000e-06	3.061323e-09	2.472587e-09	2.486226e+01	2.801140e+02
2.980000e-06	3.104354e-09	2.573793e-09	2.521173e+01	2.916764e+02
2.990000e-06	3.147157e-09	2.673163e-09	2.555935e+01	3.031103e+02
3.000000e-06	3.189760e-09	2.767781e-09	2.590534e+01	3.144104e+02
3.010000e-06	3.232133e-09	2.860630e-09	2.624947e+01	3.255718e+02
3.020000e-06	3.274248e-09	2.953967e-09	2.659150e+01	3.365901e+02
3.030000e-06	3.316136e-09	3.044782e-09	2.693169e+01	3.474613e+02
3.040000e-06	3.357790e-09	3.130632e-09	2.726998e+01	3.581818e+02
3.050000e-06	3.399230e-09	3.211503e-09	2.760653e+01	3.687483e+02
3.060000e-06	3.440464e-09	3.295543e-09	2.794140e+01	3.791583e+02
3.070000e-06	3.481485e-09	3.382746e-09	2.827455e+01	3.894092e+02
3.080000e-06	3.522333e-09	3.469101e-09	2.860630e+01	3.994994e+02
3.090000e-06	3.563021e-09	3.554154e-09	2.893675e+01	4.094273e+02
3.100000e-06	3.603545e-09	3.635662e-09	2.926586e+01	4.191918e+02
3.110000e-06	3.643934e-09	3.721003e-09	2.959387e+01	4.287923e+02
3.120000e-06	3.684184e-09	3.804270e-09	2.992077e+01	4.382285e+02
3.130000e-06	3.724304e-09	3.879489e-09	3.024660e+01	4.475005e+02
3.140000e-06	3.764308e-09	3.948450e-09	3.057149e+01	4.566088e+02
3.150000e-06	3.804178e-09	4.015444e-09	3.089529e+01	4.655542e+02
3.160000e-06	3.843907e-09	4.090154e-09	3.121795e+01	4.743378e+02
3.170000e-06	3.883509e-09	4.167748e-09	3.153958e+01	4.829612e+02
3.180000e-06	3.922947e-09	4.245521e-09	3.185987e+01	4.914259e+02
3.190000e-06	3.962196e-09	4.321836e-09	3.217863e+01	4.997341e+02
3.200000e-06	4.001292e-09	4.396719e-09	3.249614e+01	5.078880e+02
3.210000e-06	4.040233e-09	4.468879e-09	3.281240e+01	5.158901e+02
3.220000e-06	4.079014e-09	4.532090e-09	3.312736e+01	5.237431e+02
3.230000e-06	4.117627e-09	4.590588e-09	3.344095e+01	5.314498e+02
3.240000e-06	4.156061e-09	4.648726e-09	3.375309e+01	5.390132e+02
3.250000e-06	4.194317e-09	4.712793e-09	3.406378e+01	5.464367e+02
3.260000e-06	4.232371e-09	4.779566e-09	3.437284e+01	5.537233e+02
3.270000e-06	4.270222e-09	4.846928e-09	3.468024e+01	5.608765e+02
3.280000e-06	4.307877e-09	4.913132e-09	3.498606e+01	5.678997e+02
3.290000e-06	4.345331e-09	4.974568e-09	3.529023e+01	5.747965e+02
3.300000e-06	4.382571e-09	5.033374e-09	3.559268e+01	5.815702e+02
3.310000e-06	4.419617e-09	5.085953e-09	3.589355e+01	5.882244e+02
3.320000e-06	4.456472e-09	5.137685e-09	3.619286e+01	5.947626e+02
3.330000e-06	4.493145e-09	5.189812e-09	3.649070e+01	6.011883e+02
3.340000e-06	4.529675e-09	5.244565e-09	3.678737e+01	6.075048e+02
3.350000e-06	4.566059e-09	5.301493e-09	3.708287e+01	6.137154e+02
3.360000e-06	4.602290e-09	5.356440e-09	3.737711e+01	6.198234e+02
3.370000e-06	4.638374e-09	5.412525e-09	3.767017e+01	6.258320e+02
3.380000e-06	4.674307e-09	5.468271e-09	3.796200e+01	6.317441e+02
3.390000e-06	4.710072e-09	5.524321e-09	3.825246e+01	6.375627e+02
3.400000e-06	4.745626e-09	5.575586e-09	3.854122e+01	6.432904e+02
3.410000e-06	4.780933e-09	5.623399e-09	3.882795e+01	6.489300e+02
3.420000e-06	4.815967e-09	5.671108e-09	3.911248e+01	6.544838e+02
3.430000e-06	4.850672e-09	5.720566e-09	3.939433e+01	6.599542e+02
3.440000e-06	4.885046e-09	5.767081e-09	3.967349e+01	6.653434e+02
3.450000e-06	4.919100e-09	5.810033e-09	3.995006e+01	6.706532e+02
3.460000e-06	4.952817e-09	5.853747e-09	4.022389e+01	6.758854e+02
3.470000e-06	4.986177e-09	5.896580e-09	4.049481e+01	6.810418e+02
3.480000e-06	5.019221e-09	5.944296e-09	4.076318e+01	6.861237e+02
3.490000e-06	5.052033e-09	5.991536e-09	4.102967e+01	6.911325e+02
3.500000e-06	5.084620e-09	6.038206e-09	4.129431e+01	6.960693e+02
3.510000e-06	5.116996e-09	6.081592e-09	4.155725e+01	7.009350e+02
3.520000e-06	5.149213e-09	6.119062e-09	4.181890e+01	7.057305e+02
3.530000e-06	5.181277e-09	6.155664e-09	4.207931e+01	7.104565e+02
3.540000e-06	5.213168e-09	6.190447e-09	4.233832e+01	7.151134e+02
3.550000e-06	5.244876e-09	6.226964e-09	4.259582e+01	7.197018e+02
3.560000e-06	5.276377e-09	6.263227e-09	4.285166e+01	7.242218e+02
3.570000e-06	5.307643e-09	6.302832e-09	4.310558e+01	7.286737e+02
3.580000e-06	5.338671e-09	6.346039e-09	4.335758e+01	7.330576e+02
3.590000e-06	5.369448e-09	6.387572e-09	4.360753e+01	7.373735e+02
3.600000e-06	5.399968e-09	6.426202e-09	4.385539e+01	7.416212e+02
3.610000e-06	5.430269e-09	6.458727e-09	4.410149e+01	7.458006e+02
3.620000e-06	5.460354e-09	6.490233e-09	4.434582e+01	7.499115e+02
3.630000e-06	5.490207e-09	6.518800e-09	4.458826e+01	7.539537e+02
3.640000e-06	5.519813e-09	6.546741e-09	4.482870e+01	7.579269e+02
3.650000e-06	5.549153e-09	6.577092e-09	4.506699e+01	7.618308e+02
3.660000e-06	5.578249e-09	6.609875e-09	4.530329e+01	7.656652e+02
3.670000e-06	5.607121e-09	6.643447e-09	4.553777e+01	7.694297e+02
3.680000e-06	5.635764e-09	6.673487e-09	4.577039e+01	7.731240e+02
3.690000e-06	5.664198e-09	6.703290e-09	4.600132e+01	7.767480e+02
3.700000e-06	5.692457e-09	6.730355e-09	4.623082e+01	7.803013e+02
3.710000e-06	5.720568e-09	6.756645e-09	4.645913e+01	7.837839e+02
3.720000e-06	5.748533e-09	6.780645e-09	4.668625e+01	7.871956e+02
3.730000e-06	5.776282e-09	6.804000e-09	4.691160e+01	7.905364e+02
3.740000e-06	5.803746e-09	6.827925e-09	4.713465e+01	7.938062e+02
3.750000e-06	5.830879e-09	6.850124e-09	4.735501e+01	7.970053e+02
3.760000e-06	5.857651e-09	6.872306e-09	4.757244e+01	8.001336e+02
3.770000e-06	5.883985e-09	6.892139e-09	4.778630e+01	8.031916e+02
3.780000e-06	5.909836e-09	6.916786e-09	4.799625e+01	8.061795e+02
3.790000e-06	5.935245e-09	6.946782e-09	4.820260e+01	8.090978e+02
3.800000e-06	5.960279e-09	6.976577e-09	4.840591e+01	8.119470e+02
3.810000e-06	5.985012e-09	7.000426e-09	4.860678e+01	8.147276e+02
3.820000e-06	6.009494e-09	7.018000e-09	4.880562e+01	8.174405e+02
3.830000e-06	6.033769e-09	7.034534e-09	4.900276e+01	8.200863e+02
3.840000e-06	6.057836e-09	7.052104e-09	4.919822e+01	8.226660e+02
3.850000e-06	6.081673e-09	7.072538e-09	4.939182e+01	8.251805e+02
3.860000e-06	6.105268e-09	7.092663e-09	4.958344e+01	8.276309e+02
3.870000e-06	6.128618e-09	7.114589e-09	4.977308e+01	8.300183e+02
3.880000e-06	6.151688e-09	7.139548e-09	4.996044e+01	8.323439e+02
3.890000e-06	6.174459e-09	7.165783e-09	5.014537e+01	8.346090e+02
3.900000e-06	6.196963e-09	7.189358e-09	5.032814e+01	8.368148e+02
3.910000e-06	6.219219e-09	7.205733e-09	5.050889e+01	8.389627e+02
3.920000e-06	6.241212e-09	7.218703e-09	5.068750e+01	8.410543e+02
3.930000e-06	6.262921e-09	7.231536e-09	5.086381e+01	8.430908e+02
3.940000e-06	6.284336e-09	7.245709e-09	5.103773e+01	8.450739e+02
3.950000e-06	6.305451e-09	7.261840e-09	5.120921e+01	8.470051e+02
3.960000e-06	6.326292e-09	7.276467e-09	5.137847e+01	8.488858e+02
3.970000e-06	6.346895e-09	7.290403e-09	5.154580e+01	8.507177e+02
3.980000e-06	6.367281e-09	7.307477e-09	5.171137e+01	8.525023e+02
3.990000e-06	6.387478e-09	7.328523e-09	5.187539e+01	8.542410e+02
4.000000e-06	6.407508e-09	7.349915e-09	5.203807e+01	8.559355e+02
4.010000e-06	6.427356e-09	7.367179e-09	5.219926e+01	8.575872e+02
4.020000e-06	6.446979e-09	7.383482e-09	5.235863e+01	8.591976e+02
4.030000e-06	6.466309e-09	7.401188e-09	5.251562e+01	8.607681e+02
4.040000e-06	6.485254e-09	7.418442e-09	5.266947e+01	8.623001e+02
4.050000e-06	6.503825e-09	7.431307e-09	5.282030e+01	8.637949e+02
4.060000e-06	6.522047e-09	7.438564e-09	5.296829e+01	8.652538e+02
4.070000e-06	6.539950e-09	7.445808e-09	5.311369e+01	8.666780e+02
4.080000e-06	6.557596e-09	7.458124e-09	5.325700e+01	8.680687e+02
4.090000e-06	6.575003e-09	7.476445e-09	5.339837e+01	8.694270e+02
4.100000e-06	6.592178e-09	7.495666e-09	5.353785e+01	8.707538e+02
4.110000e-06	6.609102e-09	7.512056e-09	5.367530e+01	8.720501e+02
4.120000e-06	6.625756e-09	7.526648e-09	5.381056e+01	8.733167e+02
4.130000e-06	6.642061e-09	7.537719e-09	5.394297e+01	8.745544e+02
4.140000e-06	6.657940e-09	7.544646e-09	5.407194e+01	8.757639e+02
4.150000e-06	6.673396e-09	7.548420e-09	5.419746e+01	8.769458e+02
4.160000e-06	6.688452e-09	7.552677e-09	5.431974e+01	8.781007e+02
4.170000e-06	6.703161e-09	7.561599e-09	5.443919e+01	8.792290e+02
4.180000e-06	6.717570e-09	7.576518e-09	5.455622e+01	8.803311e+02
4.190000e-06	6.731678e-09	7.593190e-09	5.467079e+01	8.814074e+02
4.200000e-06	6.745464e-09	7.604994e-09	5.478276e+01	8.824579e+02
4.210000e-06	6.758915e-09	7.613648e-09	5.489200e+01	8.834830e+02
4.220000e-06	6.772044e-09	7.620551e-09	5.499862e+01	8.844828e+02
4.230000e-06	6.784868e-09	7.627055e-09	5.510277e+01	8.854572e+02
4.240000e-06	6.797385e-09	7.634022e-09	5.520443e+01	8.864064e+02
4.250000e-06	6.809620e-09	7.636335e-09	5.530379e+01	8.873302e+02
4.260000e-06	6.821609e-09	7.639826e-09	5.540117e+01	8.882286e+02
4.270000e-06	6.833304e-09	7.647036e-09	5.549615e+01	8.891016e+02
4.280000e-06	6.844614e-09	7.658305e-09	5.558800e+01	8.899488e+02
4.290000e-06	6.855490e-09	7.670610e-09	5.567632e+01	8.907703e+02
4.300000e-06	6.865848e-09	7.678185e-09	5.576044e+01	8.915658e+02
4.310000e-06	6.875646e-09	7.684858e-09	5.584002e+01	8.923350e+02
4.320000e-06	6.884900e-09	7.690892e-09	5.591517e+01	8.930780e+02
4.330000e-06	6.893727e-09	7.695405e-09	5.598687e+01	8.937943e+02
4.340000e-06	6.902263e-09	7.694057e-09	5.605619e+01	8.944839e+02
4.350000e-06	6.910542e-09	7.689156e-09	5.612343e+01	8.951466e+02
4.360000e-06	6.918599e-09	7.688005e-09	5.618886e+01	8.957823e+02
4.370000e-06	6.926449e-09	7.693409e-09	5.625262e+01	8.963909e+02
4.380000e-06	6.934038e-09	7.702899e-09	5.631425e+01	8.969722e+02
4.390000e-06	6.941325e-09	7.709223e-09	5.637343e+01	8.975262e+02
4.400000e-06	6.948293e-09	7.713869e-09	5.643003e+01	8.980529e+02
4.410000e-06	6.954950e-09	7.719002e-09	5.648408e+01	8.985523e+02
4.420000e-06	6.961307e-09	7.724184e-09	5.653571e+01	8.990246e+02
4.430000e-06	6.967349e-09	7.727161e-09	5.658479e+01	8.994697e+02
4.440000e-06	6.973087e-09	7.723939e-09	5.663139e+01	8.998881e+02
4.450000e-06	6.978511e-09	7.721682e-09	5.667544e+01	9.002797e+02
4.460000e-06	6.983593e-09	7.724849e-09	5.671671e+01	9.006450e+02
4.470000e-06	6.988353e-09	7.732449e-09	5.675537e+01	9.009842e+02
4.480000e-06	6.992846e-09	7.738654e-09	5.679187e+01	9.012978e+02
4.490000e-06	6.997131e-09	7.741695e-09	5.682666e+01	9.015861e+02
4.500000e-06	7.001238e-09	7.745630e-09	5.686002e+01	9.018497e+02
4.510000e-06	7.005167e-09	7.750283e-09	5.689193e+01	9.020891e+02
4.520000e-06	7.008866e-09	7.754034e-09	5.692197e+01	9.023049e+02
4.530000e-06	7.012284e-09	7.752573e-09	5.694974e+01	9.024976e+02
4.540000e-06	7.015315e-09	7.749072e-09	5.697434e+01	9.026681e+02
4.550000e-06	7.017840e-09	7.747841e-09	5.699485e+01	9.028168e+02
4.560000e-06	7.019841e-09	7.750810e-09	5.701111e+01	9.029447e+02
4.570000e-06	7.021325e-09	7.755995e-09	5.702315e+01	9.030523e+02
4.580000e-06	7.022352e-09	7.760182e-09	5.703150e+01	9.031406e+02
4.590000e-06	7.023010e-09	7.765332e-09	5.703685e+01	9.032102e+02
4.600000e-06	7.023385e-09	7.771539e-09	5.703989e+01	9.032621e+02
4.610000e-06	7.023558e-09	7.780114e-09	5.704130e+01	9.032969e+02
4.620000e-06	7.023552e-09	7.784154e-09	5.704124e+01	9.033155e+02
4.630000e-06	7.023319e-09	7.781482e-09	5.703936e+01	9.033187e+02
4.640000e-06	7.022800e-09	7.777198e-09	5.703514e+01	9.033072e+02
4.650000e-06	7.021972e-09	7.771052e-09	5.702841e+01	9.032819e+02
4.660000e-06	7.020787e-09	7.769557e-09	5.701879e+01	9.032434e+02
4.670000e-06	7.019276e-09	7.781136e-09	5.700652e+01	9.031926e+02
4.680000e-06	7.017511e-09	7.807769e-09	5.699219e+01	9.031299e+02
4.690000e-06	7.015491e-09	7.843364e-09	5.697579e+01	9.030562e+02
4.700000e-06	7.013221e-09	7.849167e-09	5.695735e+01	9.029720e+02
4.710000e-06	7.010666e-09	7.727482e-09	5.693660e+01	9.028779e+02
4.720000e-06	7.007753e-09	7.580886e-09	5.691294e+01	9.027743e+02
4.730000e-06	7.004443e-09	7.664944e-09	5.688606e+01	9.026616e+02
4.740000e-06	7.000800e-09	7.880611e-09	5.685647e+01	9.025404e+02
4.750000e-06	6.996956e-09	7.860670e-09	5.682525e+01	9.024108e+02
4.760000e-06	6.992966e-09	7.648905e-09	5.679286e+01	9.022732e+02
4.770000e-06	6.988774e-09	7.756606e-09	5.675881e+01	9.021277e+02
4.780000e-06	6.984298e-09	7.861930e-09	5.672246e+01	9.019745e+02
4.790000e-06	6.979470e-09	7.462720e-09	5.668324e+01	9.018137e+02
4.800000e-06	6.974213e-09	7.474087e-09	5.664055e+01	9.016452e+02
4.810000e-06	6.968415e-09	7.879527e-09	5.659346e+01	9.014690e+02
4.820000e-06	6.962023e-09	7.625648e-09	5.654155e+01	9.012849e+02
4.830000e-06	6.955130e-09	7.446267e-09	5.648557e+01	9.010928e+02
4.840000e-06	6.947833e-09	7.869324e-09	5.642631e+01	9.008924e+02
4.850000e-06	6.940244e-09	7.802838e-09	5.636468e+01	9.006835e+02
4.860000e-06	6.932459e-09	7.530040e-09	5.630145e+01	9.004655e+02
4.870000e-06	6.924470e-09	7.841153e-09	5.623657e+01	9.002382e+02
4.880000e-06	6.916244e-09	7.784467e-09	5.616976e+01	9.000011e+02
4.890000e-06	6.907772e-09	7.556738e-09	5.610096e+01	8.997536e+02
4.900000e-06	6.899001e-09	7.792160e-09	5.602973e+01	8.994953e+02
4.910000e-06	6.889901e-09	7.654189e-09	5.595582e+01	8.992256e+02
4.920000e-06	6.880515e-09	7.525763e-09	5.587959e+01	8.989438e+02
4.930000e-06	6.870870e-09	7.747095e-09	5.580126e+01	8.986495e+02
4.940000e-06	6.860978e-09	7.551660e-09	5.572092e+01	8.983419e+02
4.950000e-06	6.850805e-09	7.465315e-09	5.563830e+01	8.980204e+02
4.960000e-06	6.840299e-09	7.694002e-09	5.555298e+01	8.976843e+02
4.970000e-06	6.829464e-09	7.502044e-09	5.546499e+01	8.973332e+02
4.980000e-06	6.818307e-09	7.519851e-09	5.537438e+01	8.969662e+02
4.990000e-06	6.806841e-09	7.736510e-09	5.528126e+01	8.965829e+02
5.000000e-06	6.795078e-09	7.537366e-09	5.518573e+01	8.961825e+02
5.010000e-06	6.783014e-09	7.558450e-09	5.508775e+01	8.957646e+02
5.020000e-06	6.770595e-09	7.622511e-09	5.498689e+01	8.953287e+02
5.030000e-06	6.757777e-09	7.499979e-09	5.488280e+01	8.948741e+02
5.040000e-06	6.744468e-09	7.541486e-09	5.477471e+01	8.944005e+02
5.050000e-06	6.730564e-09	7.552560e-09	5.466178e+01	8.939075e+02
5.060000e-06	6.716132e-09	7.542638e-09	5.454458e+01	8.933946e+02
5.070000e-06	6.701224e-09	7.561229e-09	5.442351e+01	8.928616e+02
5.080000e-06	6.685908e-09	7.552910e-09	5.429912e+01	8.923082e+02
5.090000e-06	6.670304e-09	7.548101e-09	5.417239e+01	8.917342e+02
5.100000e-06	6.654468e-09	7.504979e-09	5.404378e+01	8.911395e+02
5.110000e-06	6.638412e-09	7.500464e-09	5.391339e+01	8.905240e+02
5.120000e-06	6.622113e-09	7.523174e-09	5.378101e+01	8.898876e+02
5.130000e-06	6.605535e-09	7.496392e-09	5.364637e+01	8.892304e+02
5.140000e-06	6.588639e-09	7.516208e-09	5.350916e+01	8.885525e+02
5.150000e-06	6.571401e-09	7.502344e-09	5.336916e+01	8.878541e+02
5.160000e-06	6.553842e-09	7.475789e-09	5.322656e+01	8.871354e+02
5.170000e-06	6.536014e-09	7.498305e-09	5.308177e+01	8.863965e+02
5.180000e-06	6.517940e-09	7.448455e-09	5.293498e+01	8.856380e+02
5.190000e-06	6.499601e-09	7.459053e-09	5.278604e+01	8.848601e+02
5.200000e-06	6.480949e-09	7.473680e-09	5.263457e+01	8.840633e+02
5.210000e-06	6.461987e-09	7.454469e-09	5.248057e+01	8.832481e+02
5.220000e-06	6.442762e-09	7.477944e-09	5.232443e+01	8.824149e+02
5.230000e-06	6.423325e-09	7.453798e-09	5.216658e+01	8.815643e+02
5.240000e-06	6.403693e-09	7.448044e-09	5.200714e+01	8.806968e+02
5.250000e-06	6.383893e-09	7.433678e-09	5.184634e+01	8.798132e+02
5.260000e-06	6.363933e-09	7.426333e-09	5.168423e+01	8.789139e+02
5.270000e-06	6.343797e-09	7.431544e-09	5.152069e+01	8.779996e+02
5.280000e-06	6.323432e-09	7.414022e-09	5.135530e+01	8.770710e+02
5.290000e-06	6.302747e-09	7.423648e-09	5.118732e+01	8.761287e+02
5.300000e-06	6.281703e-09	7.412148e-09	5.101641e+01	8.751733e+02
5.310000e-06	6.260213e-09	7.406598e-09	5.084189e+01	8.742054e+02
5.320000e-06	6.238229e-09	7.395534e-09	5.066334e+01	8.732257e+02
5.330000e-06	6.215776e-09	7.376294e-09	5.048100e+01	8.722347e+02
5.340000e-06	6.192885e-09	7.372807e-09	5.029509e+01	8.712330e+02
5.350000e-06	6.169655e-09	7.363241e-09	5.010643e+01	8.702211e+02
5.360000e-06	6.146143e-09	7.362919e-09	4.991547e+01	8.691996e+02
5.370000e-06	6.122404e-09	7.358027e-09	4.972268e+01	8.681687e+02
5.380000e-06	6.098484e-09	7.353099e-09	4.952842e+01	8.671291e+02
5.390000e-06	6.074351e-09	7.342075e-09	4.933242e+01	8.660809e+02
5.400000e-06	6.049985e-09	7.331974e-09	4.913454e+01	8.650245e+02
5.410000e-06	6.025366e-09	7.326377e-09	4.893459e+01	8.639601e+02
5.420000e-06	6.000444e-09	7.319123e-09	4.873220e+01	8.628879e+02
5.430000e-06	5.975214e-09	7.317149e-09	4.852729e+01	8.618080e+02
5.440000e-06	5.949701e-09	7.310533e-09	4.832009e+01	8.607205e+02
5.450000e-06	5.923903e-09	7.304109e-09	4.811057e+01	8.596254e+02
5.460000e-06	5.897848e-09	7.290030e-09	4.789898e+01	8.585225e+02
5.470000e-06	5.871532e-09	7.276186e-09	4.768525e+01	8.574118e+02
5.480000e-06	5.844924e-09	7.268764e-09	4.746916e+01	8.562931e+02
5.490000e-06	5.818012e-09	7.261728e-09	4.725060e+01	8.551660e+02
5.500000e-06	5.790838e-09	7.255936e-09	4.702990e+01	8.540303e+02
5.510000e-06	5.763460e-09	7.247548e-09	4.680756e+01	8.528855e+02
5.520000e-06	5.735883e-09	7.240883e-09	4.658359e+01	8.517314e+02
5.530000e-06	5.708136e-09	7.234393e-09	4.635824e+01	8.505673e+02
5.540000e-06	5.680236e-09	7.226187e-09	4.613166e+01	8.493927e+02
5.550000e-06	5.652168e-09	7.212802e-09	4.590370e+01	8.482071e+02
5.560000e-06	5.623902e-09	7.196993e-09	4.567414e+01	8.470099e+02
5.570000e-06	5.595395e-09	7.186556e-09	4.544263e+01	8.458004e+02
5.580000e-06	5.566602e-09	7.177196e-09	4.520879e+01	8.445779e+02
5.590000e-06	5.537468e-09	7.165739e-09	4.497218e+01	8.433419e+02
5.600000e-06	5.507947e-09	7.155397e-09	4.473243e+01	8.420915e+02
5.610000e-06	5.478041e-09	7.147543e-09	4.448955e+01	8.408261e+02
5.620000e-06	5.447759e-09	7.141720e-09	4.424362e+01	8.395450e+02
5.630000e-06	5.417114e-09	7.131502e-09	4.399474e+01	8.382475e+02
5.640000e-06	5.386142e-09	7.113627e-09	4.374320e+01	8.369328e+02
5.650000e-06	5.354885e-09	7.093910e-09	4.348936e+01	8.356002e+02
5.660000e-06	5.323387e-09	7.077333e-09	4.323354e+01	8.342493e+02
5.670000e-06	5.291693e-09	7.066959e-09	4.297614e+01	8.328792e+02
5.680000e-06	5.259820e-09	7.056806e-09	4.271729e+01	8.314894e+02
5.690000e-06	5.227747e-09	7.045003e-09	4.245681e+01	8.300794e+02
5.700000e-06	5.195488e-09	7.035380e-09	4.219482e+01	8.286486e+02
5.710000e-06	5.163014e-09	7.026533e-09	4.193109e+01	8.271965e+02
5.720000e-06	5.130279e-09	7.016762e-09	4.166523e+01	8.257229e+02
5.730000e-06	5.097311e-09	7.002742e-09	4.139749e+01	8.242272e+02
5.740000e-06	5.064124e-09	6.986001e-09	4.112796e+01	8.227092e+02
5.750000e-06	5.030693e-09	6.970012e-09	4.085645e+01	8.211687e+02
5.760000e-06	4.997036e-09	6.955468e-09	4.058311e+01	8.196055e+02
5.770000e-06	4.963123e-09	6.940683e-09	4.030769e+01	8.180195e+02
5.780000e-06	4.928957e-09	6.924630e-09	4.003021e+01	8.164106e+02
5.790000e-06	4.894580e-09	6.911699e-09	3.975102e+01	8.147789e+02
5.800000e-06	4.859946e-09	6.902116e-09	3.946974e+01	8.131244e+02
5.810000e-06	4.825060e-09	6.893219e-09	3.918642e+01	8.114472e+02
5.820000e-06	4.789971e-09	6.880469e-09	3.890145e+01	8.097477e+02
5.830000e-06	4.754700e-09	6.859901e-09	3.861500e+01	8.080260e+02
5.840000e-06	4.719258e-09	6.839581e-09	3.832716e+01	8.062824e+02
5.850000e-06	4.683644e-09	6.822682e-09	3.803792e+01	8.045174e+02
5.860000e-06	4.647876e-09	6.809180e-09	3.774744e+01	8.027313e+02
5.870000e-06	4.611979e-09	6.797419e-09	3.745590e+01	8.009247e+02
5.880000e-06	4.575955e-09	6.784480e-09	3.716333e+01	7.990979e+02
5.890000e-06	4.539776e-09	6.776210e-09	3.686951e+01	7.972515e+02
5.900000e-06	4.503422e-09	6.769146e-09	3.657426e+01	7.953861e+02
5.910000e-06	4.466868e-09	6.758461e-09	3.627740e+01	7.935022e+02
5.920000e-06	4.430070e-09	6.740155e-09	3.597855e+01	7.916004e+02
5.930000e-06	4.393034e-09	6.718323e-09	3.567776e+01	7.896812e+02
5.940000e-06	4.355754e-09	6.701920e-09	3.537500e+01	7.877452e+02
5.950000e-06	4.318174e-09	6.688441e-09	3.506980e+01	7.857930e+02
5.960000e-06	4.280274e-09	6.676522e-09	3.476200e+01	7.838250e+02
5.970000e-06	4.242067e-09	6.663251e-09	3.445171e+01	7.818418e+02
5.980000e-06	4.203595e-09	6.649952e-09	3.413926e+01	7.798438e+02
5.990000e-06	4.164885e-09	6.638029e-09	3.382488e+01	7.778315e+02
6.000000e-06	4.125934e-09	6.623856e-09	3.350854e+01	7.758051e+02
6.010000e-06	4.086760e-09	6.605983e-09	3.319039e+01	7.737651e+02
6.020000e-06	4.047392e-09	6.584782e-09	3.287067e+01	7.717116e+02
6.030000e-06	4.007843e-09	6.568623e-09	3.254947e+01	7.696447e+02
6.040000e-06	3.968125e-09	6.555386e-09	3.222691e+01	7.675646e+02
6.050000e-06	3.928263e-09	6.541353e-09	3.190317e+01	7.654713e+02
6.060000e-06	3.888273e-09	6.523159e-09	3.157839e+01	7.633646e+02
6.070000e-06	3.848163e-09	6.502050e-09	3.125264e+01	7.612443e+02
6.080000e-06	3.807927e-09	6.485242e-09	3.092587e+01	7.591103e+02
6.090000e-06	3.767523e-09	6.468526e-09	3.059773e+01	7.569620e+02
6.100000e-06	3.726934e-09	6.451276e-09	3.026809e+01	7.547989e+02
6.110000e-06	3.686184e-09	6.432145e-09	2.993715e+01	7.526206e+02
6.120000e-06	3.645284e-09	6.416648e-09	2.960498e+01	7.504262e+02
6.130000e-06	3.604204e-09	6.403872e-09	2.927135e+01	7.482150e+02
6.140000e-06	3.562945e-09	6.388404e-09	2.893627e+01	7.459860e+02
6.150000e-06	3.521536e-09	6.368971e-09	2.859997e+01	7.437383e+02
6.160000e-06	3.479958e-09	6.344910e-09	2.826229e+01	7.414706e+02
6.170000e-06	3.438217e-09	6.323302e-09	2.792330e+01	7.391818e+02
6.180000e-06	3.396312e-09	6.303129e-09	2.758297e+01	7.368707e+02
6.190000e-06	3.354226e-09	6.284260e-09	2.724117e+01	7.345357e+02
6.200000e-06	3.311999e-09	6.263027e-09	2.689823e+01	7.321754e+02
6.210000e-06	3.269658e-09	6.240889e-09	2.655435e+01	7.297882e+02
6.220000e-06	3.227199e-09	6.220832e-09	2.620953e+01	7.273726e+02
6.230000e-06	3.184613e-09	6.199621e-09	2.586367e+01	7.249269e+02
6.240000e-06	3.141885e-09	6.176607e-09	2.551666e+01	7.224493e+02
6.250000e-06	3.099024e-09	6.149759e-09	2.516857e+01	7.199380e+02
6.260000e-06	3.056049e-09	6.123054e-09	2.481955e+01	7.173913e+02
6.270000e-06	3.012960e-09	6.098066e-09	2.446960e+01	7.148073e+02
6.280000e-06	2.969781e-09	6.075826e-09	2.411893e+01	7.121842e+02
6.290000e-06	2.926527e-09	6.053788e-09	2.376765e+01	7.095201e+02
6.300000e-06	2.883187e-09	6.029796e-09	2.341566e+01	7.068132e+02
6.310000e-06	2.839744e-09	6.005210e-09	2.306284e+01	7.040616e+02
6.320000e-06	2.796201e-09	5.979894e-09	2.270921e+01	7.012637e+02
6.330000e-06	2.752558e-09	5.954808e-09	2.235477e+01	6.984175e+02
6.340000e-06	2.708823e-09	5.926413e-09	2.199958e+01	6.955215e+02
6.350000e-06	2.665021e-09	5.896436e-09	2.164384e+01	6.925739e+02
6.360000e-06	2.621129e-09	5.866131e-09	2.128737e+01	6.895731e+02
6.370000e-06	2.577150e-09	5.837837e-09	2.093020e+01	6.865178e+02
6.380000e-06	2.533091e-09	5.812859e-09	2.057238e+01	6.834063e+02
6.390000e-06	2.488954e-09	5.787424e-09	2.021392e+01	6.802375e+02
6.400000e-06	2.444721e-09	5.765045e-09	1.985468e+01	6.770100e+02
6.410000e-06	2.400385e-09	5.742879e-09	1.949462e+01	6.737227e+02
6.420000e-06	2.355944e-09	5.718221e-09	1.913369e+01	6.703747e+02
6.430000e-06	2.311379e-09	5.689692e-09	1.877176e+01	6.669650e+02
6.440000e-06	2.266698e-09	5.659435e-09	1.840889e+01	6.634928e+02
6.450000e-06	2.221927e-09	5.628091e-09	1.804528e+01	6.599574e+02
6.460000e-06	2.177075e-09	5.594777e-09	1.768102e+01	6.563584e+02
6.470000e-06	2.132123e-09	5.563605e-09	1.731595e+01	6.526953e+02
6.480000e-06	2.087066e-09	5.533261e-09	1.695003e+01	6.489679e+02
6.490000e-06	2.041927e-09	5.506674e-09	1.658343e+01	6.451758e+02
6.500000e-06	1.996702e-09	5.479761e-09	1.621614e+01	6.413192e+02
6.510000e-06	1.951374e-09	5.449622e-09	1.584801e+01	6.373979e+02
6.520000e-06	1.905941e-09	5.415831e-09	1.547903e+01	6.334124e+02
6.530000e-06	1.860383e-09	5.377854e-09	1.510904e+01	6.293627e+02
6.540000e-06	1.814726e-09	5.340902e-09	1.473824e+01	6.252492e+02
6.550000e-06	1.768999e-09	5.304243e-09	1.436687e+01	6.210725e+02
6.560000e-06	1.723205e-09	5.268998e-09	1.399496e+01	6.168331e+02
6.570000e-06	1.677358e-09	5.233418e-09	1.362262e+01	6.125315e+02
6.580000e-06	1.631446e-09	5.199466e-09	1.324974e+01	6.081685e+02
6.590000e-06	1.585460e-09	5.166847e-09	1.287627e+01	6.037447e+02
6.600000e-06	1.539419e-09	5.132709e-09	1.250235e+01	5.992610e+02
6.610000e-06	1.493319e-09	5.097375e-09	1.212796e+01	5.947180e+02
6.620000e-06	1.447157e-09	5.056970e-09	1.175306e+01	5.901166e+02
6.630000e-06	1.400950e-09	5.016638e-09	1.137779e+01	5.854575e+02
6.640000e-06	1.354709e-09	4.977615e-09	1.100224e+01	5.807416e+02
6.650000e-06	1.308415e-09	4.939786e-09	1.062627e+01	5.759694e+02
6.660000e-06	1.262063e-09	4.900564e-09	1.024982e+01	5.711418e+02
6.670000e-06	1.215673e-09	4.856900e-09	9.873075e+00	5.662592e+02
6.680000e-06	1.169242e-09	4.813744e-09	9.495989e+00	5.613223e+02
6.690000e-06	1.122771e-09	4.772093e-09	9.118580e+00	5.563315e+02
6.700000e-06	1.076238e-09	4.733301e-09	8.740666e+00	5.512871e+02
6.710000e-06	1.029627e-09	4.693628e-09	8.362118e+00	5.461893e+02
6.720000e-06	9.829712e-10	4.650310e-09	7.983202e+00	5.410383e+02
6.730000e-06	9.362750e-10	4.604901e-09	7.603962e+00	5.358340e+02
6.740000e-06	8.895532e-10	4.559421e-09	7.224513e+00	5.305761e+02
6.750000e-06	8.427958e-10	4.510847e-09	6.844775e+00	5.252643e+02
6.760000e-06	7.959795e-10	4.459103e-09	6.464560e+00	5.198981e+02
6.770000e-06	7.491246e-10	4.406719e-09	6.084032e+00	5.144766e+02
6.780000e-06	7.022318e-10	4.359179e-09	5.703196e+00	5.089991e+02
6.790000e-06	6.552863e-10	4.318875e-09	5.321931e+00	5.034643e+02
6.800000e-06	6.082991e-10	4.276721e-09	4.940329e+00	4.978709e+02
6.810000e-06	5.612700e-10	4.230241e-09	4.558386e+00	4.922175e+02
6.820000e-06	5.142053e-10	4.177146e-09	4.176154e+00	4.865022e+02
6.830000e-06	4.671202e-10	4.121095e-09	3.793756e+00	4.807232e+02
6.840000e-06	4.200185e-10	4.064283e-09	3.411222e+00	4.748783e+02
6.850000e-06	3.728983e-10	4.006869e-09	3.028540e+00	4.689652e+02
6.860000e-06	3.257444e-10	3.954123e-09	2.645584e+00	4.629813e+02
6.870000e-06	2.785807e-10	3.903917e-09	2.262547e+00	4.569239e+02
6.880000e-06	2.314254e-10	3.855651e-09	1.879579e+00	4.507900e+02
6.890000e-06	1.842589e-10	3.805324e-09	1.496521e+00	4.445767e+02
6.900000e-06	1.370949e-10	3.752276e-09	1.113483e+00	4.382806e+02
6.910000e-06	8.995502e-11	3.694548e-09	7.306408e-01	4.318983e+02
6.920000e-06	4.283846e-11	3.633686e-09	3.479870e-01	4.254264e+02
6.930000e-06	-4.283187e-12	3.574786e-09	-3.470727e-02	4.188612e+02
6.940000e-06	-5.138818e-11	3.513575e-09	-4.172665e-01	4.121989e+02
6.950000e-06	-9.844646e-11	3.454720e-09	-7.994472e-01	4.054357e+02
6.960000e-06	-1.455055e-10	3.395470e-09	-1.181633e+00	3.985676e+02
6.970000e-06	-1.925516e-10	3.335656e-09	-1.563714e+00	3.915908e+02
6.980000e-06	-2.395555e-10	3.273773e-09	-1.945454e+00	3.845013e+02
6.990000e-06	-2.865370e-10	3.208691e-09	-2.327011e+00	3.772951e+02
7.000000e-06	-3.335287e-10	3.143578e-09	-2.708650e+00	3.699682e+02
7.010000e-06	-3.805195e-10	3.079180e-09	-3.090283e+00	3.625168e+02
7.020000e-06	-4.274698e-10	3.017376e-09	-3.471586e+00	3.549371e+02
7.030000e-06	-4.743577e-10	2.953921e-09	-3.852383e+00	3.472253e+02
7.040000e-06	-5.212267e-10	2.891200e-09	-4.233026e+00	3.393777e+02
7.050000e-06	-5.680988e-10	2.825182e-09	-4.613696e+00	3.313911e+02
7.060000e-06	-6.149163e-10	2.756327e-09	-4.993922e+00	3.232620e+02
7.070000e-06	-6.617280e-10	2.686124e-09	-5.374099e+00	3.149873e+02
7.080000e-06	-7.085274e-10	2.614093e-09	-5.754177e+00	3.065643e+02
7.090000e-06	-7.553036e-10	2.544864e-09	-6.134069e+00	2.979902e+02
7.100000e-06	-8.020832e-10	2.474972e-09	-6.513986e+00	2.892628e+02
7.110000e-06	-8.488303e-10	2.404231e-09	-6.893639e+00	2.803799e+02
7.120000e-06	-8.955267e-10	2.330269e-09	-7.272881e+00	2.713398e+02
7.130000e-06	-9.421979e-10	2.254134e-09	-7.651919e+00	2.621410e+02
7.140000e-06	-9.888286e-10	2.176070e-09	-8.030629e+00	2.527825e+02
7.150000e-06	-1.035424e-09	2.095787e-09	-8.409048e+00	2.432636e+02
7.160000e-06	-1.081994e-09	2.014508e-09	-8.787265e+00	2.335840e+02
7.170000e-06	-1.128512e-09	1.931130e-09	-9.165062e+00	2.237437e+02
7.180000e-06	-1.175000e-09	1.848739e-09	-9.542608e+00	2.137432e+02
7.190000e-06	-1.221442e-09	1.764709e-09	-9.919788e+00	2.035834e+02
7.200000e-06	-1.267825e-09	1.680254e-09	-1.029649e+01	1.932657e+02
7.210000e-06	-1.314156e-09	1.594734e-09	-1.067276e+01	1.827918e+02
7.220000e-06	-1.360431e-09	1.506522e-09	-1.104858e+01	1.721640e+02
7.230000e-06	-1.406656e-09	1.415277e-09	-1.142399e+01	1.613849e+02
7.240000e-06	-1.452810e-09	1.320286e-09	-1.179883e+01	1.504576e+02
7.250000e-06	-1.498878e-09	1.224331e-09	-1.217297e+01	1.393858e+02
7.260000e-06	-1.544858e-09	1.127648e-09	-1.254640e+01	1.281733e+02
7.270000e-06	-1.590734e-09	1.030217e-09	-1.291898e+01	1.168246e+02
7.280000e-06	-1.636523e-09	9.304882e-10	-1.329084e+01	1.053446e+02
7.290000e-06	-1.682249e-09	8.300812e-10	-1.366220e+01	9.373854e+01
7.300000e-06	-1.727921e-09	7.311450e-10	-1.403312e+01	8.201214e+01
7.310000e-06	-1.773503e-09	6.332835e-10	-1.440332e+01	7.017146e+01
7.320000e-06	-1.818988e-09	5.377051e-10	-1.477272e+01	5.822296e+01
7.330000e-06	-1.864383e-09	4.398978e-10	-1.514140e+01	4.617343e+01
7.340000e-06	-1.909675e-09	3.365703e-10	-1.550922e+01	3.403003e+01
7.350000e-06	-1.954867e-09	2.277818e-10	-1.587625e+01	2.180022e+01
7.360000e-06	-1.999973e-09	1.159714e-10	-1.624258e+01	9.491744e+00
7.370000e-06	-2.045003e-09	4.344162e-12	-1.660828e+01	-2.887364e+00
7.380000e-06	-2.089964e-09	-1.081736e-10	-1.697343e+01	-1.532884e+01
7.390000e-06	-2.134849e-09	-2.178669e-10	-1.733796e+01	-2.782422e+01
7.400000e-06	-2.179628e-09	-3.244918e-10	-1.770163e+01	-4.036482e+01
7.410000e-06	-2.224308e-09	-4.304591e-10	-1.806450e+01	-5.294182e+01
7.420000e-06	-2.268910e-09	-5.386819e-10	-1.842672e+01	-6.554628e+01
7.430000e-06	-2.313435e-09	-6.475021e-10	-1.878833e+01	-7.816916e+01
7.440000e-06	-2.357881e-09	-7.566767e-10	-1.914930e+01	-9.080133e+01
7.450000e-06	-2.402238e-09	-8.692931e-10	-1.950954e+01	-1.034337e+02
7.460000e-06	-2.446528e-09	-9.823416e-10	-1.986923e+01	-1.160570e+02
7.470000e-06	-2.490760e-09	-1.095973e-09	-2.022846e+01	-1.286622e+02
7.480000e-06	-2.534898e-09	-1.208730e-09	-2.058693e+01	-1.412403e+02
7.490000e-06	-2.578953e-09	-1.318532e-09	-2.094472e+01	-1.537822e+02
7.500000e-06	-2.622933e-09	-1.424316e-09	-2.130190e+01	-1.662791e+02
7.510000e-06	-2.666837e-09	-1.526307e-09	-2.165846e+01	-1.787224e+02
7.520000e-06	-2.710668e-09	-1.627516e-09	-2.201444e+01	-1.911035e+02
7.530000e-06	-2.754376e-09	-1.730167e-09	-2.236942e+01	-2.034141e+02
7.540000e-06	-2.797979e-09	-1.836212e-09	-2.272353e+01	-2.156462e+02
7.550000e-06	-2.841518e-09	-1.944070e-09	-2.307713e+01	-2.277919e+02
7.560000e-06	-2.884957e-09	-2.053670e-09	-2.342992e+01	-2.398437e+02
7.570000e-06	-2.928258e-09	-2.160914e-09	-2.378158e+01	-2.517943e+02
7.580000e-06	-2.971430e-09	-2.263113e-09	-2.413220e+01	-2.636370e+02
7.590000e-06	-3.014488e-09	-2.363357e-09	-2.448189e+01	-2.753651e+02
7.600000e-06	-3.057413e-09	-2.460601e-09	-2.483050e+01	-2.869725e+02
7.610000e-06	-3.100193e-09	-2.556215e-09	-2.517794e+01	-2.984534e+02
7.620000e-06	-3.142826e-09	-2.649411e-09	-2.552418e+01	-3.098023e+02
7.630000e-06	-3.185330e-09	-2.743198e-09	-2.586938e+01	-3.210143e+02
7.640000e-06	-3.227708e-09	-2.838637e-09	-2.621354e+01	-3.320847e+02
7.650000e-06	-3.269939e-09	-2.935561e-09	-2.655652e+01	-3.430094e+02
7.660000e-06	-3.312028e-09	-3.033026e-09	-2.689834e+01	-3.537846e+02
7.670000e-06	-3.353949e-09	-3.126355e-09	-2.723880e+01	-3.644070e+02
7.680000e-06	-3.395697e-09	-3.217518e-09	-2.757786e+01	-3.748737e+02
7.690000e-06	-3.437299e-09	-3.305485e-09	-2.791573e+01	-3.851823e+02
7.700000e-06	-3.478737e-09	-3.389989e-09	-2.825226e+01	-3.953307e+02
7.710000e-06	-3.520008e-09	-3.471472e-09	-2.858744e+01	-4.053173e+02
7.720000e-06	-3.561115e-09	-3.550851e-09	-2.892129e+01	-4.151408e+02
7.730000e-06	-3.602071e-09	-3.630580e-09	-2.925391e+01	-4.248006e+02
7.740000e-06	-3.642897e-09	-3.710771e-09	-2.958548e+01	-4.342961e+02
7.750000e-06	-3.683572e-09	-3.791347e-09	-2.991581e+01	-4.436273e+02
7.760000e-06	-3.724094e-09	-3.871566e-09	-3.024491e+01	-4.527946e+02
7.770000e-06	-3.764470e-09	-3.952763e-09	-3.057282e+01	-4.617987e+02
7.780000e-06	-3.804709e-09	-4.032624e-09	-3.089962e+01	-4.706406e+02
7.790000e-06	-3.844842e-09	-4.108368e-09	-3.122556e+01	-4.793217e+02
7.800000e-06	-3.884865e-09	-4.179513e-09	-3.155061e+01	-4.878434e+02
7.810000e-06	-3.924767e-09	-4.244505e-09	-3.187467e+01	-4.962079e+02
7.820000e-06	-3.964556e-09	-4.307249e-09	-3.219782e+01	-5.044173e+02
7.830000e-06	-4.004233e-09	-4.371513e-09	-3.252005e+01	-5.124739e+02
7.840000e-06	-4.043765e-09	-4.438808e-09	-3.284110e+01	-5.203803e+02
7.850000e-06	-4.083122e-09	-4.508209e-09	-3.316074e+01	-5.281395e+02
7.860000e-06	-4.122286e-09	-4.580385e-09	-3.347881e+01	-5.357544e+02
7.870000e-06	-4.161212e-09	-4.652810e-09	-3.379494e+01	-5.432280e+02
7.880000e-06	-4.199858e-09	-4.722011e-09	-3.410880e+01	-5.505636e+02
7.890000e-06	-4.238204e-09	-4.787424e-09	-3.442022e+01	-5.577646e+02
7.900000e-06	-4.276247e-09	-4.846922e-09	-3.472919e+01	-5.648344e+02
7.910000e-06	-4.313995e-09	-4.903345e-09	-3.503575e+01	-5.717764e+02
7.920000e-06	-4.351431e-09	-4.958560e-09	-3.533978e+01	-5.785942e+02
7.930000e-06	-4.388585e-09	-5.015210e-09	-3.564152e+01	-5.852911e+02
7.940000e-06	-4.425457e-09	-5.073952e-09	-3.594097e+01	-5.918709e+02
7.950000e-06	-4.462047e-09	-5.132518e-09	-3.623813e+01	-5.983368e+02
7.960000e-06	-4.498415e-09	-5.189752e-09	-3.653350e+01	-6.046923e+02
7.970000e-06	-4.534618e-09	-5.243443e-09	-3.682751e+01	-6.109408e+02
7.980000e-06	-4.570655e-09	-5.295483e-09	-3.712019e+01	-6.170855e+02
7.990000e-06	-4.606526e-09	-5.345649e-09	-3.741151e+01	-6.231296e+02
8.000000e-06	-4.642245e-09	-5.394013e-09	-3.770161e+01	-6.290762e+02
8.010000e-06	-4.677798e-09	-5.442843e-09	-3.799035e+01	-6.349282e+02
8.020000e-06	-4.713186e-09	-5.493699e-09	-3.827775e+01	-6.406884e+02
8.030000e-06	-4.748405e-09	-5.545874e-09	-3.856378e+01	-6.463596e+02
8.040000e-06	-4.783434e-09	-5.598519e-09	-3.884826e+01	-6.519441e+02
8.050000e-06	-4.818230e-09	-5.652465e-09	-3.913086e+01	-6.574444e+02
8.060000e-06	-4.852779e-09	-5.705472e-09	-3.941144e+01	-6.628626e+02
8.070000e-06	-4.887089e-09	-5.755441e-09	-3.969009e+01	-6.682008e+02
8.080000e-06	-4.921197e-09	-5.801655e-09	-3.996710e+01	-6.734609e+02
8.090000e-06	-4.955099e-09	-5.845049e-09	-4.024243e+01	-6.786445e+02
8.100000e-06	-4.988784e-09	-5.886511e-09	-4.051600e+01	-6.837531e+02
8.110000e-06	-5.022254e-09	-5.927219e-09	-4.078782e+01	-6.887881e+02
8.120000e-06	-5.055486e-09	-5.968901e-09	-4.105771e+01	-6.937508e+02
8.130000e-06	-5.088465e-09	-6.013221e-09	-4.132555e+01	-6.986420e+02
8.140000e-06	-5.121200e-09	-6.059281e-09	-4.159140e+01	-7.034628e+02
8.150000e-06	-5.153718e-09	-6.103859e-09	-4.185550e+01	-7.082138e+02
8.160000e-06	-5.186057e-09	-6.146702e-09	-4.211814e+01	-7.128956e+02
8.170000e-06	-5.218214e-09	-6.189696e-09	-4.237930e+01	-7.175087e+02
8.180000e-06	-5.250190e-09	-6.229465e-09	-4.263899e+01	-7.220534e+02
8.190000e-06	-5.282007e-09	-6.268645e-09	-4.289739e+01	-7.265299e+02
8.200000e-06	-5.313644e-09	-6.306438e-09	-4.315433e+01	-7.309383e+02
8.210000e-06	-5.345041e-09	-6.343663e-09	-4.340932e+01	-7.352787e+02
8.220000e-06	-5.376177e-09	-6.381619e-09	-4.366219e+01	-7.395510e+02
8.230000e-06	-5.407040e-09	-6.417615e-09	-4.391283e+01	-7.437551e+02
8.240000e-06	-5.437561e-09	-6.452330e-09	-4.416071e+01	-7.478908e+02
8.250000e-06	-5.467690e-09	-6.483036e-09	-4.440540e+01	-7.519578e+02
8.260000e-06	-5.497383e-09	-6.516421e-09	-4.464654e+01	-7.559559e+02
8.270000e-06	-5.526672e-09	-6.553334e-09	-4.488441e+01	-7.598849e+02
8.280000e-06	-5.555611e-09	-6.591751e-09	-4.511944e+01	-7.637444e+02
8.290000e-06	-5.584236e-09	-6.629860e-09	-4.535191e+01	-7.675341e+02
8.300000e-06	-5.612589e-09	-6.664488e-09	-4.558218e+01	-7.712538e+02
8.310000e-06	-5.640704e-09	-6.696942e-09	-4.581052e+01	-7.749032e+02
8.320000e-06	-5.668622e-09	-6.722648e-09	-4.603725e+01	-7.784821e+02
8.330000e-06	-5.696378e-09	-6.743846e-09	-4.626267e+01	-7.819902e+02
8.340000e-06	-5.723956e-09	-6.766628e-09	-4.648664e+01	-7.854276e+02
8.350000e-06	-5.751312e-09	-6.793447e-09	-4.670881e+01	-7.887939e+02
8.360000e-06	-5.778448e-09	-6.827552e-09	-4.692920e+01	-7.920894e+02
8.370000e-06	-5.805327e-09	-6.864249e-09	-4.714750e+01	-7.953140e+02
8.380000e-06	-5.831910e-09	-6.900477e-09	-4.736339e+01	-7.984679e+02
8.390000e-06	-5.858235e-09	-6.932525e-09	-4.757718e+01	-8.015513e+02
8.400000e-06	-5.884321e-09	-6.958515e-09	-4.778904e+01	-8.045645e+02
8.410000e-06	-5.910141e-09	-6.977457e-09	-4.799873e+01	-8.075078e+02
8.420000e-06	-5.935692e-09	-6.991213e-09	-4.820624e+01	-8.103819e+02
8.430000e-06	-5.960966e-09	-7.007759e-09	-4.841151e+01	-8.131872e+02
8.440000e-06	-5.985957e-09	-7.027944e-09	-4.861446e+01	-8.159245e+02
8.450000e-06	-6.010676e-09	-7.055288e-09	-4.881522e+01	-8.185944e+02
8.460000e-06	-6.035127e-09	-7.086128e-09	-4.901380e+01	-8.211979e+02
8.470000e-06	-6.059357e-09	-7.117801e-09	-4.921058e+01	-8.237359e+02
8.480000e-06	-6.083416e-09	-7.148253e-09	-4.940598e+01	-8.262093e+02
8.490000e-06	-6.107302e-09	-7.171541e-09	-4.959997e+01	-8.286194e+02
8.500000e-06	-6.131008e-09	-7.188998e-09	-4.979249e+01	-8.309671e+02
8.510000e-06	-6.154522e-09	-7.203123e-09	-4.998346e+01	-8.332539e+02
8.520000e-06	-6.177795e-09	-7.217785e-09	-5.017248e+01	-8.354810e+02
8.530000e-06	-6.200742e-09	-7.232813e-09	-5.035883e+01	-8.376497e+02
8.540000e-06	-6.223294e-09	-7.250540e-09	-5.054199e+01	-8.397614e+02
8.550000e-06	-6.245388e-09	-7.271010e-09	-5.072142e+01	-8.418177e+02
8.560000e-06	-6.267012e-09	-7.293179e-09	-5.089704e+01	-8.438199e+02
8.570000e-06	-6.288196e-09	-7.317263e-09	-5.106908e+01	-8.457697e+02
8.580000e-06	-6.308943e-09	-7.340072e-09	-5.123758e+01	-8.476685e+02
8.590000e-06	-6.329340e-09	-7.359214e-09	-5.140323e+01	-8.495178e+02
8.600000e-06	-6.349488e-09	-7.372443e-09	-5.156686e+01	-8.513193e+02
8.610000e-06	-6.369441e-09	-7.381968e-09	-5.172891e+01	-8.530744e+02
8.620000e-06	-6.389234e-09	-7.390692e-09	-5.188966e+01	-8.547847e+02
8.630000e-06	-6.408824e-09	-7.401393e-09	-5.204876e+01	-8.564517e+02
8.640000e-06	-6.428164e-09	-7.416043e-09	-5.220582e+01	-8.580768e+02
8.650000e-06	-6.447222e-09	-7.434994e-09	-5.236060e+01	-8.596616e+02
8.660000e-06	-6.465996e-09	-7.455393e-09	-5.251307e+01	-8.612073e+02
8.670000e-06	-6.484507e-09	-7.474016e-09	-5.266341e+01	-8.627154e+02
8.680000e-06	-6.502732e-09	-7.489099e-09	-5.281142e+01	-8.641871e+02
8.690000e-06	-6.520679e-09	-7.499316e-09	-5.295718e+01	-8.656238e+02
8.700000e-06	-6.538378e-09	-7.505653e-09	-5.310092e+01	-8.670264e+02
8.710000e-06	-6.555792e-09	-7.509646e-09	-5.324235e+01	-8.683963e+02
8.720000e-06	-6.572882e-09	-7.515053e-09	-5.338115e+01	-8.697343e+02
8.730000e-06	-6.589653e-09	-7.522897e-09	-5.351735e+01	-8.710415e+02
8.740000e-06	-6.606156e-09	-7.532397e-09	-5.365138e+01	-8.723187e+02
8.750000e-06	-6.622413e-09	-7.544657e-09	-5.378341e+01	-8.735667e+02
8.760000e-06	-6.638444e-09	-7.557947e-09	-5.391361e+01	-8.747864e+02
8.770000e-06	-6.654312e-09	-7.571313e-09	-5.404248e+01	-8.759782e+02
8.780000e-06	-6.669987e-09	-7.584246e-09	-5.416978e+01	-8.771427e+02
8.790000e-06	-6.685376e-09	-7.594201e-09	-5.429477e+01	-8.782806e+02
8.800000e-06	-6.700364e-09	-7.600530e-09	-5.441648e+01	-8.793921e+02
8.810000e-06	-6.714849e-09	-7.605374e-09	-5.453412e+01	-8.804776e+02
8.820000e-06	-6.728797e-09	-7.610758e-09	-5.464740e+01	-8.815374e+02
8.830000e-06	-6.742244e-09	-7.617700e-09	-5.475662e+01	-8.825716e+02
8.840000e-06	-6.755236e-09	-7.627333e-09	-5.486213e+01	-8.835805e+02
8.850000e-06	-6.767802e-09	-7.637783e-09	-5.496418e+01	-8.845640e+02
8.860000e-06	-6.780034e-09	-7.647417e-09	-5.506352e+01	-8.855223e+02
8.870000e-06	-6.792024e-09	-7.655277e-09	-5.516090e+01	-8.864553e+02
8.880000e-06	-6.803775e-09	-7.660821e-09	-5.525634e+01	-8.873629e+02
8.890000e-06	-6.815228e-09	-7.665185e-09	-5.534935e+01	-8.882450e+02
8.900000e-06	-6.826345e-09	-7.669486e-09	-5.543964e+01	-8.891015e+02
8.910000e-06	-6.837128e-09	-7.673090e-09	-5.552721e+01	-8.899323e+02
8.920000e-06	-6.847587e-09	-7.675915e-09	-5.561216e+01	-8.907371e+02
8.930000e-06	-6.857745e-09	-7.679940e-09	-5.569465e+01	-8.915159e+02
8.940000e-06	-6.867621e-09	-7.684759e-09	-5.577486e+01	-8.922683e+02
8.950000e-06	-6.877211e-09	-7.689377e-09	-5.585274e+01	-8.929943e+02
8.960000e-06	-6.886499e-09	-7.693045e-09	-5.592818e+01	-8.936935e+02
8.970000e-06	-6.895435e-09	-7.698877e-09	-5.600075e+01	-8.943660e+02
8.980000e-06	-6.904029e-09	-7.708534e-09	-5.607055e+01	-8.950114e+02
8.990000e-06	-6.912326e-09	-7.718302e-09	-5.613793e+01	-8.956298e+02
9.000000e-06	-6.920389e-09	-7.725518e-09	-5.620341e+01	-8.962209e+02
9.010000e-06	-6.928300e-09	-7.729456e-09	-5.626766e+01	-8.967848e+02
9.020000e-06	-6.936042e-09	-7.731376e-09	-5.633053e+01	-8.973213e+02
9.030000e-06	-6.943534e-09	-7.733241e-09	-5.639138e+01	-8.978306e+02
9.040000e-06	-6.950691e-09	-7.736742e-09	-5.644951e+01	-8.983127e+02
9.050000e-06	-6.957435e-09	-7.741579e-09	-5.650428e+01	-8.987676e+02
9.060000e-06	-6.963701e-09	-7.747337e-09	-5.655516e+01	-8.991956e+02
9.070000e-06	-6.969472e-09	-7.754512e-09	-5.660204e+01	-8.995969e+02
9.080000e-06	-6.974735e-09	-7.760796e-09	-5.664478e+01	-8.999716e+02
9.090000e-06	-6.979549e-09	-7.765592e-09	-5.668388e+01	-9.003202e+02
9.100000e-06	-6.984000e-09	-7.767927e-09	-5.672003e+01	-9.006430e+02
9.110000e-06	-6.988161e-09	-7.767826e-09	-5.675382e+01	-9.009405e+02
9.120000e-06	-6.992121e-09	-7.767421e-09	-5.678598e+01	-9.012130e+02
9.130000e-06	-6.995916e-09	-7.766708e-09	-5.681681e+01	-9.014611e+02
9.140000e-06	-6.999529e-09	-7.767941e-09	-5.684615e+01	-9.016853e+02
9.150000e-06	-7.002903e-09	-7.771606e-09	-5.687354e+01	-9.018863e+02
9.160000e-06	-7.005960e-09	-7.775632e-09	-5.689838e+01	-9.020648e+02
9.170000e-06	-7.008651e-09	-7.780022e-09	-5.692023e+01	-9.022213e+02
9.180000e-06	-7.011020e-09	-7.783659e-09	-5.693947e+01	-9.023567e+02
9.190000e-06	-7.013133e-09	-7.785137e-09	-5.695663e+01	-9.024716e+02
9.200000e-06	-7.015007e-09	-7.783651e-09	-5.697185e+01	-9.025668e+02
9.210000e-06	-7.016650e-09	-7.779882e-09	-5.698520e+01	-9.026431e+02
9.220000e-06	-7.017895e-09	-7.776480e-09	-5.699530e+01	-9.027013e+02
9.230000e-06	-7.018702e-09	-7.773044e-09	-5.700186e+01	-9.027422e+02
9.240000e-06	-7.019222e-09	-7.770017e-09	-5.700609e+01	-9.027666e+02
