# Temperatura_=_20.0
# Concentracion g/m^3_=_18000.0
# C_Vs_to_Am_M_A/Vsm_=_116720831517.84952
# pendiente_HvsI_1/m_=_3716.3
# ordenada_HvsI_A/m_=_1297.0
# frecuencia_Hz_=_108226.37215509845
# Promedio de 23 ciclos

Tiempo_(s)	Campo_(V.s)	Magnetizacion_(V.s)	Campo_(kA/m)	Magnetizacion_(A/m)
0.000000e+00	-6.926595e-09	-7.523203e-09	-5.692431e+01	-8.818996e+02
1.000000e-08	-6.926819e-09	-7.523127e-09	-5.692615e+01	-8.812298e+02
2.000000e-08	-6.926841e-09	-7.522455e-09	-5.692633e+01	-8.804962e+02
3.000000e-08	-6.926638e-09	-7.519084e-09	-5.692467e+01	-8.797004e+02
4.000000e-08	-6.926142e-09	-7.520582e-09	-5.692059e+01	-8.788441e+02
5.000000e-08	-6.925276e-09	-7.521492e-09	-5.691348e+01	-8.779295e+02
6.000000e-08	-6.923973e-09	-7.510974e-09	-5.690277e+01	-8.769585e+02
7.000000e-08	-6.922168e-09	-7.495141e-09	-5.688794e+01	-8.759337e+02
8.000000e-08	-6.919846e-09	-7.511982e-09	-5.686886e+01	-8.748576e+02
9.000000e-08	-6.917014e-09	-7.578995e-09	-5.684559e+01	-8.737329e+02
1.000000e-07	-6.913736e-09	-7.616445e-09	-5.681865e+01	-8.725625e+02
1.100000e-07	-6.910137e-09	-7.548755e-09	-5.678907e+01	-8.713495e+02
1.200000e-07	-6.906347e-09	-7.428595e-09	-5.675793e+01	-8.700970e+02
1.300000e-07	-6.902405e-09	-7.454992e-09	-5.672553e+01	-8.688083e+02
1.400000e-07	-6.898230e-09	-7.500000e-09	-5.669122e+01	-8.674868e+02
1.500000e-07	-6.893751e-09	-7.380083e-09	-5.665441e+01	-8.661359e+02
1.600000e-07	-6.888937e-09	-7.342663e-09	-5.661485e+01	-8.647592e+02
1.700000e-07	-6.883765e-09	-7.304816e-09	-5.657235e+01	-8.633603e+02
1.800000e-07	-6.878274e-09	-7.235296e-09	-5.652722e+01	-8.619427e+02
1.900000e-07	-6.872503e-09	-7.297593e-09	-5.647979e+01	-8.605100e+02
2.000000e-07	-6.866427e-09	-7.243654e-09	-5.642987e+01	-8.590658e+02
2.100000e-07	-6.859993e-09	-7.151518e-09	-5.637699e+01	-8.576137e+02
2.200000e-07	-6.853234e-09	-7.221650e-09	-5.632145e+01	-8.561572e+02
2.300000e-07	-6.846167e-09	-7.256805e-09	-5.626337e+01	-8.546997e+02
2.400000e-07	-6.838787e-09	-7.180628e-09	-5.620272e+01	-8.532447e+02
2.500000e-07	-6.831178e-09	-7.229494e-09	-5.614018e+01	-8.517953e+02
2.600000e-07	-6.823364e-09	-7.293090e-09	-5.607597e+01	-8.503548e+02
2.700000e-07	-6.815352e-09	-7.212653e-09	-5.601013e+01	-8.489261e+02
2.800000e-07	-6.807135e-09	-7.228362e-09	-5.594260e+01	-8.475123e+02
2.900000e-07	-6.798599e-09	-7.205260e-09	-5.587245e+01	-8.461159e+02
3.000000e-07	-6.789681e-09	-7.145289e-09	-5.579916e+01	-8.447395e+02
3.100000e-07	-6.780327e-09	-7.214393e-09	-5.572229e+01	-8.433856e+02
3.200000e-07	-6.770463e-09	-7.236684e-09	-5.564123e+01	-8.420563e+02
3.300000e-07	-6.760101e-09	-7.196107e-09	-5.555607e+01	-8.407537e+02
3.400000e-07	-6.749306e-09	-7.217975e-09	-5.546736e+01	-8.394794e+02
3.500000e-07	-6.738141e-09	-7.219834e-09	-5.537561e+01	-8.382351e+02
3.600000e-07	-6.726648e-09	-7.183305e-09	-5.528116e+01	-8.370222e+02
3.700000e-07	-6.714880e-09	-7.207427e-09	-5.518444e+01	-8.358416e+02
3.800000e-07	-6.702844e-09	-7.187697e-09	-5.508552e+01	-8.346945e+02
3.900000e-07	-6.690496e-09	-7.192727e-09	-5.498405e+01	-8.335813e+02
4.000000e-07	-6.677810e-09	-7.249731e-09	-5.487979e+01	-8.325026e+02
4.100000e-07	-6.664773e-09	-7.229094e-09	-5.477265e+01	-8.314586e+02
4.200000e-07	-6.651385e-09	-7.194469e-09	-5.466264e+01	-8.304493e+02
4.300000e-07	-6.637682e-09	-7.187333e-09	-5.455002e+01	-8.294745e+02
4.400000e-07	-6.623663e-09	-7.187727e-09	-5.443481e+01	-8.285337e+02
4.500000e-07	-6.609224e-09	-7.170765e-09	-5.431615e+01	-8.276263e+02
4.600000e-07	-6.594323e-09	-7.171527e-09	-5.419369e+01	-8.267514e+02
4.700000e-07	-6.578986e-09	-7.168028e-09	-5.406765e+01	-8.259080e+02
4.800000e-07	-6.563226e-09	-7.158922e-09	-5.393813e+01	-8.250949e+02
4.900000e-07	-6.547059e-09	-7.177193e-09	-5.380527e+01	-8.243107e+02
5.000000e-07	-6.530523e-09	-7.163268e-09	-5.366937e+01	-8.235538e+02
5.100000e-07	-6.513706e-09	-7.137071e-09	-5.353117e+01	-8.228225e+02
5.200000e-07	-6.496641e-09	-7.132974e-09	-5.339092e+01	-8.221151e+02
5.300000e-07	-6.479323e-09	-7.143004e-09	-5.324860e+01	-8.214294e+02
5.400000e-07	-6.461722e-09	-7.138536e-09	-5.310396e+01	-8.207636e+02
5.500000e-07	-6.443821e-09	-7.128695e-09	-5.295685e+01	-8.201153e+02
5.600000e-07	-6.425607e-09	-7.116276e-09	-5.280716e+01	-8.194823e+02
5.700000e-07	-6.407072e-09	-7.108318e-09	-5.265484e+01	-8.188623e+02
5.800000e-07	-6.388211e-09	-7.114269e-09	-5.249983e+01	-8.182531e+02
5.900000e-07	-6.369028e-09	-7.098205e-09	-5.234218e+01	-8.176520e+02
6.000000e-07	-6.349592e-09	-7.083914e-09	-5.218245e+01	-8.170568e+02
6.100000e-07	-6.329972e-09	-7.079231e-09	-5.202122e+01	-8.164649e+02
6.200000e-07	-6.310201e-09	-7.083276e-09	-5.185873e+01	-8.158741e+02
6.300000e-07	-6.290265e-09	-7.078574e-09	-5.169489e+01	-8.152817e+02
6.400000e-07	-6.270138e-09	-7.062611e-09	-5.152948e+01	-8.146856e+02
6.500000e-07	-6.249793e-09	-7.049769e-09	-5.136228e+01	-8.140833e+02
6.600000e-07	-6.229187e-09	-7.036552e-09	-5.119294e+01	-8.134726e+02
6.700000e-07	-6.208319e-09	-7.038727e-09	-5.102145e+01	-8.128513e+02
6.800000e-07	-6.187172e-09	-7.031885e-09	-5.084765e+01	-8.122173e+02
6.900000e-07	-6.165747e-09	-7.023999e-09	-5.067158e+01	-8.115686e+02
7.000000e-07	-6.144051e-09	-7.018716e-09	-5.049328e+01	-8.109032e+02
7.100000e-07	-6.122097e-09	-7.012423e-09	-5.031286e+01	-8.102193e+02
7.200000e-07	-6.099905e-09	-7.005140e-09	-5.013048e+01	-8.095152e+02
7.300000e-07	-6.077415e-09	-6.985723e-09	-4.994565e+01	-8.087895e+02
7.400000e-07	-6.054629e-09	-6.972319e-09	-4.975839e+01	-8.080405e+02
7.500000e-07	-6.031558e-09	-6.964028e-09	-4.956879e+01	-8.072671e+02
7.600000e-07	-6.008243e-09	-6.963083e-09	-4.937719e+01	-8.064681e+02
7.700000e-07	-5.984710e-09	-6.957007e-09	-4.918378e+01	-8.056424e+02
7.800000e-07	-5.960959e-09	-6.944498e-09	-4.898860e+01	-8.047892e+02
7.900000e-07	-5.937019e-09	-6.934657e-09	-4.879185e+01	-8.039076e+02
8.000000e-07	-5.912829e-09	-6.927688e-09	-4.859305e+01	-8.029972e+02
8.100000e-07	-5.888328e-09	-6.923217e-09	-4.839170e+01	-8.020575e+02
8.200000e-07	-5.863463e-09	-6.910115e-09	-4.818735e+01	-8.010881e+02
8.300000e-07	-5.838183e-09	-6.898539e-09	-4.797960e+01	-8.000888e+02
8.400000e-07	-5.812471e-09	-6.889202e-09	-4.776830e+01	-7.990596e+02
8.500000e-07	-5.786308e-09	-6.883824e-09	-4.755329e+01	-7.980006e+02
8.600000e-07	-5.759732e-09	-6.874944e-09	-4.733488e+01	-7.969119e+02
8.700000e-07	-5.732796e-09	-6.858506e-09	-4.711351e+01	-7.957939e+02
8.800000e-07	-5.705549e-09	-6.843871e-09	-4.688959e+01	-7.946469e+02
8.900000e-07	-5.678059e-09	-6.832606e-09	-4.666368e+01	-7.934716e+02
9.000000e-07	-5.650398e-09	-6.826893e-09	-4.643635e+01	-7.922684e+02
9.100000e-07	-5.622553e-09	-6.817189e-09	-4.620752e+01	-7.910380e+02
9.200000e-07	-5.594486e-09	-6.806849e-09	-4.597686e+01	-7.897813e+02
9.300000e-07	-5.566239e-09	-6.796664e-09	-4.574472e+01	-7.884990e+02
9.400000e-07	-5.537804e-09	-6.786501e-09	-4.551103e+01	-7.871921e+02
9.500000e-07	-5.509146e-09	-6.774075e-09	-4.527551e+01	-7.858613e+02
9.600000e-07	-5.480272e-09	-6.757836e-09	-4.503823e+01	-7.845078e+02
9.700000e-07	-5.451176e-09	-6.745340e-09	-4.479911e+01	-7.831324e+02
9.800000e-07	-5.421839e-09	-6.736383e-09	-4.455801e+01	-7.817362e+02
9.900000e-07	-5.392263e-09	-6.728980e-09	-4.431495e+01	-7.803202e+02
1.000000e-06	-5.362466e-09	-6.714451e-09	-4.407007e+01	-7.788853e+02
1.010000e-06	-5.332474e-09	-6.697256e-09	-4.382359e+01	-7.774327e+02
1.020000e-06	-5.302285e-09	-6.683388e-09	-4.357549e+01	-7.759631e+02
1.030000e-06	-5.271876e-09	-6.671533e-09	-4.332559e+01	-7.744776e+02
1.040000e-06	-5.241228e-09	-6.660228e-09	-4.307372e+01	-7.729771e+02
1.050000e-06	-5.210353e-09	-6.646230e-09	-4.281997e+01	-7.714624e+02
1.060000e-06	-5.179271e-09	-6.634949e-09	-4.256454e+01	-7.699344e+02
1.070000e-06	-5.147971e-09	-6.626765e-09	-4.230731e+01	-7.683937e+02
1.080000e-06	-5.116480e-09	-6.617755e-09	-4.204850e+01	-7.668412e+02
1.090000e-06	-5.084805e-09	-6.601958e-09	-4.178820e+01	-7.652772e+02
1.100000e-06	-5.052947e-09	-6.582100e-09	-4.152638e+01	-7.637025e+02
1.110000e-06	-5.020896e-09	-6.564743e-09	-4.126298e+01	-7.621175e+02
1.120000e-06	-4.988590e-09	-6.550643e-09	-4.099748e+01	-7.605226e+02
1.130000e-06	-4.956025e-09	-6.539390e-09	-4.072986e+01	-7.589180e+02
1.140000e-06	-4.923194e-09	-6.527497e-09	-4.046005e+01	-7.573039e+02
1.150000e-06	-4.890046e-09	-6.515817e-09	-4.018763e+01	-7.556806e+02
1.160000e-06	-4.856518e-09	-6.503412e-09	-3.991210e+01	-7.540480e+02
1.170000e-06	-4.822629e-09	-6.489902e-09	-3.963359e+01	-7.524061e+02
1.180000e-06	-4.788406e-09	-6.473449e-09	-3.935234e+01	-7.507548e+02
1.190000e-06	-4.753846e-09	-6.453974e-09	-3.906832e+01	-7.490938e+02
1.200000e-06	-4.718990e-09	-6.435519e-09	-3.878187e+01	-7.474228e+02
1.210000e-06	-4.683884e-09	-6.419400e-09	-3.849336e+01	-7.457414e+02
1.220000e-06	-4.648555e-09	-6.406840e-09	-3.820302e+01	-7.440493e+02
1.230000e-06	-4.613023e-09	-6.393940e-09	-3.791101e+01	-7.423458e+02
1.240000e-06	-4.577318e-09	-6.379914e-09	-3.761758e+01	-7.406304e+02
1.250000e-06	-4.541479e-09	-6.365268e-09	-3.732304e+01	-7.389025e+02
1.260000e-06	-4.505498e-09	-6.349477e-09	-3.702735e+01	-7.371612e+02
1.270000e-06	-4.469362e-09	-6.332215e-09	-3.673037e+01	-7.354058e+02
1.280000e-06	-4.433078e-09	-6.313491e-09	-3.643218e+01	-7.336355e+02
1.290000e-06	-4.396617e-09	-6.296781e-09	-3.613254e+01	-7.318495e+02
1.300000e-06	-4.360002e-09	-6.281375e-09	-3.583163e+01	-7.300467e+02
1.310000e-06	-4.323224e-09	-6.268142e-09	-3.552938e+01	-7.282264e+02
1.320000e-06	-4.286276e-09	-6.255090e-09	-3.522573e+01	-7.263876e+02
1.330000e-06	-4.249150e-09	-6.238966e-09	-3.492062e+01	-7.245292e+02
1.340000e-06	-4.211825e-09	-6.220459e-09	-3.461388e+01	-7.226503e+02
1.350000e-06	-4.174320e-09	-6.200775e-09	-3.430565e+01	-7.207500e+02
1.360000e-06	-4.136605e-09	-6.181442e-09	-3.399570e+01	-7.188272e+02
1.370000e-06	-4.098688e-09	-6.162235e-09	-3.368409e+01	-7.168809e+02
1.380000e-06	-4.060593e-09	-6.144820e-09	-3.337102e+01	-7.149103e+02
1.390000e-06	-4.022313e-09	-6.127868e-09	-3.305643e+01	-7.129144e+02
1.400000e-06	-3.983870e-09	-6.111429e-09	-3.274049e+01	-7.108922e+02
1.410000e-06	-3.945278e-09	-6.095078e-09	-3.242334e+01	-7.088429e+02
1.420000e-06	-3.906522e-09	-6.076618e-09	-3.210483e+01	-7.067656e+02
1.430000e-06	-3.867590e-09	-6.057078e-09	-3.178488e+01	-7.046595e+02
1.440000e-06	-3.828478e-09	-6.036518e-09	-3.146345e+01	-7.025238e+02
1.450000e-06	-3.789211e-09	-6.018114e-09	-3.114075e+01	-7.003579e+02
1.460000e-06	-3.749812e-09	-6.000513e-09	-3.081696e+01	-6.981610e+02
1.470000e-06	-3.710261e-09	-5.982993e-09	-3.049192e+01	-6.959326e+02
1.480000e-06	-3.670539e-09	-5.966053e-09	-3.016547e+01	-6.936720e+02
1.490000e-06	-3.630682e-09	-5.947104e-09	-2.983792e+01	-6.913788e+02
1.500000e-06	-3.590684e-09	-5.926652e-09	-2.950920e+01	-6.890524e+02
1.510000e-06	-3.550520e-09	-5.903414e-09	-2.917913e+01	-6.866926e+02
1.520000e-06	-3.510208e-09	-5.880786e-09	-2.884783e+01	-6.842989e+02
1.530000e-06	-3.469735e-09	-5.860359e-09	-2.851522e+01	-6.818711e+02
1.540000e-06	-3.429059e-09	-5.840289e-09	-2.818094e+01	-6.794090e+02
1.550000e-06	-3.388157e-09	-5.818319e-09	-2.784480e+01	-6.769124e+02
1.560000e-06	-3.347087e-09	-5.795272e-09	-2.750728e+01	-6.743812e+02
1.570000e-06	-3.305851e-09	-5.774992e-09	-2.716839e+01	-6.718153e+02
1.580000e-06	-3.264403e-09	-5.753437e-09	-2.682776e+01	-6.692148e+02
1.590000e-06	-3.222709e-09	-5.730502e-09	-2.648512e+01	-6.665797e+02
1.600000e-06	-3.180798e-09	-5.709252e-09	-2.614069e+01	-6.639101e+02
1.610000e-06	-3.138712e-09	-5.687201e-09	-2.579482e+01	-6.612060e+02
1.620000e-06	-3.096459e-09	-5.670630e-09	-2.544758e+01	-6.584678e+02
1.630000e-06	-3.054023e-09	-5.649307e-09	-2.509883e+01	-6.556955e+02
1.640000e-06	-3.011380e-09	-5.618152e-09	-2.474838e+01	-6.528896e+02
1.650000e-06	-2.968565e-09	-5.585278e-09	-2.439652e+01	-6.500501e+02
1.660000e-06	-2.925623e-09	-5.550287e-09	-2.404362e+01	-6.471774e+02
1.670000e-06	-2.882555e-09	-5.524662e-09	-2.368967e+01	-6.442718e+02
1.680000e-06	-2.839367e-09	-5.503955e-09	-2.333474e+01	-6.413337e+02
1.690000e-06	-2.796065e-09	-5.488422e-09	-2.297888e+01	-6.383633e+02
1.700000e-06	-2.752666e-09	-5.475657e-09	-2.262222e+01	-6.353610e+02
1.710000e-06	-2.709140e-09	-5.457014e-09	-2.226451e+01	-6.323271e+02
1.720000e-06	-2.665488e-09	-5.433109e-09	-2.190577e+01	-6.292620e+02
1.730000e-06	-2.621740e-09	-5.394739e-09	-2.154624e+01	-6.261659e+02
1.740000e-06	-2.577880e-09	-5.354990e-09	-2.118578e+01	-6.230392e+02
1.750000e-06	-2.533923e-09	-5.318021e-09	-2.082453e+01	-6.198821e+02
1.760000e-06	-2.489871e-09	-5.288318e-09	-2.046251e+01	-6.166950e+02
1.770000e-06	-2.445723e-09	-5.268216e-09	-2.009968e+01	-6.134779e+02
1.780000e-06	-2.401481e-09	-5.247997e-09	-1.973610e+01	-6.102311e+02
1.790000e-06	-2.357119e-09	-5.230380e-09	-1.937152e+01	-6.069548e+02
1.800000e-06	-2.312662e-09	-5.206819e-09	-1.900616e+01	-6.036490e+02
1.810000e-06	-2.268115e-09	-5.179115e-09	-1.864006e+01	-6.003139e+02
1.820000e-06	-2.223464e-09	-5.144015e-09	-1.827312e+01	-5.969493e+02
1.830000e-06	-2.178748e-09	-5.107163e-09	-1.790563e+01	-5.935553e+02
1.840000e-06	-2.133931e-09	-5.075075e-09	-1.753731e+01	-5.901317e+02
1.850000e-06	-2.089006e-09	-5.045906e-09	-1.716811e+01	-5.866785e+02
1.860000e-06	-2.043990e-09	-5.022279e-09	-1.679816e+01	-5.831952e+02
1.870000e-06	-1.998875e-09	-4.996754e-09	-1.642740e+01	-5.796816e+02
1.880000e-06	-1.953661e-09	-4.972526e-09	-1.605582e+01	-5.761375e+02
1.890000e-06	-1.908359e-09	-4.946938e-09	-1.568351e+01	-5.725621e+02
1.900000e-06	-1.862958e-09	-4.919123e-09	-1.531040e+01	-5.689552e+02
1.910000e-06	-1.817457e-09	-4.886221e-09	-1.493646e+01	-5.653160e+02
1.920000e-06	-1.771896e-09	-4.849555e-09	-1.456203e+01	-5.616439e+02
1.930000e-06	-1.726270e-09	-4.815119e-09	-1.418706e+01	-5.579380e+02
1.940000e-06	-1.680549e-09	-4.780719e-09	-1.381133e+01	-5.541976e+02
1.950000e-06	-1.634759e-09	-4.750513e-09	-1.343501e+01	-5.504217e+02
1.960000e-06	-1.588886e-09	-4.716867e-09	-1.305802e+01	-5.466092e+02
1.970000e-06	-1.542958e-09	-4.681476e-09	-1.268057e+01	-5.427591e+02
1.980000e-06	-1.496990e-09	-4.647147e-09	-1.230279e+01	-5.388701e+02
1.990000e-06	-1.450920e-09	-4.615748e-09	-1.192418e+01	-5.349410e+02
2.000000e-06	-1.404794e-09	-4.585848e-09	-1.154510e+01	-5.309703e+02
2.010000e-06	-1.358631e-09	-4.549801e-09	-1.116572e+01	-5.269566e+02
2.020000e-06	-1.312422e-09	-4.512179e-09	-1.078597e+01	-5.228984e+02
2.030000e-06	-1.266162e-09	-4.472277e-09	-1.040579e+01	-5.187939e+02
2.040000e-06	-1.219849e-09	-4.432041e-09	-1.002519e+01	-5.146414e+02
2.050000e-06	-1.173485e-09	-4.391838e-09	-9.644157e+00	-5.104392e+02
2.060000e-06	-1.127077e-09	-4.352824e-09	-9.262762e+00	-5.061853e+02
2.070000e-06	-1.080641e-09	-4.315583e-09	-8.881145e+00	-5.018776e+02
2.080000e-06	-1.034147e-09	-4.279618e-09	-8.499045e+00	-4.975141e+02
2.090000e-06	-9.875951e-10	-4.245113e-09	-8.116473e+00	-4.930927e+02
2.100000e-06	-9.410171e-10	-4.206845e-09	-7.733685e+00	-4.886110e+02
2.110000e-06	-8.944031e-10	-4.164443e-09	-7.350601e+00	-4.840668e+02
2.120000e-06	-8.477393e-10	-4.118646e-09	-6.967107e+00	-4.794576e+02
2.130000e-06	-8.010398e-10	-4.073766e-09	-6.583320e+00	-4.747809e+02
2.140000e-06	-7.543029e-10	-4.030585e-09	-6.199226e+00	-4.700343e+02
2.150000e-06	-7.075309e-10	-3.987332e-09	-5.814844e+00	-4.652149e+02
2.160000e-06	-6.607200e-10	-3.945079e-09	-5.430142e+00	-4.603203e+02
2.170000e-06	-6.138726e-10	-3.904414e-09	-5.045140e+00	-4.553475e+02
2.180000e-06	-5.669922e-10	-3.864373e-09	-4.659867e+00	-4.502939e+02
2.190000e-06	-5.200767e-10	-3.818687e-09	-4.274305e+00	-4.451565e+02
2.200000e-06	-4.731315e-10	-3.768808e-09	-3.888498e+00	-4.399325e+02
2.210000e-06	-4.261482e-10	-3.719981e-09	-3.502378e+00	-4.346188e+02
2.220000e-06	-3.791505e-10	-3.670580e-09	-3.116141e+00	-4.292126e+02
2.230000e-06	-3.321525e-10	-3.622656e-09	-2.729901e+00	-4.237107e+02
2.240000e-06	-2.851463e-10	-3.573293e-09	-2.343592e+00	-4.181102e+02
2.250000e-06	-2.381271e-10	-3.522104e-09	-1.957177e+00	-4.124080e+02
2.260000e-06	-1.910716e-10	-3.470286e-09	-1.570465e+00	-4.066011e+02
2.270000e-06	-1.440233e-10	-3.415050e-09	-1.183811e+00	-4.006863e+02
2.280000e-06	-9.701829e-11	-3.356360e-09	-7.975126e-01	-3.946607e+02
2.290000e-06	-5.001554e-11	-3.295948e-09	-4.112333e-01	-3.885212e+02
2.300000e-06	-3.025025e-12	-3.241488e-09	-2.505456e-02	-3.822648e+02
2.310000e-06	4.396525e-11	-3.191394e-09	3.611221e-01	-3.758884e+02
2.320000e-06	9.097374e-11	-3.141543e-09	7.474484e-01	-3.693893e+02
2.330000e-06	1.379736e-10	-3.089034e-09	1.133703e+00	-3.627645e+02
2.340000e-06	1.849527e-10	-3.030368e-09	1.519789e+00	-3.560112e+02
2.350000e-06	2.319115e-10	-2.968564e-09	1.905707e+00	-3.491267e+02
2.360000e-06	2.788596e-10	-2.902761e-09	2.291537e+00	-3.421084e+02
2.370000e-06	3.257701e-10	-2.835687e-09	2.677058e+00	-3.349536e+02
2.380000e-06	3.726373e-10	-2.770977e-09	3.062223e+00	-3.276601e+02
2.390000e-06	4.194961e-10	-2.709885e-09	3.447319e+00	-3.202254e+02
2.400000e-06	4.663311e-10	-2.651456e-09	3.832219e+00	-3.126475e+02
2.410000e-06	5.131442e-10	-2.591049e-09	4.216939e+00	-3.049242e+02
2.420000e-06	5.599580e-10	-2.526053e-09	4.601666e+00	-2.970539e+02
2.430000e-06	6.067558e-10	-2.455277e-09	4.986261e+00	-2.890347e+02
2.440000e-06	6.535255e-10	-2.380804e-09	5.370625e+00	-2.808651e+02
2.450000e-06	7.002673e-10	-2.303743e-09	5.754760e+00	-2.725440e+02
2.460000e-06	7.469804e-10	-2.225994e-09	6.138659e+00	-2.640702e+02
2.470000e-06	7.936788e-10	-2.150552e-09	6.522438e+00	-2.554428e+02
2.480000e-06	8.403352e-10	-2.078888e-09	6.905871e+00	-2.466612e+02
2.490000e-06	8.869451e-10	-2.008267e-09	7.288921e+00	-2.377250e+02
2.500000e-06	9.335396e-10	-1.934220e-09	7.671845e+00	-2.286341e+02
2.510000e-06	9.801301e-10	-1.856689e-09	8.054736e+00	-2.193886e+02
2.520000e-06	1.026687e-09	-1.774591e-09	8.437351e+00	-2.099890e+02
2.530000e-06	1.073216e-09	-1.689523e-09	8.819737e+00	-2.004359e+02
2.540000e-06	1.119721e-09	-1.603675e-09	9.201921e+00	-1.907302e+02
2.550000e-06	1.166178e-09	-1.517957e-09	9.583717e+00	-1.808734e+02
2.560000e-06	1.212595e-09	-1.433711e-09	9.965182e+00	-1.708669e+02
2.570000e-06	1.258943e-09	-1.350110e-09	1.034608e+01	-1.607128e+02
2.580000e-06	1.305210e-09	-1.264932e-09	1.072631e+01	-1.504131e+02
2.590000e-06	1.351426e-09	-1.175056e-09	1.110613e+01	-1.399705e+02
2.600000e-06	1.397590e-09	-1.083096e-09	1.148552e+01	-1.293878e+02
2.610000e-06	1.443658e-09	-9.905848e-10	1.186411e+01	-1.186682e+02
2.620000e-06	1.489640e-09	-8.979926e-10	1.224200e+01	-1.078152e+02
2.630000e-06	1.535547e-09	-8.046168e-10	1.261928e+01	-9.683267e+01
2.640000e-06	1.581395e-09	-7.103079e-10	1.299607e+01	-8.572481e+01
2.650000e-06	1.627162e-09	-6.155296e-10	1.337220e+01	-7.449608e+01
2.660000e-06	1.672814e-09	-5.189599e-10	1.374737e+01	-6.315129e+01
2.670000e-06	1.718359e-09	-4.208277e-10	1.412167e+01	-5.169557e+01
2.680000e-06	1.763787e-09	-3.189200e-10	1.449500e+01	-4.013435e+01
2.690000e-06	1.809116e-09	-2.142042e-10	1.486753e+01	-2.847333e+01
2.700000e-06	1.854376e-09	-1.090643e-10	1.523949e+01	-1.671855e+01
2.710000e-06	1.899558e-09	-5.906007e-12	1.561080e+01	-4.876268e+00
2.720000e-06	1.944637e-09	9.521341e-11	1.598127e+01	7.046946e+00
2.730000e-06	1.989618e-09	1.991589e-10	1.635093e+01	1.904430e+01
2.740000e-06	2.034529e-09	3.068775e-10	1.672002e+01	3.110874e+01
2.750000e-06	2.079386e-09	4.157798e-10	1.708867e+01	4.323302e+01
2.760000e-06	2.124159e-09	5.232144e-10	1.745662e+01	5.540967e+01
2.770000e-06	2.168806e-09	6.294774e-10	1.782355e+01	6.763104e+01
2.780000e-06	2.213370e-09	7.350327e-10	1.818979e+01	7.988930e+01
2.790000e-06	2.257882e-09	8.404099e-10	1.855560e+01	9.217649e+01
2.800000e-06	2.302323e-09	9.455767e-10	1.892082e+01	1.044845e+02
2.810000e-06	2.346682e-09	1.048898e-09	1.928538e+01	1.168052e+02
2.820000e-06	2.390957e-09	1.153058e-09	1.964924e+01	1.291302e+02
2.830000e-06	2.435147e-09	1.259674e-09	2.001240e+01	1.414512e+02
2.840000e-06	2.479276e-09	1.367156e-09	2.037507e+01	1.537599e+02
2.850000e-06	2.523333e-09	1.472772e-09	2.073714e+01	1.660477e+02
2.860000e-06	2.567290e-09	1.577392e-09	2.109839e+01	1.783065e+02
2.870000e-06	2.611176e-09	1.682723e-09	2.145905e+01	1.905277e+02
2.880000e-06	2.654984e-09	1.786385e-09	2.181908e+01	2.027031e+02
2.890000e-06	2.698694e-09	1.888389e-09	2.217830e+01	2.148245e+02
2.900000e-06	2.742299e-09	1.988765e-09	2.253666e+01	2.268837e+02
2.910000e-06	2.785803e-09	2.088239e-09	2.289419e+01	2.388729e+02
2.920000e-06	2.829198e-09	2.187670e-09	2.325082e+01	2.507842e+02
2.930000e-06	2.872453e-09	2.287273e-09	2.360630e+01	2.626100e+02
2.940000e-06	2.915566e-09	2.387054e-09	2.396061e+01	2.743428e+02
2.950000e-06	2.958521e-09	2.485354e-09	2.431363e+01	2.859755e+02
2.960000e-06	3.001297e-09	2.582056e-09	2.466517e+01	2.975010e+02
2.970000e-06	3.043910e-09	2.674326e-09	2.501537e+01	3.089127e+02
2.980000e-06	3.086306e-09	2.764284e-09	2.536378e+01	3.202040e+02
2.990000e-06	3.128452e-09	2.855036e-09	2.571015e+01	3.313691e+02
3.000000e-06	3.170381e-09	2.946833e-09	2.605473e+01	3.424019e+02
3.010000e-06	3.212091e-09	3.038894e-09	2.639752e+01	3.532971e+02
3.020000e-06	3.253556e-09	3.128629e-09	2.673829e+01	3.640495e+02
3.030000e-06	3.294778e-09	3.219724e-09	2.707706e+01	3.746543e+02
3.040000e-06	3.335793e-09	3.311681e-09	2.741412e+01	3.851073e+02
3.050000e-06	3.376613e-09	3.401445e-09	2.774960e+01	3.954043e+02
3.060000e-06	3.417223e-09	3.488404e-09	2.808334e+01	4.055417e+02
3.070000e-06	3.457644e-09	3.574116e-09	2.841553e+01	4.155164e+02
3.080000e-06	3.497908e-09	3.659585e-09	2.874643e+01	4.253255e+02
3.090000e-06	3.538026e-09	3.741787e-09	2.907612e+01	4.349665e+02
3.100000e-06	3.578032e-09	3.820485e-09	2.940490e+01	4.444376e+02
3.110000e-06	3.617915e-09	3.896754e-09	2.973267e+01	4.537369e+02
3.120000e-06	3.657671e-09	3.973583e-09	3.005940e+01	4.628634e+02
3.130000e-06	3.697301e-09	4.050291e-09	3.038509e+01	4.718162e+02
3.140000e-06	3.736800e-09	4.125685e-09	3.070970e+01	4.805948e+02
3.150000e-06	3.776153e-09	4.201412e-09	3.103311e+01	4.891993e+02
3.160000e-06	3.815348e-09	4.277687e-09	3.135523e+01	4.976299e+02
3.170000e-06	3.854430e-09	4.354786e-09	3.167642e+01	5.058873e+02
3.180000e-06	3.893377e-09	4.428172e-09	3.199649e+01	5.139726e+02
3.190000e-06	3.932149e-09	4.497060e-09	3.231512e+01	5.218872e+02
3.200000e-06	3.970756e-09	4.563288e-09	3.263241e+01	5.296327e+02
3.210000e-06	4.009198e-09	4.630172e-09	3.294834e+01	5.372112e+02
3.220000e-06	4.047450e-09	4.695976e-09	3.326270e+01	5.446249e+02
3.230000e-06	4.085505e-09	4.757005e-09	3.357544e+01	5.518765e+02
3.240000e-06	4.123395e-09	4.817552e-09	3.388683e+01	5.589686e+02
3.250000e-06	4.161121e-09	4.881827e-09	3.419687e+01	5.659045e+02
3.260000e-06	4.198647e-09	4.949026e-09	3.450528e+01	5.726872e+02
3.270000e-06	4.235982e-09	5.010547e-09	3.481210e+01	5.793204e+02
3.280000e-06	4.273121e-09	5.066090e-09	3.511732e+01	5.858075e+02
3.290000e-06	4.310053e-09	5.119077e-09	3.542084e+01	5.921524e+02
3.300000e-06	4.346782e-09	5.170927e-09	3.572268e+01	5.983589e+02
3.310000e-06	4.383315e-09	5.223060e-09	3.602292e+01	6.044310e+02
3.320000e-06	4.419685e-09	5.273579e-09	3.632182e+01	6.103727e+02
3.330000e-06	4.455877e-09	5.326318e-09	3.661926e+01	6.161882e+02
3.340000e-06	4.491908e-09	5.380210e-09	3.691537e+01	6.218816e+02
3.350000e-06	4.527824e-09	5.432735e-09	3.721054e+01	6.274570e+02
3.360000e-06	4.563609e-09	5.483327e-09	3.750463e+01	6.329185e+02
3.370000e-06	4.599227e-09	5.530754e-09	3.779734e+01	6.382704e+02
3.380000e-06	4.634682e-09	5.575513e-09	3.808872e+01	6.435165e+02
3.390000e-06	4.669964e-09	5.620411e-09	3.837867e+01	6.486610e+02
3.400000e-06	4.705031e-09	5.664298e-09	3.866687e+01	6.537076e+02
3.410000e-06	4.739834e-09	5.706137e-09	3.895288e+01	6.586602e+02
3.420000e-06	4.774295e-09	5.748083e-09	3.923609e+01	6.635225e+02
3.430000e-06	4.808383e-09	5.787866e-09	3.951624e+01	6.682979e+02
3.440000e-06	4.842140e-09	5.829802e-09	3.979366e+01	6.729899e+02
3.450000e-06	4.875584e-09	5.873906e-09	4.006850e+01	6.776016e+02
3.460000e-06	4.908693e-09	5.916399e-09	4.034061e+01	6.821362e+02
3.470000e-06	4.941489e-09	5.954059e-09	4.061013e+01	6.865964e+02
3.480000e-06	4.974000e-09	5.987004e-09	4.087731e+01	6.909850e+02
3.490000e-06	5.006268e-09	6.021334e-09	4.114250e+01	6.953044e+02
3.500000e-06	5.038357e-09	6.057095e-09	4.140622e+01	6.995570e+02
3.510000e-06	5.070307e-09	6.094747e-09	4.166879e+01	7.037448e+02
3.520000e-06	5.102105e-09	6.130673e-09	4.193012e+01	7.078697e+02
3.530000e-06	5.133744e-09	6.166145e-09	4.219014e+01	7.119334e+02
3.540000e-06	5.165220e-09	6.204074e-09	4.244882e+01	7.159374e+02
3.550000e-06	5.196504e-09	6.237439e-09	4.270592e+01	7.198829e+02
3.560000e-06	5.227553e-09	6.266596e-09	4.296108e+01	7.237711e+02
3.570000e-06	5.258365e-09	6.293739e-09	4.321430e+01	7.276028e+02
3.580000e-06	5.288959e-09	6.323240e-09	4.346573e+01	7.313789e+02
3.590000e-06	5.319288e-09	6.355337e-09	4.371499e+01	7.350998e+02
3.600000e-06	5.349382e-09	6.387868e-09	4.396230e+01	7.387659e+02
3.610000e-06	5.379252e-09	6.418969e-09	4.420779e+01	7.423775e+02
3.620000e-06	5.408888e-09	6.446121e-09	4.445134e+01	7.459347e+02
3.630000e-06	5.438326e-09	6.473632e-09	4.469327e+01	7.494375e+02
3.640000e-06	5.467544e-09	6.500274e-09	4.493339e+01	7.528856e+02
3.650000e-06	5.496485e-09	6.525674e-09	4.517124e+01	7.562790e+02
3.660000e-06	5.525180e-09	6.549302e-09	4.540706e+01	7.596172e+02
3.670000e-06	5.553640e-09	6.574156e-09	4.564095e+01	7.628999e+02
3.680000e-06	5.581867e-09	6.602796e-09	4.587293e+01	7.661266e+02
3.690000e-06	5.609907e-09	6.631996e-09	4.610337e+01	7.692967e+02
3.700000e-06	5.637790e-09	6.660168e-09	4.633252e+01	7.724098e+02
3.710000e-06	5.665521e-09	6.682109e-09	4.656042e+01	7.754653e+02
3.720000e-06	5.693086e-09	6.700578e-09	4.678696e+01	7.784628e+02
3.730000e-06	5.720449e-09	6.718446e-09	4.701183e+01	7.814015e+02
3.740000e-06	5.747537e-09	6.735380e-09	4.723445e+01	7.842811e+02
3.750000e-06	5.774278e-09	6.755138e-09	4.745421e+01	7.871012e+02
3.760000e-06	5.800587e-09	6.780318e-09	4.767043e+01	7.898612e+02
3.770000e-06	5.826419e-09	6.808375e-09	4.788273e+01	7.925609e+02
3.780000e-06	5.851780e-09	6.833879e-09	4.809114e+01	7.952001e+02
3.790000e-06	5.876736e-09	6.857082e-09	4.829624e+01	7.977785e+02
3.800000e-06	5.901348e-09	6.875947e-09	4.849851e+01	8.002962e+02
3.810000e-06	5.925648e-09	6.891328e-09	4.869821e+01	8.027531e+02
3.820000e-06	5.949705e-09	6.905641e-09	4.889592e+01	8.051494e+02
3.830000e-06	5.973575e-09	6.920745e-09	4.909209e+01	8.074855e+02
3.840000e-06	5.997251e-09	6.939522e-09	4.928667e+01	8.097618e+02
3.850000e-06	6.020685e-09	6.961059e-09	4.947925e+01	8.119787e+02
3.860000e-06	6.043857e-09	6.985380e-09	4.966968e+01	8.141369e+02
3.870000e-06	6.066776e-09	7.008596e-09	4.985804e+01	8.162373e+02
3.880000e-06	6.089419e-09	7.029024e-09	5.004413e+01	8.182808e+02
3.890000e-06	6.111775e-09	7.045486e-09	5.022785e+01	8.202685e+02
3.900000e-06	6.133869e-09	7.056299e-09	5.040943e+01	8.222015e+02
3.910000e-06	6.155723e-09	7.066156e-09	5.058903e+01	8.240812e+02
3.920000e-06	6.177336e-09	7.078929e-09	5.076665e+01	8.259090e+02
3.930000e-06	6.198684e-09	7.095779e-09	5.094210e+01	8.276866e+02
3.940000e-06	6.219735e-09	7.115227e-09	5.111510e+01	8.294154e+02
3.950000e-06	6.240487e-09	7.134426e-09	5.128565e+01	8.310974e+02
3.960000e-06	6.260962e-09	7.150507e-09	5.145392e+01	8.327343e+02
3.970000e-06	6.281179e-09	7.163014e-09	5.162006e+01	8.343280e+02
3.980000e-06	6.301192e-09	7.174797e-09	5.178453e+01	8.358806e+02
3.990000e-06	6.321037e-09	7.187843e-09	5.194763e+01	8.373941e+02
4.000000e-06	6.340730e-09	7.202298e-09	5.210947e+01	8.388706e+02
4.010000e-06	6.360251e-09	7.218502e-09	5.226990e+01	8.403120e+02
4.020000e-06	6.379515e-09	7.234759e-09	5.242822e+01	8.417207e+02
4.030000e-06	6.398483e-09	7.247446e-09	5.258410e+01	8.430987e+02
4.040000e-06	6.417103e-09	7.257031e-09	5.273713e+01	8.444481e+02
4.050000e-06	6.435307e-09	7.264394e-09	5.288673e+01	8.457709e+02
4.060000e-06	6.453143e-09	7.270811e-09	5.303331e+01	8.470692e+02
4.070000e-06	6.470642e-09	7.279750e-09	5.317712e+01	8.483450e+02
4.080000e-06	6.487860e-09	7.292685e-09	5.331863e+01	8.496001e+02
4.090000e-06	6.504834e-09	7.307153e-09	5.345812e+01	8.508364e+02
4.100000e-06	6.521594e-09	7.319638e-09	5.359586e+01	8.520556e+02
4.110000e-06	6.538120e-09	7.329318e-09	5.373168e+01	8.532593e+02
4.120000e-06	6.554343e-09	7.336017e-09	5.386501e+01	8.544488e+02
4.130000e-06	6.570234e-09	7.342051e-09	5.399560e+01	8.556257e+02
4.140000e-06	6.585751e-09	7.349671e-09	5.412313e+01	8.567910e+02
4.150000e-06	6.600845e-09	7.361760e-09	5.424717e+01	8.579458e+02
4.160000e-06	6.615509e-09	7.377131e-09	5.436769e+01	8.590910e+02
4.170000e-06	6.629836e-09	7.390009e-09	5.448543e+01	8.602272e+02
4.180000e-06	6.643870e-09	7.400680e-09	5.460076e+01	8.613550e+02
4.190000e-06	6.657646e-09	7.406363e-09	5.471398e+01	8.624746e+02
4.200000e-06	6.671153e-09	7.411202e-09	5.482499e+01	8.635863e+02
4.210000e-06	6.684359e-09	7.416128e-09	5.493352e+01	8.646900e+02
4.220000e-06	6.697240e-09	7.420845e-09	5.503938e+01	8.657854e+02
4.230000e-06	6.709792e-09	7.429380e-09	5.514253e+01	8.668721e+02
4.240000e-06	6.722048e-09	7.438045e-09	5.524325e+01	8.679495e+02
4.250000e-06	6.734025e-09	7.446749e-09	5.534169e+01	8.690168e+02
4.260000e-06	6.745753e-09	7.453694e-09	5.543807e+01	8.700729e+02
4.270000e-06	6.757188e-09	7.458282e-09	5.553205e+01	8.711166e+02
4.280000e-06	6.768257e-09	7.464059e-09	5.562302e+01	8.721467e+02
4.290000e-06	6.778868e-09	7.472526e-09	5.571022e+01	8.731616e+02
4.300000e-06	6.788944e-09	7.485701e-09	5.579303e+01	8.741596e+02
4.310000e-06	6.798484e-09	7.498238e-09	5.587143e+01	8.751390e+02
4.320000e-06	6.807513e-09	7.505598e-09	5.594564e+01	8.760977e+02
4.330000e-06	6.816123e-09	7.509014e-09	5.601640e+01	8.770337e+02
4.340000e-06	6.824423e-09	7.509050e-09	5.608461e+01	8.779447e+02
4.350000e-06	6.832471e-09	7.509481e-09	5.615075e+01	8.788286e+02
4.360000e-06	6.840295e-09	7.511501e-09	5.621505e+01	8.796830e+02
4.370000e-06	6.847908e-09	7.517862e-09	5.627762e+01	8.805054e+02
4.380000e-06	6.855274e-09	7.529603e-09	5.633815e+01	8.812934e+02
4.390000e-06	6.862361e-09	7.543200e-09	5.639640e+01	8.820445e+02
4.400000e-06	6.869153e-09	7.553317e-09	5.645222e+01	8.827562e+02
4.410000e-06	6.875610e-09	7.556424e-09	5.650529e+01	8.834260e+02
4.420000e-06	6.881711e-09	7.555079e-09	5.655543e+01	8.840513e+02
4.430000e-06	6.887508e-09	7.552747e-09	5.660307e+01	8.846299e+02
4.440000e-06	6.893048e-09	7.554123e-09	5.664860e+01	8.851591e+02
4.450000e-06	6.898298e-09	7.560728e-09	5.669175e+01	8.856369e+02
4.460000e-06	6.903187e-09	7.569046e-09	5.673193e+01	8.860609e+02
4.470000e-06	6.907744e-09	7.578276e-09	5.676938e+01	8.864290e+02
4.480000e-06	6.912043e-09	7.586161e-09	5.680471e+01	8.867392e+02
4.490000e-06	6.916108e-09	7.589882e-09	5.683812e+01	8.869897e+02
4.500000e-06	6.919997e-09	7.588296e-09	5.687008e+01	8.871788e+02
4.510000e-06	6.923735e-09	7.585061e-09	5.690080e+01	8.873050e+02
4.520000e-06	6.927261e-09	7.583251e-09	5.692978e+01	8.873668e+02
4.530000e-06	6.930489e-09	7.584311e-09	5.695631e+01	8.873632e+02
4.540000e-06	6.933358e-09	7.590159e-09	5.697989e+01	8.872931e+02
4.550000e-06	6.935796e-09	7.597525e-09	5.699993e+01	8.871559e+02
4.560000e-06	6.937726e-09	7.604513e-09	5.701579e+01	8.869509e+02
4.570000e-06	6.939134e-09	7.608231e-09	5.702737e+01	8.866779e+02
4.580000e-06	6.940072e-09	7.608563e-09	5.703508e+01	8.863368e+02
4.590000e-06	6.940599e-09	7.607664e-09	5.703941e+01	8.859277e+02
4.600000e-06	6.940815e-09	7.609006e-09	5.704118e+01	8.854511e+02
4.610000e-06	6.940798e-09	7.612678e-09	5.704105e+01	8.849075e+02
4.620000e-06	6.940587e-09	7.614739e-09	5.703931e+01	8.842979e+02
4.630000e-06	6.940182e-09	7.614648e-09	5.703598e+01	8.836233e+02
4.640000e-06	6.939530e-09	7.612280e-09	5.703062e+01	8.828850e+02
4.650000e-06	6.938575e-09	7.610746e-09	5.702278e+01	8.820846e+02
4.660000e-06	6.937292e-09	7.609366e-09	5.701223e+01	8.812239e+02
4.670000e-06	6.935681e-09	7.619055e-09	5.699900e+01	8.803049e+02
4.680000e-06	6.933778e-09	7.650744e-09	5.698336e+01	8.793297e+02
4.690000e-06	6.931636e-09	7.659222e-09	5.696575e+01	8.783009e+02
4.700000e-06	6.929252e-09	7.580813e-09	5.694617e+01	8.772208e+02
4.710000e-06	6.926571e-09	7.504559e-09	5.692413e+01	8.760924e+02
4.720000e-06	6.923530e-09	7.531783e-09	5.689914e+01	8.749184e+02
4.730000e-06	6.920103e-09	7.671332e-09	5.687098e+01	8.737020e+02
4.740000e-06	6.916355e-09	7.685164e-09	5.684018e+01	8.724462e+02
4.750000e-06	6.912366e-09	7.581800e-09	5.680740e+01	8.711545e+02
4.760000e-06	6.908194e-09	7.640116e-09	5.677312e+01	8.698301e+02
4.770000e-06	6.903867e-09	7.644359e-09	5.673755e+01	8.684766e+02
4.780000e-06	6.899307e-09	7.630166e-09	5.670008e+01	8.670975e+02
4.790000e-06	6.894420e-09	7.651601e-09	5.665991e+01	8.656962e+02
4.800000e-06	6.889129e-09	7.510360e-09	5.661644e+01	8.642765e+02
4.810000e-06	6.883322e-09	7.400177e-09	5.656871e+01	8.628420e+02
4.820000e-06	6.876904e-09	7.412669e-09	5.651597e+01	8.613961e+02
4.830000e-06	6.869955e-09	7.366591e-09	5.645887e+01	8.599425e+02
4.840000e-06	6.862595e-09	7.276570e-09	5.639838e+01	8.584846e+02
4.850000e-06	6.854899e-09	7.311804e-09	5.633513e+01	8.570260e+02
4.860000e-06	6.846964e-09	7.253310e-09	5.626992e+01	8.555700e+02
4.870000e-06	6.838853e-09	7.111971e-09	5.620326e+01	8.541198e+02
4.880000e-06	6.830551e-09	7.239035e-09	5.613503e+01	8.526787e+02
4.890000e-06	6.822026e-09	7.263503e-09	5.606498e+01	8.512495e+02
4.900000e-06	6.813240e-09	7.178084e-09	5.599277e+01	8.498353e+02
4.910000e-06	6.804142e-09	7.245756e-09	5.591800e+01	8.484387e+02
4.920000e-06	6.794754e-09	7.149340e-09	5.584086e+01	8.470622e+02
4.930000e-06	6.785099e-09	7.041726e-09	5.576151e+01	8.457083e+02
4.940000e-06	6.775166e-09	7.114850e-09	5.567988e+01	8.443791e+02
4.950000e-06	6.764955e-09	7.066648e-09	5.559597e+01	8.430767e+02
4.960000e-06	6.754446e-09	7.021334e-09	5.550960e+01	8.418027e+02
4.970000e-06	6.743620e-09	7.118822e-09	5.542063e+01	8.405587e+02
4.980000e-06	6.732492e-09	7.063587e-09	5.532918e+01	8.393461e+02
4.990000e-06	6.721053e-09	7.059471e-09	5.523518e+01	8.381660e+02
5.000000e-06	6.709297e-09	7.098248e-09	5.513856e+01	8.370193e+02
5.010000e-06	6.697248e-09	7.003878e-09	5.503954e+01	8.359066e+02
5.020000e-06	6.684901e-09	7.040057e-09	5.493807e+01	8.348284e+02
5.030000e-06	6.672166e-09	7.060314e-09	5.483341e+01	8.337849e+02
5.040000e-06	6.658977e-09	7.028807e-09	5.472503e+01	8.327760e+02
5.050000e-06	6.645303e-09	7.057396e-09	5.461266e+01	8.318016e+02
5.060000e-06	6.631097e-09	7.039251e-09	5.449591e+01	8.308611e+02
5.070000e-06	6.616362e-09	7.040626e-09	5.437482e+01	8.299540e+02
5.080000e-06	6.601150e-09	7.047902e-09	5.424981e+01	8.290793e+02
5.090000e-06	6.585569e-09	7.024399e-09	5.412176e+01	8.282361e+02
5.100000e-06	6.569697e-09	7.025689e-09	5.399132e+01	8.274230e+02
5.110000e-06	6.553575e-09	7.025553e-09	5.385883e+01	8.266388e+02
5.120000e-06	6.537228e-09	7.040154e-09	5.372448e+01	8.258818e+02
5.130000e-06	6.520656e-09	7.041360e-09	5.358829e+01	8.251503e+02
5.140000e-06	6.503815e-09	6.996938e-09	5.344989e+01	8.244424e+02
5.150000e-06	6.486655e-09	6.999730e-09	5.330886e+01	8.237563e+02
5.160000e-06	6.469181e-09	6.991760e-09	5.316526e+01	8.230898e+02
5.170000e-06	6.451410e-09	6.982018e-09	5.301922e+01	8.224408e+02
5.180000e-06	6.433376e-09	6.999659e-09	5.287101e+01	8.218070e+02
5.190000e-06	6.415106e-09	6.978787e-09	5.272086e+01	8.211861e+02
5.200000e-06	6.396554e-09	6.994035e-09	5.256840e+01	8.205756e+02
5.210000e-06	6.377717e-09	6.992752e-09	5.241359e+01	8.199733e+02
5.220000e-06	6.358617e-09	6.973118e-09	5.225663e+01	8.193767e+02
5.230000e-06	6.339249e-09	6.964507e-09	5.209746e+01	8.187834e+02
5.240000e-06	6.319658e-09	6.938748e-09	5.193645e+01	8.181908e+02
5.250000e-06	6.299877e-09	6.947474e-09	5.177389e+01	8.175967e+02
5.260000e-06	6.279888e-09	6.946664e-09	5.160962e+01	8.169987e+02
5.270000e-06	6.259714e-09	6.944763e-09	5.144383e+01	8.163943e+02
5.280000e-06	6.239423e-09	6.938417e-09	5.127707e+01	8.157815e+02
5.290000e-06	6.218940e-09	6.922783e-09	5.110873e+01	8.151579e+02
5.300000e-06	6.198140e-09	6.924400e-09	5.093780e+01	8.145215e+02
5.310000e-06	6.176987e-09	6.909295e-09	5.076396e+01	8.138703e+02
5.320000e-06	6.155431e-09	6.901864e-09	5.058682e+01	8.132023e+02
5.330000e-06	6.133392e-09	6.895799e-09	5.040570e+01	8.125158e+02
5.340000e-06	6.110858e-09	6.892663e-09	5.022051e+01	8.118091e+02
5.350000e-06	6.087895e-09	6.894779e-09	5.003180e+01	8.110805e+02
5.360000e-06	6.064580e-09	6.882385e-09	4.984020e+01	8.103287e+02
5.370000e-06	6.040976e-09	6.869524e-09	4.964621e+01	8.095524e+02
5.380000e-06	6.017103e-09	6.855263e-09	4.945002e+01	8.087504e+02
5.390000e-06	5.993015e-09	6.849853e-09	4.925205e+01	8.079217e+02
5.400000e-06	5.968714e-09	6.845005e-09	4.905235e+01	8.070654e+02
5.410000e-06	5.944177e-09	6.835375e-09	4.885070e+01	8.061809e+02
5.420000e-06	5.919402e-09	6.826250e-09	4.864709e+01	8.052674e+02
5.430000e-06	5.894361e-09	6.816875e-09	4.844129e+01	8.043245e+02
5.440000e-06	5.869054e-09	6.812441e-09	4.823332e+01	8.033520e+02
5.450000e-06	5.843469e-09	6.802367e-09	4.802306e+01	8.023497e+02
5.460000e-06	5.817578e-09	6.788979e-09	4.781028e+01	8.013175e+02
5.470000e-06	5.791406e-09	6.776040e-09	4.759519e+01	8.002554e+02
5.480000e-06	5.764987e-09	6.768748e-09	4.737808e+01	7.991637e+02
5.490000e-06	5.738298e-09	6.766424e-09	4.715874e+01	7.980427e+02
5.500000e-06	5.711307e-09	6.756107e-09	4.693693e+01	7.968928e+02
5.510000e-06	5.684060e-09	6.744011e-09	4.671300e+01	7.957146e+02
5.520000e-06	5.656620e-09	6.733195e-09	4.648750e+01	7.945085e+02
5.530000e-06	5.628964e-09	6.726093e-09	4.626021e+01	7.932754e+02
5.540000e-06	5.601096e-09	6.717671e-09	4.603119e+01	7.920160e+02
5.550000e-06	5.573062e-09	6.705266e-09	4.580080e+01	7.907310e+02
5.560000e-06	5.544860e-09	6.697800e-09	4.556903e+01	7.894214e+02
5.570000e-06	5.516472e-09	6.690729e-09	4.533573e+01	7.880881e+02
5.580000e-06	5.487911e-09	6.684187e-09	4.510101e+01	7.867321e+02
5.590000e-06	5.459153e-09	6.671475e-09	4.486467e+01	7.853542e+02
5.600000e-06	5.430102e-09	6.655965e-09	4.462593e+01	7.839557e+02
5.610000e-06	5.400751e-09	6.645507e-09	4.438471e+01	7.825373e+02
5.620000e-06	5.371062e-09	6.636031e-09	4.414073e+01	7.811002e+02
5.630000e-06	5.340984e-09	6.627543e-09	4.389354e+01	7.796453e+02
5.640000e-06	5.310556e-09	6.614137e-09	4.364348e+01	7.781736e+02
5.650000e-06	5.279784e-09	6.602469e-09	4.339060e+01	7.766860e+02
5.660000e-06	5.248685e-09	6.593528e-09	4.313502e+01	7.751834e+02
5.670000e-06	5.217301e-09	6.584018e-09	4.287710e+01	7.736667e+02
5.680000e-06	5.185658e-09	6.573147e-09	4.261705e+01	7.721367e+02
5.690000e-06	5.153796e-09	6.558819e-09	4.235520e+01	7.705941e+02
5.700000e-06	5.121750e-09	6.550309e-09	4.209184e+01	7.690396e+02
5.710000e-06	5.089486e-09	6.543088e-09	4.182669e+01	7.674739e+02
5.720000e-06	5.057021e-09	6.533866e-09	4.155989e+01	7.658973e+02
5.730000e-06	5.024353e-09	6.521925e-09	4.129141e+01	7.643105e+02
5.740000e-06	4.991460e-09	6.508629e-09	4.102109e+01	7.627137e+02
5.750000e-06	4.958350e-09	6.497719e-09	4.074898e+01	7.611073e+02
5.760000e-06	4.925013e-09	6.484960e-09	4.047501e+01	7.594915e+02
5.770000e-06	4.891446e-09	6.471421e-09	4.019915e+01	7.578663e+02
5.780000e-06	4.857645e-09	6.457426e-09	3.992137e+01	7.562319e+02
5.790000e-06	4.823645e-09	6.445442e-09	3.964195e+01	7.545882e+02
5.800000e-06	4.789410e-09	6.435143e-09	3.936060e+01	7.529350e+02
5.810000e-06	4.754935e-09	6.423512e-09	3.907727e+01	7.512721e+02
5.820000e-06	4.720275e-09	6.408483e-09	3.879244e+01	7.495992e+02
5.830000e-06	4.685378e-09	6.390331e-09	3.850565e+01	7.479160e+02
5.840000e-06	4.650249e-09	6.374171e-09	3.821695e+01	7.462219e+02
5.850000e-06	4.614942e-09	6.362067e-09	3.792679e+01	7.445164e+02
5.860000e-06	4.579470e-09	6.352176e-09	3.763527e+01	7.427990e+02
5.870000e-06	4.543830e-09	6.339511e-09	3.734238e+01	7.410690e+02
5.880000e-06	4.508025e-09	6.325663e-09	3.704812e+01	7.393256e+02
5.890000e-06	4.472094e-09	6.312419e-09	3.675283e+01	7.375680e+02
5.900000e-06	4.436037e-09	6.296357e-09	3.645650e+01	7.357955e+02
5.910000e-06	4.399816e-09	6.275817e-09	3.615884e+01	7.340072e+02
5.920000e-06	4.363444e-09	6.252677e-09	3.585992e+01	7.322021e+02
5.930000e-06	4.326909e-09	6.233364e-09	3.555967e+01	7.303794e+02
5.940000e-06	4.290163e-09	6.218565e-09	3.525768e+01	7.285382e+02
5.950000e-06	4.253222e-09	6.205713e-09	3.495409e+01	7.266773e+02
5.960000e-06	4.216054e-09	6.192601e-09	3.464864e+01	7.247959e+02
5.970000e-06	4.178646e-09	6.178499e-09	3.434122e+01	7.228929e+02
5.980000e-06	4.141009e-09	6.163483e-09	3.403191e+01	7.209675e+02
5.990000e-06	4.103111e-09	6.144643e-09	3.372046e+01	7.190186e+02
6.000000e-06	4.064920e-09	6.121950e-09	3.340660e+01	7.170452e+02
6.010000e-06	4.026438e-09	6.098729e-09	3.309034e+01	7.150465e+02
6.020000e-06	3.987687e-09	6.077253e-09	3.277188e+01	7.130214e+02
6.030000e-06	3.948703e-09	6.057947e-09	3.245151e+01	7.109692e+02
6.040000e-06	3.909509e-09	6.039276e-09	3.212940e+01	7.088890e+02
6.050000e-06	3.870082e-09	6.018923e-09	3.180538e+01	7.067800e+02
6.060000e-06	3.830439e-09	5.997670e-09	3.147958e+01	7.046413e+02
6.070000e-06	3.790623e-09	5.976024e-09	3.115237e+01	7.024724e+02
6.080000e-06	3.750641e-09	5.953657e-09	3.082379e+01	7.002724e+02
6.090000e-06	3.710494e-09	5.931308e-09	3.049385e+01	6.980409e+02
6.100000e-06	3.670212e-09	5.908315e-09	3.016281e+01	6.957772e+02
6.110000e-06	3.629779e-09	5.885991e-09	2.983051e+01	6.934808e+02
6.120000e-06	3.589203e-09	5.863746e-09	2.949705e+01	6.911514e+02
6.130000e-06	3.548498e-09	5.842920e-09	2.916253e+01	6.887884e+02
6.140000e-06	3.507651e-09	5.822787e-09	2.882684e+01	6.863916e+02
6.150000e-06	3.466656e-09	5.800690e-09	2.848994e+01	6.839606e+02
6.160000e-06	3.425513e-09	5.778279e-09	2.815182e+01	6.814954e+02
6.170000e-06	3.384237e-09	5.756014e-09	2.781260e+01	6.789956e+02
6.180000e-06	3.342798e-09	5.734343e-09	2.747204e+01	6.764612e+02
6.190000e-06	3.301212e-09	5.712092e-09	2.713028e+01	6.738922e+02
6.200000e-06	3.259509e-09	5.690310e-09	2.678756e+01	6.712886e+02
6.210000e-06	3.217652e-09	5.670063e-09	2.644357e+01	6.686504e+02
6.220000e-06	3.175632e-09	5.648689e-09	2.609824e+01	6.659776e+02
6.230000e-06	3.133474e-09	5.625666e-09	2.575178e+01	6.632705e+02
6.240000e-06	3.091171e-09	5.600154e-09	2.540412e+01	6.605292e+02
6.250000e-06	3.048735e-09	5.573590e-09	2.505537e+01	6.577539e+02
6.260000e-06	3.006189e-09	5.547811e-09	2.470572e+01	6.549449e+02
6.270000e-06	2.963509e-09	5.524522e-09	2.435497e+01	6.521024e+02
6.280000e-06	2.920717e-09	5.502548e-09	2.400329e+01	6.492268e+02
6.290000e-06	2.877829e-09	5.480772e-09	2.365083e+01	6.463182e+02
6.300000e-06	2.834816e-09	5.457864e-09	2.329734e+01	6.433772e+02
6.310000e-06	2.791716e-09	5.431191e-09	2.294313e+01	6.404039e+02
6.320000e-06	2.748536e-09	5.405443e-09	2.258828e+01	6.373987e+02
6.330000e-06	2.705252e-09	5.380961e-09	2.223256e+01	6.343619e+02
6.340000e-06	2.661869e-09	5.357391e-09	2.187603e+01	6.312940e+02
6.350000e-06	2.618369e-09	5.330883e-09	2.151853e+01	6.281951e+02
6.360000e-06	2.574780e-09	5.302307e-09	2.116031e+01	6.250656e+02
6.370000e-06	2.531105e-09	5.275431e-09	2.080138e+01	6.219057e+02
6.380000e-06	2.487336e-09	5.247748e-09	2.044168e+01	6.187158e+02
6.390000e-06	2.443484e-09	5.222877e-09	2.008129e+01	6.154960e+02
6.400000e-06	2.399525e-09	5.198642e-09	1.972002e+01	6.122465e+02
6.410000e-06	2.355469e-09	5.172654e-09	1.935796e+01	6.089674e+02
6.420000e-06	2.311309e-09	5.145309e-09	1.899504e+01	6.056589e+02
6.430000e-06	2.267031e-09	5.115383e-09	1.863116e+01	6.023210e+02
6.440000e-06	2.222683e-09	5.087801e-09	1.826669e+01	5.989537e+02
6.450000e-06	2.178257e-09	5.058569e-09	1.790159e+01	5.955569e+02
6.460000e-06	2.133741e-09	5.033741e-09	1.753574e+01	5.921306e+02
6.470000e-06	2.089110e-09	5.012955e-09	1.716895e+01	5.886745e+02
6.480000e-06	2.044372e-09	4.989309e-09	1.680129e+01	5.851884e+02
6.490000e-06	1.999577e-09	4.964084e-09	1.643315e+01	5.816721e+02
6.500000e-06	1.954708e-09	4.930369e-09	1.606441e+01	5.781250e+02
6.510000e-06	1.909778e-09	4.890826e-09	1.569517e+01	5.745469e+02
6.520000e-06	1.864762e-09	4.847435e-09	1.532521e+01	5.709370e+02
6.530000e-06	1.819628e-09	4.810210e-09	1.495430e+01	5.672949e+02
6.540000e-06	1.774421e-09	4.783151e-09	1.458277e+01	5.636198e+02
6.550000e-06	1.729156e-09	4.760544e-09	1.421078e+01	5.599109e+02
6.560000e-06	1.683822e-09	4.740958e-09	1.383822e+01	5.561674e+02
6.570000e-06	1.638450e-09	4.715376e-09	1.346534e+01	5.523883e+02
6.580000e-06	1.593003e-09	4.682531e-09	1.309185e+01	5.485727e+02
6.590000e-06	1.547472e-09	4.641748e-09	1.271767e+01	5.447193e+02
6.600000e-06	1.501895e-09	4.597024e-09	1.234310e+01	5.408270e+02
6.610000e-06	1.456269e-09	4.557197e-09	1.196814e+01	5.368945e+02
6.620000e-06	1.410554e-09	4.522651e-09	1.159245e+01	5.329204e+02
6.630000e-06	1.364759e-09	4.492304e-09	1.121609e+01	5.289032e+02
6.640000e-06	1.318938e-09	4.462043e-09	1.083952e+01	5.248413e+02
6.650000e-06	1.273056e-09	4.432299e-09	1.046245e+01	5.207332e+02
6.660000e-06	1.227138e-09	4.398326e-09	1.008509e+01	5.165769e+02
6.670000e-06	1.181201e-09	4.360266e-09	9.707567e+00	5.123708e+02
6.680000e-06	1.135188e-09	4.321158e-09	9.329431e+00	5.081129e+02
6.690000e-06	1.089099e-09	4.280409e-09	8.950659e+00	5.038012e+02
6.700000e-06	1.042966e-09	4.240361e-09	8.571524e+00	4.994336e+02
6.710000e-06	9.967769e-10	4.200739e-09	8.191934e+00	4.950079e+02
6.720000e-06	9.505242e-10	4.164530e-09	7.811819e+00	4.905219e+02
6.730000e-06	9.042429e-10	4.127942e-09	7.431469e+00	4.859732e+02
6.740000e-06	8.579047e-10	4.089884e-09	7.050651e+00	4.813594e+02
6.750000e-06	8.114912e-10	4.051768e-09	6.669214e+00	4.766781e+02
6.760000e-06	7.650550e-10	4.012378e-09	6.287591e+00	4.719266e+02
6.770000e-06	7.185963e-10	3.971889e-09	5.905782e+00	4.671024e+02
6.780000e-06	6.720993e-10	3.929056e-09	5.523659e+00	4.622027e+02
6.790000e-06	6.255482e-10	3.885005e-09	5.141092e+00	4.572248e+02
6.800000e-06	5.789435e-10	3.840451e-09	4.758083e+00	4.521659e+02
6.810000e-06	5.323083e-10	3.799129e-09	4.374825e+00	4.470231e+02
6.820000e-06	4.856478e-10	3.758089e-09	3.991357e+00	4.417935e+02
6.830000e-06	4.389863e-10	3.715805e-09	3.607881e+00	4.364742e+02
6.840000e-06	3.923031e-10	3.673718e-09	3.224228e+00	4.310622e+02
6.850000e-06	3.455822e-10	3.629780e-09	2.840264e+00	4.255544e+02
6.860000e-06	2.988626e-10	3.584271e-09	2.456312e+00	4.199479e+02
6.870000e-06	2.521475e-10	3.538007e-09	2.072395e+00	4.142396e+02
6.880000e-06	2.054274e-10	3.489388e-09	1.688439e+00	4.084263e+02
6.890000e-06	1.587144e-10	3.438242e-09	1.304542e+00	4.025052e+02
6.900000e-06	1.120172e-10	3.391521e-09	9.207742e-01	3.964730e+02
6.910000e-06	6.531589e-11	3.346467e-09	5.369712e-01	3.903268e+02
6.920000e-06	1.862843e-11	3.298804e-09	1.532819e-01	3.840636e+02
6.930000e-06	-2.804252e-11	3.248868e-09	-2.302714e-01	3.776804e+02
6.940000e-06	-7.469219e-11	3.196550e-09	-6.136501e-01	3.711742e+02
6.950000e-06	-1.213132e-10	3.143349e-09	-9.967932e-01	3.645423e+02
6.960000e-06	-1.679287e-10	3.087874e-09	-1.379891e+00	3.577818e+02
6.970000e-06	-2.145368e-10	3.031155e-09	-1.762928e+00	3.508899e+02
6.980000e-06	-2.611131e-10	2.973612e-09	-2.145703e+00	3.438641e+02
6.990000e-06	-3.076590e-10	2.915455e-09	-2.528229e+00	3.367018e+02
7.000000e-06	-3.542077e-10	2.855016e-09	-2.910777e+00	3.294006e+02
7.010000e-06	-4.007247e-10	2.792673e-09	-3.293064e+00	3.219581e+02
7.020000e-06	-4.471822e-10	2.730727e-09	-3.674863e+00	3.143724e+02
7.030000e-06	-4.936139e-10	2.669326e-09	-4.056450e+00	3.066412e+02
7.040000e-06	-5.400565e-10	2.609097e-09	-4.438127e+00	2.987629e+02
7.050000e-06	-5.864811e-10	2.545528e-09	-4.819656e+00	2.907356e+02
7.060000e-06	-6.328806e-10	2.477793e-09	-5.200977e+00	2.825580e+02
7.070000e-06	-6.792546e-10	2.406165e-09	-5.582090e+00	2.742287e+02
7.080000e-06	-7.256065e-10	2.332343e-09	-5.963020e+00	2.657467e+02
7.090000e-06	-7.719593e-10	2.260340e-09	-6.343957e+00	2.571111e+02
7.100000e-06	-8.182648e-10	2.187904e-09	-6.724507e+00	2.483212e+02
7.110000e-06	-8.645317e-10	2.114242e-09	-7.104738e+00	2.393768e+02
7.120000e-06	-9.107900e-10	2.041012e-09	-7.484900e+00	2.302777e+02
7.130000e-06	-9.570122e-10	1.966379e-09	-7.864764e+00	2.210240e+02
7.140000e-06	-1.003191e-09	1.886069e-09	-8.244275e+00	2.116161e+02
7.150000e-06	-1.049355e-09	1.800728e-09	-8.623661e+00	2.020548e+02
7.160000e-06	-1.095452e-09	1.714476e-09	-9.002491e+00	1.923411e+02
7.170000e-06	-1.141465e-09	1.630110e-09	-9.380638e+00	1.824762e+02
7.180000e-06	-1.187452e-09	1.548302e-09	-9.758571e+00	1.724617e+02
7.190000e-06	-1.233401e-09	1.466190e-09	-1.013619e+01	1.622997e+02
7.200000e-06	-1.279287e-09	1.380702e-09	-1.051329e+01	1.519922e+02
7.210000e-06	-1.325121e-09	1.291675e-09	-1.088996e+01	1.415420e+02
7.220000e-06	-1.370860e-09	1.201837e-09	-1.126586e+01	1.309517e+02
7.230000e-06	-1.416493e-09	1.108844e-09	-1.164088e+01	1.202247e+02
7.240000e-06	-1.462050e-09	1.012177e-09	-1.201527e+01	1.093645e+02
7.250000e-06	-1.507544e-09	9.136148e-10	-1.238916e+01	9.837499e+01
7.260000e-06	-1.552970e-09	8.162298e-10	-1.276247e+01	8.726027e+01
7.270000e-06	-1.598306e-09	7.191567e-10	-1.313506e+01	7.602489e+01
7.280000e-06	-1.643586e-09	6.193899e-10	-1.350718e+01	6.467367e+01
7.290000e-06	-1.688761e-09	5.176909e-10	-1.387843e+01	5.321175e+01
7.300000e-06	-1.733833e-09	4.153494e-10	-1.424885e+01	4.164457e+01
7.310000e-06	-1.778831e-09	3.152551e-10	-1.461865e+01	2.997785e+01
7.320000e-06	-1.823757e-09	2.155308e-10	-1.498786e+01	1.821764e+01
7.330000e-06	-1.868604e-09	1.130269e-10	-1.535642e+01	6.370211e+00
7.340000e-06	-1.913354e-09	6.665241e-12	-1.572420e+01	-5.557857e+00
7.350000e-06	-1.958031e-09	-9.954840e-11	-1.609136e+01	-1.755976e+01
7.360000e-06	-2.002638e-09	-2.040877e-10	-1.645795e+01	-2.962843e+01
7.370000e-06	-2.047169e-09	-3.096156e-10	-1.682392e+01	-4.175662e+01
7.380000e-06	-2.091630e-09	-4.175103e-10	-1.718931e+01	-5.393685e+01
7.390000e-06	-2.136016e-09	-5.268400e-10	-1.755409e+01	-6.616145e+01
7.400000e-06	-2.180330e-09	-6.327971e-10	-1.791828e+01	-7.842259e+01
7.410000e-06	-2.224606e-09	-7.362753e-10	-1.828214e+01	-9.071232e+01
7.420000e-06	-2.268809e-09	-8.422968e-10	-1.864542e+01	-1.030225e+02
7.430000e-06	-2.312931e-09	-9.523998e-10	-1.900802e+01	-1.153450e+02
7.440000e-06	-2.356989e-09	-1.063940e-09	-1.937010e+01	-1.276714e+02
7.450000e-06	-2.400969e-09	-1.172866e-09	-1.973154e+01	-1.399935e+02
7.460000e-06	-2.444876e-09	-1.280119e-09	-2.009238e+01	-1.523028e+02
7.470000e-06	-2.488712e-09	-1.387383e-09	-2.045263e+01	-1.645910e+02
7.480000e-06	-2.532464e-09	-1.494605e-09	-2.081220e+01	-1.768497e+02
7.490000e-06	-2.576108e-09	-1.599638e-09	-2.117088e+01	-1.890705e+02
7.500000e-06	-2.619665e-09	-1.701158e-09	-2.152884e+01	-2.012451e+02
7.510000e-06	-2.663140e-09	-1.801530e-09	-2.188613e+01	-2.133653e+02
7.520000e-06	-2.706518e-09	-1.903544e-09	-2.224262e+01	-2.254231e+02
7.530000e-06	-2.749782e-09	-2.008541e-09	-2.259817e+01	-2.374104e+02
7.540000e-06	-2.792940e-09	-2.113498e-09	-2.295285e+01	-2.493195e+02
7.550000e-06	-2.835983e-09	-2.216905e-09	-2.330659e+01	-2.611428e+02
7.560000e-06	-2.878872e-09	-2.318247e-09	-2.365906e+01	-2.728727e+02
7.570000e-06	-2.921633e-09	-2.418936e-09	-2.401048e+01	-2.845022e+02
7.580000e-06	-2.964276e-09	-2.517539e-09	-2.436093e+01	-2.960242e+02
7.590000e-06	-3.006789e-09	-2.612450e-09	-2.471032e+01	-3.074321e+02
7.600000e-06	-3.049143e-09	-2.704866e-09	-2.505838e+01	-3.187195e+02
7.610000e-06	-3.091321e-09	-2.795700e-09	-2.540502e+01	-3.298802e+02
7.620000e-06	-3.133335e-09	-2.888153e-09	-2.575030e+01	-3.409085e+02
7.630000e-06	-3.175181e-09	-2.980628e-09	-2.609420e+01	-3.517988e+02
7.640000e-06	-3.216876e-09	-3.071788e-09	-2.643686e+01	-3.625462e+02
7.650000e-06	-3.258419e-09	-3.162081e-09	-2.677827e+01	-3.731459e+02
7.660000e-06	-3.299813e-09	-3.251804e-09	-2.711845e+01	-3.835935e+02
7.670000e-06	-3.341078e-09	-3.339105e-09	-2.745757e+01	-3.938849e+02
7.680000e-06	-3.382182e-09	-3.423326e-09	-2.779538e+01	-4.040167e+02
7.690000e-06	-3.423151e-09	-3.506403e-09	-2.813207e+01	-4.139856e+02
7.700000e-06	-3.464015e-09	-3.589231e-09	-2.846790e+01	-4.237887e+02
7.710000e-06	-3.504724e-09	-3.670310e-09	-2.880246e+01	-4.334238e+02
7.720000e-06	-3.545297e-09	-3.750081e-09	-2.913590e+01	-4.428887e+02
7.730000e-06	-3.585745e-09	-3.828986e-09	-2.946831e+01	-4.521819e+02
7.740000e-06	-3.626056e-09	-3.907171e-09	-2.979960e+01	-4.613022e+02
7.750000e-06	-3.666263e-09	-3.985520e-09	-3.013003e+01	-4.702488e+02
7.760000e-06	-3.706353e-09	-4.062060e-09	-3.045950e+01	-4.790213e+02
7.770000e-06	-3.746330e-09	-4.137266e-09	-3.078804e+01	-4.876195e+02
7.780000e-06	-3.786200e-09	-4.208868e-09	-3.111570e+01	-4.960440e+02
7.790000e-06	-3.825942e-09	-4.276881e-09	-3.144231e+01	-5.042954e+02
7.800000e-06	-3.865522e-09	-4.344236e-09	-3.176759e+01	-5.123747e+02
7.810000e-06	-3.904928e-09	-4.409881e-09	-3.209144e+01	-5.202833e+02
7.820000e-06	-3.944123e-09	-4.474119e-09	-3.241355e+01	-5.280230e+02
7.830000e-06	-3.983073e-09	-4.536785e-09	-3.273365e+01	-5.355957e+02
7.840000e-06	-4.021792e-09	-4.600305e-09	-3.305185e+01	-5.430039e+02
7.850000e-06	-4.060255e-09	-4.664997e-09	-3.336795e+01	-5.502499e+02
7.860000e-06	-4.098421e-09	-4.729282e-09	-3.368160e+01	-5.573368e+02
7.870000e-06	-4.136270e-09	-4.789689e-09	-3.399266e+01	-5.642674e+02
7.880000e-06	-4.173828e-09	-4.846311e-09	-3.430131e+01	-5.710452e+02
7.890000e-06	-4.211090e-09	-4.904666e-09	-3.460754e+01	-5.776735e+02
7.900000e-06	-4.248089e-09	-4.964470e-09	-3.491161e+01	-5.841559e+02
7.910000e-06	-4.284892e-09	-5.019447e-09	-3.521407e+01	-5.904963e+02
7.920000e-06	-4.321481e-09	-5.066510e-09	-3.551476e+01	-5.966985e+02
7.930000e-06	-4.357849e-09	-5.113853e-09	-3.581364e+01	-6.027665e+02
7.940000e-06	-4.394057e-09	-5.164532e-09	-3.611121e+01	-6.087043e+02
7.950000e-06	-4.430138e-09	-5.217782e-09	-3.640774e+01	-6.145161e+02
7.960000e-06	-4.466078e-09	-5.270989e-09	-3.670310e+01	-6.202059e+02
7.970000e-06	-4.501872e-09	-5.322594e-09	-3.699727e+01	-6.257779e+02
7.980000e-06	-4.537498e-09	-5.371600e-09	-3.729005e+01	-6.312363e+02
7.990000e-06	-4.572939e-09	-5.415529e-09	-3.758131e+01	-6.365852e+02
8.000000e-06	-4.608193e-09	-5.454429e-09	-3.787103e+01	-6.418286e+02
8.010000e-06	-4.643242e-09	-5.488332e-09	-3.815907e+01	-6.469704e+02
8.020000e-06	-4.678078e-09	-5.526656e-09	-3.844537e+01	-6.520146e+02
8.030000e-06	-4.712653e-09	-5.571046e-09	-3.872951e+01	-6.569649e+02
8.040000e-06	-4.747005e-09	-5.618021e-09	-3.901183e+01	-6.618251e+02
8.050000e-06	-4.781150e-09	-5.667110e-09	-3.929244e+01	-6.665985e+02
8.060000e-06	-4.815073e-09	-5.714099e-09	-3.957123e+01	-6.712887e+02
8.070000e-06	-4.848809e-09	-5.757643e-09	-3.984848e+01	-6.758987e+02
8.080000e-06	-4.882347e-09	-5.794509e-09	-4.012410e+01	-6.804317e+02
8.090000e-06	-4.915667e-09	-5.826545e-09	-4.039793e+01	-6.848905e+02
8.100000e-06	-4.948744e-09	-5.855965e-09	-4.066977e+01	-6.892778e+02
8.110000e-06	-4.981605e-09	-5.887385e-09	-4.093983e+01	-6.935960e+02
8.120000e-06	-5.014277e-09	-5.923001e-09	-4.120834e+01	-6.978474e+02
8.130000e-06	-5.046777e-09	-5.960585e-09	-4.147543e+01	-7.020341e+02
8.140000e-06	-5.079084e-09	-5.999672e-09	-4.174094e+01	-7.061580e+02
8.150000e-06	-5.111207e-09	-6.037634e-09	-4.200493e+01	-7.102208e+02
8.160000e-06	-5.143157e-09	-6.074561e-09	-4.226751e+01	-7.142238e+02
8.170000e-06	-5.174936e-09	-6.108200e-09	-4.252867e+01	-7.181685e+02
8.180000e-06	-5.206533e-09	-6.141029e-09	-4.278834e+01	-7.220559e+02
8.190000e-06	-5.237836e-09	-6.174058e-09	-4.304560e+01	-7.258868e+02
8.200000e-06	-5.268777e-09	-6.206430e-09	-4.329988e+01	-7.296620e+02
8.210000e-06	-5.299382e-09	-6.238854e-09	-4.355140e+01	-7.333821e+02
8.220000e-06	-5.329646e-09	-6.269919e-09	-4.380012e+01	-7.370475e+02
8.230000e-06	-5.359512e-09	-6.300282e-09	-4.404556e+01	-7.406583e+02
8.240000e-06	-5.388944e-09	-6.329485e-09	-4.428744e+01	-7.442147e+02
8.250000e-06	-5.418028e-09	-6.358656e-09	-4.452646e+01	-7.477166e+02
8.260000e-06	-5.446817e-09	-6.388914e-09	-4.476305e+01	-7.511639e+02
8.270000e-06	-5.475334e-09	-6.420272e-09	-4.499741e+01	-7.545564e+02
8.280000e-06	-5.503673e-09	-6.448706e-09	-4.523031e+01	-7.578937e+02
8.290000e-06	-5.531840e-09	-6.473993e-09	-4.546180e+01	-7.611754e+02
8.300000e-06	-5.559840e-09	-6.499824e-09	-4.569191e+01	-7.644011e+02
8.310000e-06	-5.587681e-09	-6.524878e-09	-4.592072e+01	-7.675702e+02
8.320000e-06	-5.615315e-09	-6.548462e-09	-4.614782e+01	-7.706823e+02
8.330000e-06	-5.642697e-09	-6.568940e-09	-4.637285e+01	-7.737367e+02
8.340000e-06	-5.669800e-09	-6.591354e-09	-4.659559e+01	-7.767330e+02
8.350000e-06	-5.696632e-09	-6.618941e-09	-4.681610e+01	-7.796706e+02
8.360000e-06	-5.723215e-09	-6.647772e-09	-4.703457e+01	-7.825491e+02
8.370000e-06	-5.749537e-09	-6.673776e-09	-4.725089e+01	-7.853679e+02
8.380000e-06	-5.775606e-09	-6.696172e-09	-4.746513e+01	-7.881267e+02
8.390000e-06	-5.801392e-09	-6.718533e-09	-4.767705e+01	-7.908252e+02
8.400000e-06	-5.826904e-09	-6.741097e-09	-4.788671e+01	-7.934631e+02
8.410000e-06	-5.852133e-09	-6.763428e-09	-4.809405e+01	-7.960403e+02
8.420000e-06	-5.877066e-09	-6.784858e-09	-4.829896e+01	-7.985567e+02
8.430000e-06	-5.901772e-09	-6.807531e-09	-4.850199e+01	-8.010124e+02
8.440000e-06	-5.926284e-09	-6.831562e-09	-4.870344e+01	-8.034075e+02
8.450000e-06	-5.950607e-09	-6.853807e-09	-4.890333e+01	-8.057424e+02
8.460000e-06	-5.974765e-09	-6.874963e-09	-4.910187e+01	-8.080175e+02
8.470000e-06	-5.998779e-09	-6.894583e-09	-4.929923e+01	-8.102332e+02
8.480000e-06	-6.022621e-09	-6.913657e-09	-4.949516e+01	-8.123904e+02
8.490000e-06	-6.046226e-09	-6.933207e-09	-4.968916e+01	-8.144897e+02
8.500000e-06	-6.069517e-09	-6.952016e-09	-4.988057e+01	-8.165322e+02
8.510000e-06	-6.092433e-09	-6.971527e-09	-5.006890e+01	-8.185190e+02
8.520000e-06	-6.114944e-09	-6.990783e-09	-5.025390e+01	-8.204511e+02
8.530000e-06	-6.137053e-09	-7.008189e-09	-5.043560e+01	-8.223301e+02
8.540000e-06	-6.158684e-09	-7.023739e-09	-5.061337e+01	-8.241572e+02
8.550000e-06	-6.179841e-09	-7.039439e-09	-5.078724e+01	-8.259341e+02
8.560000e-06	-6.200645e-09	-7.058634e-09	-5.095822e+01	-8.276625e+02
8.570000e-06	-6.221175e-09	-7.080761e-09	-5.112694e+01	-8.293440e+02
8.580000e-06	-6.241467e-09	-7.101432e-09	-5.129370e+01	-8.309806e+02
8.590000e-06	-6.261571e-09	-7.118439e-09	-5.145892e+01	-8.325741e+02
8.600000e-06	-6.281527e-09	-7.133230e-09	-5.162292e+01	-8.341266e+02
8.610000e-06	-6.301286e-09	-7.146425e-09	-5.178531e+01	-8.356400e+02
8.620000e-06	-6.320778e-09	-7.158433e-09	-5.194550e+01	-8.371166e+02
8.630000e-06	-6.339963e-09	-7.171828e-09	-5.210317e+01	-8.385583e+02
8.640000e-06	-6.358845e-09	-7.186846e-09	-5.225835e+01	-8.399673e+02
8.650000e-06	-6.377466e-09	-7.201253e-09	-5.241138e+01	-8.413457e+02
8.660000e-06	-6.395813e-09	-7.217085e-09	-5.256216e+01	-8.426956e+02
8.670000e-06	-6.413899e-09	-7.234875e-09	-5.271080e+01	-8.440190e+02
8.680000e-06	-6.431736e-09	-7.250878e-09	-5.285739e+01	-8.453181e+02
8.690000e-06	-6.449282e-09	-7.263877e-09	-5.300159e+01	-8.465947e+02
8.700000e-06	-6.466524e-09	-7.275337e-09	-5.314329e+01	-8.478508e+02
8.710000e-06	-6.483442e-09	-7.288597e-09	-5.328232e+01	-8.490881e+02
8.720000e-06	-6.500085e-09	-7.302534e-09	-5.341910e+01	-8.503083e+02
8.730000e-06	-6.516511e-09	-7.315803e-09	-5.355409e+01	-8.515131e+02
8.740000e-06	-6.532741e-09	-7.328229e-09	-5.368748e+01	-8.527039e+02
8.750000e-06	-6.548795e-09	-7.337928e-09	-5.381941e+01	-8.538820e+02
8.760000e-06	-6.564629e-09	-7.348601e-09	-5.394954e+01	-8.550486e+02
8.770000e-06	-6.580143e-09	-7.360152e-09	-5.407704e+01	-8.562048e+02
8.780000e-06	-6.595270e-09	-7.369424e-09	-5.420136e+01	-8.573513e+02
8.790000e-06	-6.609914e-09	-7.376031e-09	-5.432170e+01	-8.584889e+02
8.800000e-06	-6.624017e-09	-7.381328e-09	-5.443760e+01	-8.596181e+02
8.810000e-06	-6.637651e-09	-7.388120e-09	-5.454966e+01	-8.607392e+02
8.820000e-06	-6.650813e-09	-7.396133e-09	-5.465783e+01	-8.618523e+02
8.830000e-06	-6.663583e-09	-7.406590e-09	-5.476277e+01	-8.629573e+02
8.840000e-06	-6.676076e-09	-7.417554e-09	-5.486545e+01	-8.640541e+02
8.850000e-06	-6.688290e-09	-7.427276e-09	-5.496582e+01	-8.651421e+02
8.860000e-06	-6.700213e-09	-7.435378e-09	-5.506381e+01	-8.662207e+02
8.870000e-06	-6.711845e-09	-7.441111e-09	-5.515941e+01	-8.672891e+02
8.880000e-06	-6.723159e-09	-7.447373e-09	-5.525239e+01	-8.683463e+02
8.890000e-06	-6.734126e-09	-7.453219e-09	-5.534252e+01	-8.693911e+02
8.900000e-06	-6.744766e-09	-7.459066e-09	-5.542996e+01	-8.704222e+02
8.910000e-06	-6.755119e-09	-7.464502e-09	-5.551504e+01	-8.714379e+02
8.920000e-06	-6.765214e-09	-7.470228e-09	-5.559801e+01	-8.724366e+02
8.930000e-06	-6.775065e-09	-7.476007e-09	-5.567896e+01	-8.734166e+02
8.940000e-06	-6.784580e-09	-7.479250e-09	-5.575716e+01	-8.743758e+02
8.950000e-06	-6.793723e-09	-7.482273e-09	-5.583231e+01	-8.753121e+02
8.960000e-06	-6.802565e-09	-7.485743e-09	-5.590497e+01	-8.762235e+02
8.970000e-06	-6.811147e-09	-7.490522e-09	-5.597550e+01	-8.771075e+02
8.980000e-06	-6.819508e-09	-7.496148e-09	-5.604421e+01	-8.779618e+02
8.990000e-06	-6.827677e-09	-7.500037e-09	-5.611135e+01	-8.787841e+02
9.000000e-06	-6.835624e-09	-7.502502e-09	-5.617666e+01	-8.795718e+02
9.010000e-06	-6.843341e-09	-7.505661e-09	-5.624008e+01	-8.803225e+02
9.020000e-06	-6.850771e-09	-7.508774e-09	-5.630115e+01	-8.810336e+02
9.030000e-06	-6.857791e-09	-7.508038e-09	-5.635883e+01	-8.817027e+02
9.040000e-06	-6.864353e-09	-7.505607e-09	-5.641277e+01	-8.823272e+02
9.050000e-06	-6.870424e-09	-7.504649e-09	-5.646267e+01	-8.829047e+02
9.060000e-06	-6.875954e-09	-7.507543e-09	-5.650811e+01	-8.834329e+02
9.070000e-06	-6.881031e-09	-7.511736e-09	-5.654983e+01	-8.839094e+02
9.080000e-06	-6.885750e-09	-7.515057e-09	-5.658862e+01	-8.843321e+02
9.090000e-06	-6.890181e-09	-7.519154e-09	-5.662503e+01	-8.846988e+02
9.100000e-06	-6.894434e-09	-7.523090e-09	-5.665998e+01	-8.850075e+02
9.110000e-06	-6.898524e-09	-7.525986e-09	-5.669360e+01	-8.852564e+02
9.120000e-06	-6.902428e-09	-7.524135e-09	-5.672569e+01	-8.854438e+02
9.130000e-06	-6.906097e-09	-7.519264e-09	-5.675584e+01	-8.855682e+02
9.140000e-06	-6.909433e-09	-7.517059e-09	-5.678326e+01	-8.856282e+02
9.150000e-06	-6.912423e-09	-7.520361e-09	-5.680783e+01	-8.856227e+02
9.160000e-06	-6.915099e-09	-7.526803e-09	-5.682983e+01	-8.855507e+02
9.170000e-06	-6.917504e-09	-7.532792e-09	-5.684959e+01	-8.854116e+02
9.180000e-06	-6.919673e-09	-7.537601e-09	-5.686741e+01	-8.852047e+02
9.190000e-06	-6.921621e-09	-7.539817e-09	-5.688342e+01	-8.849297e+02
9.200000e-06	-6.923217e-09	-7.538036e-09	-5.689655e+01	-8.845867e+02
9.210000e-06	-6.924371e-09	-7.532213e-09	-5.690603e+01	-8.841758e+02
9.220000e-06	-6.925224e-09	-7.525165e-09	-5.691304e+01	-8.836973e+02
9.230000e-06	-6.925848e-09	-7.521881e-09	-5.691817e+01	-8.831519e+02
